
Cycle found:
------------
554400424321205135031415253011022334
------------
Valid sequence 


NORMALIZED NEURAL MODEL:
-1.000000 -1.000000 -1.000000 -1.000000 -1.000000 -1.000000 
-1.000000 0.000000 0.392857 0.571429 0.773810 1.000000 
-1.000000 -1.000000 0.000000 0.178571 0.380952 0.607143 
-1.000000 -1.000000 -1.000000 0.000000 0.202381 0.428571 
-1.000000 -1.000000 -1.000000 -1.000000 0.000000 0.226190 
-1.000000 -1.000000 -1.000000 -1.000000 -1.000000 0.000000 

NORMALIZED GUIDE FUNCTION:
0 0.0611113 0.124776 0.190321 0.257064 0.324317 0.391399 0.457637 0.522376 0.584989 0.644878 0.701482 0.754284 0.802816 0.846662 0.885462 0.918917 0.946791 0.96891 0.985167 0.995523 1 0.998688 0.991737 0.979358 0.96182 0.939443 0.912596 0.881691 0.847181 0.809548 0.769303 0.726975 0.683109 0.638256 0.592966 


BIN SEQUENCE:
1 1 1 1 1 1 2 2 2 2 3 3 3 4 4 4 5 5 5 6 6 6 6 6 6 5 5 5 4 4 4 3 3 3 2 2 


SEQUENCE OF PREFERRED BINS:
11  11  11  11  11  11  22  22  22  22  33  33  33  44  44  44  55  55  55  66  66  66  66  66  66  55  55  55  44  44  ...
22  22  22  22  22  22  31  31  31  31  42  42  42  53  53  53  64  64  64  55  55  55  55  55  55  64  64  64  53  53  ...
33  33  33  33  33  33  44  44  44  44  51  51  51  62  62  62  33  33  33  44  44  44  44  44  44  33  33  33  62  62  ...
44  44  44  44  44  44  55  55  55  55  66  66  66  11  11  11  22  22  22  33  33  33  33  33  33  22  22  22  11  11  ...
55  55  55  55  55  55  66  66  66  66  00  00  00  00  00  00  11  11  11  22  22  22  22  22  22  11  11  11  00  00  ...
66  66  66  66  66  66  00  00  00  00  00  00  00  00  00  00  00  00  00  11  11  11  11  11  11  00  00  00  00  00  ...


BIN ALLOCATION OF DISTANCES:
2 2 3 6 2 3 
5 1 3 5 6 6 
5 4 1 1 3 5 
3 4 2 1 2 5 
3 6 4 6 1 2 
5 4 6 4 4 1 


BINS USED:
1 4 1 3 2 2 4 3 6 2 4 3 5 3 4 5 5 5 6 4 6 6 6 6 5 4 3 2 1 5 3 1 1 1 2 0 


TRANSITION SEQUENCE:
0 -1 0 -1 -1 -1 -1 0.380952 -1 -1 -1 0.392857 -1 -1 -1 0.571429 0.428571 -1 -1 -1 0.77381 -1 1 -1 0.607143 -1 -1 -1 0 -1 -1 0 0.178571 0 0.202381 0 


CORRELATION COEFFICIENT:          0.396388
DETECTION POWER:                  0.619804

