
Cycle found:
------------
041122334455320131514300502524035421
------------
Valid sequence 


NORMALIZED NEURAL MODEL:
-1.000000 -1.000000 -1.000000 -1.000000 -1.000000 -1.000000 
-1.000000 0.000000 0.392857 0.571429 0.773810 1.000000 
-1.000000 -1.000000 0.000000 0.178571 0.380952 0.607143 
-1.000000 -1.000000 -1.000000 0.000000 0.202381 0.428571 
-1.000000 -1.000000 -1.000000 -1.000000 0.000000 0.226190 
-1.000000 -1.000000 -1.000000 -1.000000 -1.000000 0.000000 

NORMALIZED GUIDE FUNCTION:
0.293207 0.225648 0.165388 0.113444 0.0706471 0.037618 0.0147561 0.00223395 0 0.00778773 0.0251316 0.0513882 0.0857614 0.127331 0.175082 0.227935 0.284776 0.344483 0.405951 0.468114 0.529962 0.590554 0.649034 0.70463 0.756666 0.804558 0.847821 0.886062 0.918985 0.946387 0.968158 0.984282 0.994835 0.999986 1 0.99523 


BIN SEQUENCE:
3 3 2 2 2 1 1 1 1 1 1 2 2 2 3 3 3 3 4 4 4 4 4 4 5 5 5 5 5 5 6 6 6 6 6 6 


SEQUENCE OF PREFERRED BINS:
33  33  22  22  22  11  11  11  11  11  11  22  22  22  33  33  33  33  44  44  44  44  44  44  55  55  55  55  55  55  ...
42  42  31  31  31  22  22  22  22  22  22  31  31  31  42  42  42  42  53  53  53  53  53  53  64  64  64  64  64  64  ...
51  51  44  44  44  33  33  33  33  33  33  44  44  44  51  51  51  51  62  62  62  62  62  62  33  33  33  33  33  33  ...
66  66  55  55  55  44  44  44  44  44  44  55  55  55  66  66  66  66  11  11  11  11  11  11  22  22  22  22  22  22  ...
00  00  66  66  66  55  55  55  55  55  55  66  66  66  00  00  00  00  00  00  00  00  00  00  11  11  11  11  11  11  ...
00  00  00  00  00  66  66  66  66  66  66  00  00  00  00  00  00  00  00  00  00  00  00  00  00  00  00  00  00  00  ...


BIN ALLOCATION OF DISTANCES:
4 3 6 2 3 6 
3 1 5 5 6 6 
3 4 1 1 4 5 
4 2 2 1 2 5 
6 3 3 4 1 2 
5 4 5 2 6 1 


BINS USED:
3 3 1 5 1 1 1 2 1 2 1 2 2 3 3 5 2 6 4 6 4 4 4 6 5 6 5 5 4 6 2 5 6 3 4 0 


TRANSITION SEQUENCE:
-1 -1 0 0.392857 0 0.178571 0 0.202381 0 0.22619 0 -1 -1 -1 -1 0.571429 -1 1 -1 0.77381 -1 -1 -1 -1 -1 -1 0.607143 -1 0.380952 -1 -1 0.428571 -1 -1 -1 0 


CORRELATION COEFFICIENT:          0.22796
DETECTION POWER:                  0.60936

