
Cycle found:
------------
311055334452350121514254132430040220
------------
Valid sequence 


NORMALIZED NEURAL MODEL:
-1.000000 -1.000000 -1.000000 -1.000000 -1.000000 -1.000000 
-1.000000 0.000000 0.392857 0.571429 0.773810 1.000000 
-1.000000 -1.000000 0.000000 0.178571 0.380952 0.607143 
-1.000000 -1.000000 -1.000000 0.000000 0.202381 0.428571 
-1.000000 -1.000000 -1.000000 -1.000000 0.000000 0.226190 
-1.000000 -1.000000 -1.000000 -1.000000 -1.000000 0.000000 

NORMALIZED GUIDE FUNCTION:
0 0.0299011 0.0664575 0.109213 0.157604 0.210969 0.268556 0.329531 0.392993 0.457986 0.523512 0.588546 0.652054 0.713009 0.770402 0.823265 0.870683 0.911811 0.945884 0.972238 0.990313 0.999671 1 0.991121 0.972996 0.945727 0.909556 0.86487 0.812187 0.752158 0.685556 0.613264 0.536265 0.45563 0.372498 0.288063 


BIN SEQUENCE:
1 1 1 1 1 1 2 2 2 3 3 3 3 4 4 4 5 5 5 6 6 6 6 6 6 5 5 5 4 4 4 3 3 2 2 2 


SEQUENCE OF PREFERRED BINS:
11  11  11  11  11  11  22  22  22  33  33  33  33  44  44  44  55  55  55  66  66  66  66  66  66  55  55  55  44  44  ...
22  22  22  22  22  22  31  31  31  42  42  42  42  53  53  53  64  64  64  55  55  55  55  55  55  64  64  64  53  53  ...
33  33  33  33  33  33  44  44  44  51  51  51  51  62  62  62  33  33  33  44  44  44  44  44  44  33  33  33  62  62  ...
44  44  44  44  44  44  55  55  55  66  66  66  66  11  11  11  22  22  22  33  33  33  33  33  33  22  22  22  11  11  ...
55  55  55  55  55  55  66  66  66  00  00  00  00  00  00  00  11  11  11  22  22  22  22  22  22  11  11  11  00  00  ...
66  66  66  66  66  66  00  00  00  00  00  00  00  00  00  00  00  00  00  11  11  11  11  11  11  00  00  00  00  00  ...


BIN ALLOCATION OF DISTANCES:
5 4 6 1 2 1 
2 1 4 4 5 5 
2 5 1 3 3 4 
6 1 6 2 3 4 
1 4 6 2 2 3 
5 6 5 3 6 3 


BINS USED:
1 1 2 1 3 3 2 3 2 3 5 3 4 5 4 4 5 5 6 5 6 4 6 4 4 6 3 2 6 5 2 1 6 1 2 0 


TRANSITION SEQUENCE:
-1 0 -1 -1 0 -1 0 0.202381 0 0.22619 -1 0.178571 0.428571 -1 -1 0.392857 -1 1 -1 0.77381 -1 0.607143 -1 -1 0.571429 -1 0.380952 -1 -1 -1 -1 -1 -1 0 -1 0 


CORRELATION COEFFICIENT:          0.564888
DETECTION POWER:                  0.617197

