
Cycle found:
------------
310043054455221124251415013534020332
------------
Valid sequence 


NORMALIZED NEURAL MODEL:
-1.000000 -1.000000 -1.000000 -1.000000 -1.000000 -1.000000 
-1.000000 0.000000 0.392857 0.571429 0.773810 1.000000 
-1.000000 -1.000000 0.000000 0.178571 0.380952 0.607143 
-1.000000 -1.000000 -1.000000 0.000000 0.202381 0.428571 
-1.000000 -1.000000 -1.000000 -1.000000 0.000000 0.226190 
-1.000000 -1.000000 -1.000000 -1.000000 -1.000000 0.000000 

NORMALIZED GUIDE FUNCTION:
0 0.0323061 0.0675148 0.105375 0.145617 0.187951 0.232076 0.277673 0.324415 0.371965 0.419981 0.468115 0.51602 0.563348 0.609757 0.65491 0.698476 0.74014 0.779595 0.816554 0.850744 0.881914 0.909831 0.93429 0.955105 0.972121 0.985206 0.994258 0.999204 1 0.996631 0.989112 0.97749 0.961839 0.942264 0.918896 


BIN SEQUENCE:
1 1 1 1 1 1 2 2 2 2 2 2 3 3 3 3 3 3 4 4 4 4 4 5 5 5 6 6 6 6 6 6 5 5 5 4 


SEQUENCE OF PREFERRED BINS:
11  11  11  11  11  11  22  22  22  22  22  22  33  33  33  33  33  33  44  44  44  44  44  55  55  55  66  66  66  66  ...
22  22  22  22  22  22  31  31  31  31  31  31  42  42  42  42  42  42  53  53  53  53  53  64  64  64  55  55  55  55  ...
33  33  33  33  33  33  44  44  44  44  44  44  51  51  51  51  51  51  62  62  62  62  62  33  33  33  44  44  44  44  ...
44  44  44  44  44  44  55  55  55  55  55  55  66  66  66  66  66  66  11  11  11  11  11  22  22  22  33  33  33  33  ...
55  55  55  55  55  55  66  66  66  66  66  66  00  00  00  00  00  00  00  00  00  00  00  11  11  11  22  22  22  22  ...
66  66  66  66  66  66  00  00  00  00  00  00  00  00  00  00  00  00  00  00  00  00  00  00  00  00  11  11  11  11  ...


BIN ALLOCATION OF DISTANCES:
1 5 4 4 2 3 
1 2 5 6 6 6 
1 2 2 4 5 6 
1 1 2 3 4 5 
6 6 5 1 3 4 
5 4 3 3 2 3 


BINS USED:
1 1 1 2 1 1 3 2 3 4 3 3 2 2 2 5 5 5 6 4 6 6 6 5 5 6 5 3 4 6 4 1 4 3 2 0 


TRANSITION SEQUENCE:
-1 -1 -1 -1 -1 -1 -1 -1 0 0.22619 0 -1 0 -1 0 0.392857 0.380952 -1 0.607143 -1 0.77381 -1 1 -1 -1 0.571429 0.428571 -1 0.202381 -1 -1 -1 -1 0 -1 0 


CORRELATION COEFFICIENT:          0.194383
DETECTION POWER:                  0.58457

