
Cycle found:
------------
344551102240042120135430531415250332
------------
Valid sequence 


NORMALIZED NEURAL MODEL:
-1.000000 -1.000000 -1.000000 -1.000000 -1.000000 -1.000000 
-1.000000 0.000000 0.392857 0.571429 0.773810 1.000000 
-1.000000 -1.000000 0.000000 0.178571 0.380952 0.607143 
-1.000000 -1.000000 -1.000000 0.000000 0.202381 0.428571 
-1.000000 -1.000000 -1.000000 -1.000000 0.000000 0.226190 
-1.000000 -1.000000 -1.000000 -1.000000 -1.000000 0.000000 

NORMALIZED GUIDE FUNCTION:
0.0775615 0.055263 0.0365333 0.0215282 0.0103763 0.00317692 0 0.000885112 0.00584116 0.0148462 0.0278475 0.0447619 0.0654762 0.089848 0.117707 0.148855 0.183069 0.220102 0.259684 0.301526 0.345319 0.390739 0.437449 0.4851 0.533335 0.581792 0.630104 0.677905 0.724831 0.770523 0.814631 0.856814 0.896745 0.934112 0.968621 1 


BIN SEQUENCE:
3 2 2 2 1 1 1 1 1 1 2 2 2 3 3 3 3 3 4 4 4 4 4 4 5 5 5 5 5 5 6 6 6 6 6 6 


SEQUENCE OF PREFERRED BINS:
33  22  22  22  11  11  11  11  11  11  22  22  22  33  33  33  33  33  44  44  44  44  44  44  55  55  55  55  55  55  ...
42  31  31  31  22  22  22  22  22  22  31  31  31  42  42  42  42  42  53  53  53  53  53  53  64  64  64  64  64  64  ...
51  44  44  44  33  33  33  33  33  33  44  44  44  51  51  51  51  51  62  62  62  62  62  62  33  33  33  33  33  33  ...
66  55  55  55  44  44  44  44  44  44  55  55  55  66  66  66  66  66  11  11  11  11  11  11  22  22  22  22  22  22  ...
00  66  66  66  55  55  55  55  55  55  66  66  66  00  00  00  00  00  00  00  00  00  00  00  11  11  11  11  11  11  ...
00  00  00  00  66  66  66  66  66  66  00  00  00  00  00  00  00  00  00  00  00  00  00  00  00  00  00  00  00  00  ...


BIN ALLOCATION OF DISTANCES:
3 4 3 6 4 6 
2 1 4 4 5 5 
5 3 1 2 3 5 
5 6 1 1 2 4 
3 6 1 5 2 2 
3 1 6 6 4 2 


BINS USED:
2 2 2 2 1 1 2 3 1 3 3 3 4 1 3 4 5 4 4 4 4 5 5 6 6 6 5 6 5 6 5 3 6 1 1 0 


TRANSITION SEQUENCE:
0.202381 0 0.22619 0 -1 0 -1 -1 0 0.380952 -1 -1 -1 -1 -1 0.392857 -1 -1 0.571429 0.428571 -1 -1 -1 -1 -1 -1 0.77381 -1 1 -1 0.607143 -1 -1 0 -1 0 


CORRELATION COEFFICIENT:          0.21828
DETECTION POWER:                  0.59708

