
Cycle found:
------------
223344550435131541425302401211005203
------------
Valid sequence 


NORMALIZED NEURAL MODEL:
-1.000000 -1.000000 -1.000000 -1.000000 -1.000000 -1.000000 
-1.000000 0.000000 0.392857 0.571429 0.773810 1.000000 
-1.000000 -1.000000 0.000000 0.178571 0.380952 0.607143 
-1.000000 -1.000000 -1.000000 0.000000 0.202381 0.428571 
-1.000000 -1.000000 -1.000000 -1.000000 0.000000 0.226190 
-1.000000 -1.000000 -1.000000 -1.000000 -1.000000 0.000000 

NORMALIZED GUIDE FUNCTION:
0 0.0911936 0.18228 0.272327 0.360422 0.445679 0.52725 0.604334 0.676184 0.742118 0.801521 0.853855 0.898664 0.935577 0.964312 0.984678 0.996576 1 0.995036 0.981859 0.960731 0.931998 0.896083 0.853482 0.804756 0.750526 0.691464 0.628285 0.561735 0.492591 0.42164 0.349681 0.277505 0.205897 0.135618 0.0674008 


BIN SEQUENCE:
1 1 1 2 2 2 3 3 3 4 4 5 5 5 6 6 6 6 6 6 5 5 5 4 4 4 4 3 3 3 2 2 2 1 1 1 


SEQUENCE OF PREFERRED BINS:
11  11  11  22  22  22  33  33  33  44  44  55  55  55  66  66  66  66  66  66  55  55  55  44  44  44  44  33  33  33  ...
22  22  22  31  31  31  42  42  42  53  53  64  64  64  55  55  55  55  55  55  64  64  64  53  53  53  53  42  42  42  ...
33  33  33  44  44  44  51  51  51  62  62  33  33  33  44  44  44  44  44  44  33  33  33  62  62  62  62  51  51  51  ...
44  44  44  55  55  55  66  66  66  11  11  22  22  22  33  33  33  33  33  33  22  22  22  11  11  11  11  66  66  66  ...
55  55  55  66  66  66  00  00  00  00  00  11  11  11  22  22  22  22  22  22  11  11  11  00  00  00  00  00  00  00  ...
66  66  66  00  00  00  00  00  00  00  00  00  00  00  11  11  11  11  11  11  00  00  00  00  00  00  00  00  00  00  ...


BIN ALLOCATION OF DISTANCES:
2 3 6 1 3 3 
3 1 4 5 6 6 
3 3 1 2 4 6 
6 5 1 2 2 5 
4 6 5 4 2 4 
4 5 1 1 5 2 


BINS USED:
1 2 2 2 2 4 2 4 3 4 5 5 5 5 6 5 6 6 5 6 1 6 6 4 4 3 4 3 1 3 2 3 1 3 1 0 


TRANSITION SEQUENCE:
0 0.178571 0 0.202381 0 0.22619 0 -1 -1 -1 0.428571 -1 0.571429 -1 1 -1 -1 0.77381 -1 0.607143 -1 -1 -1 0.380952 -1 -1 0.392857 -1 0 -1 -1 -1 -1 -1 -1 0 


CORRELATION COEFFICIENT:          0.598515
DETECTION POWER:                  0.60185

