
Cycle found:
------------
011054455034042432135315141252002233
------------
Valid sequence 


NORMALIZED NEURAL MODEL:
-1.000000 -1.000000 -1.000000 -1.000000 -1.000000 -1.000000 
-1.000000 0.000000 0.392857 0.571429 0.773810 1.000000 
-1.000000 -1.000000 0.000000 0.178571 0.380952 0.607143 
-1.000000 -1.000000 -1.000000 0.000000 0.202381 0.428571 
-1.000000 -1.000000 -1.000000 -1.000000 0.000000 0.226190 
-1.000000 -1.000000 -1.000000 -1.000000 -1.000000 0.000000 

NORMALIZED GUIDE FUNCTION:
0 0.0262609 0.0567857 0.0912547 0.129313 0.170573 0.214622 0.261021 0.309314 0.359031 0.409693 0.460816 0.511917 0.562517 0.612148 0.660356 0.706706 0.750785 0.792207 0.830615 0.865686 0.897132 0.924704 0.948192 0.967428 0.982288 0.992688 0.998591 1 0.996962 0.989566 0.97794 0.962248 0.942694 0.91951 0.892963 


BIN SEQUENCE:
1 1 1 1 1 1 2 2 2 2 2 2 3 3 3 3 3 3 4 4 4 4 5 5 5 6 6 6 6 6 6 5 5 5 4 4 


SEQUENCE OF PREFERRED BINS:
11  11  11  11  11  11  22  22  22  22  22  22  33  33  33  33  33  33  44  44  44  44  55  55  55  66  66  66  66  66  ...
22  22  22  22  22  22  31  31  31  31  31  31  42  42  42  42  42  42  53  53  53  53  64  64  64  55  55  55  55  55  ...
33  33  33  33  33  33  44  44  44  44  44  44  51  51  51  51  51  51  62  62  62  62  33  33  33  44  44  44  44  44  ...
44  44  44  44  44  44  55  55  55  55  55  55  66  66  66  66  66  66  11  11  11  11  22  22  22  33  33  33  33  33  ...
55  55  55  55  55  55  66  66  66  66  66  66  00  00  00  00  00  00  00  00  00  00  11  11  11  22  22  22  22  22  ...
66  66  66  66  66  66  00  00  00  00  00  00  00  00  00  00  00  00  00  00  00  00  00  00  00  11  11  11  11  11  ...


BIN ALLOCATION OF DISTANCES:
5 1 4 3 4 3 
2 1 3 5 6 6 
3 3 1 2 3 6 
6 5 4 1 2 5 
4 6 4 4 1 2 
2 5 6 5 1 2 


BINS USED:
1 1 2 3 1 1 2 2 2 3 2 4 4 4 3 4 4 3 5 5 5 5 6 5 6 6 3 6 6 3 5 4 1 2 1 0 


TRANSITION SEQUENCE:
-1 0 -1 -1 -1 0 0.22619 0 -1 -1 0.202381 -1 -1 -1 0.380952 -1 -1 -1 0.571429 0.428571 -1 -1 1 -1 0.77381 -1 0.392857 0.607143 -1 -1 -1 -1 0 0.178571 0 0 


CORRELATION COEFFICIENT:          0.304905
DETECTION POWER:                  0.609892

