
Cycle found:
------------
223344550532431213525154140301102004
------------
Valid sequence 


NORMALIZED NEURAL MODEL:
-1.000000 -1.000000 -1.000000 -1.000000 -1.000000 -1.000000 
-1.000000 0.000000 0.392857 0.571429 0.773810 1.000000 
-1.000000 -1.000000 0.000000 0.178571 0.380952 0.607143 
-1.000000 -1.000000 -1.000000 0.000000 0.202381 0.428571 
-1.000000 -1.000000 -1.000000 -1.000000 0.000000 0.226190 
-1.000000 -1.000000 -1.000000 -1.000000 -1.000000 0.000000 

NORMALIZED GUIDE FUNCTION:
0 0.0577818 0.116988 0.17721 0.238032 0.299033 0.359793 0.419893 0.47892 0.536468 0.59214 0.645556 0.69635 0.744172 0.788697 0.829621 0.866665 0.899578 0.928136 0.952147 0.971451 0.985918 0.995455 1 0.999527 0.994046 0.983598 0.968262 0.948149 0.923401 0.894197 0.86074 0.823268 0.782043 0.737353 0.689512 


BIN SEQUENCE:
1 1 1 1 1 1 2 2 2 2 2 2 3 3 3 4 4 4 5 5 5 6 6 6 6 6 6 5 5 5 4 4 4 3 3 3 


SEQUENCE OF PREFERRED BINS:
11  11  11  11  11  11  22  22  22  22  22  22  33  33  33  44  44  44  55  55  55  66  66  66  66  66  66  55  55  55  ...
22  22  22  22  22  22  31  31  31  31  31  31  42  42  42  53  53  53  64  64  64  55  55  55  55  55  55  64  64  64  ...
33  33  33  33  33  33  44  44  44  44  44  44  51  51  51  62  62  62  33  33  33  44  44  44  44  44  44  33  33  33  ...
44  44  44  44  44  44  55  55  55  55  55  55  66  66  66  11  11  11  22  22  22  33  33  33  33  33  33  22  22  22  ...
55  55  55  55  55  55  66  66  66  66  66  66  00  00  00  00  00  00  11  11  11  22  22  22  22  22  22  11  11  11  ...
66  66  66  66  66  66  00  00  00  00  00  00  00  00  00  00  00  00  00  00  00  11  11  11  11  11  11  00  00  00  ...


BIN ALLOCATION OF DISTANCES:
4 4 4 6 1 2 
3 1 3 5 5 5 
6 4 1 2 3 5 
5 3 2 1 2 4 
6 6 4 6 1 2 
3 6 5 3 1 2 


BINS USED:
1 2 1 2 1 2 2 3 2 3 2 3 6 3 3 4 5 4 5 5 6 5 1 6 5 6 6 5 4 1 3 4 6 4 1 0 


TRANSITION SEQUENCE:
0 0.178571 0 0.202381 0 0.22619 0 -1 -1 -1 -1 0.380952 -1 -1 0.392857 -1 0.571429 0.428571 -1 0.607143 -1 1 -1 -1 0.77381 -1 -1 -1 -1 0 -1 -1 -1 -1 -1 0 


CORRELATION COEFFICIENT:          0.551193
DETECTION POWER:                  0.602896

