
Cycle found:
------------
422334455432104012413520030251505311
------------
Valid sequence 


NORMALIZED NEURAL MODEL:
-1.000000 -1.000000 -1.000000 -1.000000 -1.000000 -1.000000 
-1.000000 0.000000 0.392857 0.571429 0.773810 1.000000 
-1.000000 -1.000000 0.000000 0.178571 0.380952 0.607143 
-1.000000 -1.000000 -1.000000 0.000000 0.202381 0.428571 
-1.000000 -1.000000 -1.000000 -1.000000 0.000000 0.226190 
-1.000000 -1.000000 -1.000000 -1.000000 -1.000000 0.000000 

NORMALIZED GUIDE FUNCTION:
0 0.0743941 0.148591 0.212855 0.25957 0.284901 0.289569 0.278544 0.259776 0.242243 0.23381 0.239386 0.259856 0.292007 0.329512 0.364708 0.39077 0.403725 0.403818 0.395848 0.388334 0.391654 0.415532 0.466429 0.545435 0.647196 0.760177 0.868297 0.953683 1 0.995717 0.936606 0.826952 0.679156 0.511783 0.346383 


BIN SEQUENCE:
1 1 1 1 2 2 3 2 2 2 1 1 2 3 3 3 4 4 4 4 3 4 4 5 5 5 5 6 6 6 6 6 6 5 5 3 


SEQUENCE OF PREFERRED BINS:
11  11  11  11  22  22  33  22  22  22  11  11  22  33  33  33  44  44  44  44  33  44  44  55  55  55  55  66  66  66  ...
22  22  22  22  31  31  42  31  31  31  22  22  31  42  42  42  53  53  53  53  42  53  53  64  64  64  64  55  55  55  ...
33  33  33  33  44  44  51  44  44  44  33  33  44  51  51  51  62  62  62  62  51  62  62  33  33  33  33  44  44  44  ...
44  44  44  44  55  55  66  55  55  55  44  44  55  66  66  66  11  11  11  11  66  11  11  22  22  22  22  33  33  33  ...
55  55  55  55  66  66  00  66  66  66  55  55  66  00  00  00  00  00  00  00  00  00  00  11  11  11  11  22  22  22  ...
66  66  66  66  00  00  00  00  00  00  66  66  00  00  00  00  00  00  00  00  00  00  00  00  00  00  00  11  11  11  ...


BIN ALLOCATION OF DISTANCES:
5 2 1 2 4 1 
2 1 5 6 6 6 
5 3 1 2 4 6 
5 6 4 1 3 5 
4 6 1 4 2 3 
3 5 4 3 3 2 


BINS USED:
1 1 2 1 3 2 3 2 3 4 4 3 2 4 4 2 5 4 6 6 5 4 5 5 2 5 1 6 5 6 3 1 3 6 1 0 


TRANSITION SEQUENCE:
-1 0 0.178571 0 0.202381 0 0.22619 0 -1 -1 -1 -1 -1 -1 -1 -1 0.392857 0.380952 -1 0.571429 0.428571 -1 -1 -1 -1 -1 -1 0.607143 -1 1 -1 -1 -1 -1 0 0 


CORRELATION COEFFICIENT:          0.462658
DETECTION POWER:                  0.584608

