
Cycle found:
------------
551004533440301243505413142520232211
------------
Valid sequence 


NORMALIZED NEURAL MODEL:
-1.000000 -1.000000 -1.000000 -1.000000 -1.000000 -1.000000 
-1.000000 0.000000 0.392857 0.571429 0.773810 1.000000 
-1.000000 -1.000000 0.000000 0.178571 0.380952 0.607143 
-1.000000 -1.000000 -1.000000 0.000000 0.202381 0.428571 
-1.000000 -1.000000 -1.000000 -1.000000 0.000000 0.226190 
-1.000000 -1.000000 -1.000000 -1.000000 -1.000000 0.000000 

NORMALIZED GUIDE FUNCTION:
0.135086 0.124079 0.11497 0.104862 0.0914408 0.073716 0.0524725 0.0303098 0.0112527 0 0.000968113 0.0173319 0.0502736 0.0986109 0.1589 0.226008 0.294059 0.357553 0.412442 0.456933 0.491825 0.520313 0.547258 0.578057 0.617341 0.667751 0.729057 0.797819 0.867702 0.930407 0.977088 1 0.994081 0.95815 0.895491 0.813663 


BIN SEQUENCE:
3 3 2 2 2 2 2 1 1 1 1 1 1 2 3 3 3 3 4 4 4 4 4 4 5 5 5 5 5 6 6 6 6 6 6 5 


SEQUENCE OF PREFERRED BINS:
33  33  22  22  22  22  22  11  11  11  11  11  11  22  33  33  33  33  44  44  44  44  44  44  55  55  55  55  55  66  ...
42  42  31  31  31  31  31  22  22  22  22  22  22  31  42  42  42  42  53  53  53  53  53  53  64  64  64  64  64  55  ...
51  51  44  44  44  44  44  33  33  33  33  33  33  44  51  51  51  51  62  62  62  62  62  62  33  33  33  33  33  44  ...
66  66  55  55  55  55  55  44  44  44  44  44  44  55  66  66  66  66  11  11  11  11  11  11  22  22  22  22  22  33  ...
00  00  66  66  66  66  66  55  55  55  55  55  55  66  00  00  00  00  00  00  00  00  00  00  11  11  11  11  11  22  ...
00  00  00  00  00  00  00  66  66  66  66  66  66  00  00  00  00  00  00  00  00  00  00  00  00  00  00  00  00  11  ...


BIN ALLOCATION OF DISTANCES:
2 5 6 4 3 6 
1 1 4 4 6 6 
4 5 1 2 3 5 
3 5 6 1 2 4 
3 3 5 3 1 2 
4 2 6 1 5 2 


BINS USED:
2 2 1 2 3 2 1 1 2 1 3 4 3 5 4 3 3 4 4 6 5 3 4 5 6 5 5 6 4 6 2 6 1 5 1 0 


TRANSITION SEQUENCE:
0 -1 -1 -1 -1 0.22619 -1 0 0.202381 0 -1 -1 -1 -1 0.392857 0.380952 -1 0.428571 -1 -1 -1 -1 0.571429 -1 0.77381 -1 0.607143 -1 -1 -1 0.178571 -1 0 -1 0 0 


CORRELATION COEFFICIENT:          0.0395076
DETECTION POWER:                  0.607492

