
Cycle found:
------------
334455054043120151413530252421100322
------------
Valid sequence 


NORMALIZED NEURAL MODEL:
-1.000000 -1.000000 -1.000000 -1.000000 -1.000000 -1.000000 
-1.000000 0.000000 0.392857 0.571429 0.773810 1.000000 
-1.000000 -1.000000 0.000000 0.178571 0.380952 0.607143 
-1.000000 -1.000000 -1.000000 0.000000 0.202381 0.428571 
-1.000000 -1.000000 -1.000000 -1.000000 0.000000 0.226190 
-1.000000 -1.000000 -1.000000 -1.000000 -1.000000 0.000000 

NORMALIZED GUIDE FUNCTION:
0 0.021609 0.0410755 0.059389 0.0777025 0.0972586 0.119312 0.145048 0.175509 0.211517 0.253615 0.302018 0.356575 0.416755 0.481646 0.54997 0.620127 0.690242 0.758233 0.821892 0.878966 0.927254 0.964694 0.989452 1 0.995186 0.974287 0.93705 0.883709 0.814988 0.732081 0.636618 0.53061 0.416387 0.296514 0.173712 


BIN SEQUENCE:
1 1 1 1 1 1 2 2 2 2 2 3 3 3 3 4 4 4 5 5 5 5 6 6 6 6 6 6 5 5 4 4 4 3 3 2 


SEQUENCE OF PREFERRED BINS:
11  11  11  11  11  11  22  22  22  22  22  33  33  33  33  44  44  44  55  55  55  55  66  66  66  66  66  66  55  55  ...
22  22  22  22  22  22  31  31  31  31  31  42  42  42  42  53  53  53  64  64  64  64  55  55  55  55  55  55  64  64  ...
33  33  33  33  33  33  44  44  44  44  44  51  51  51  51  62  62  62  33  33  33  33  44  44  44  44  44  44  33  33  ...
44  44  44  44  44  44  55  55  55  55  55  66  66  66  66  11  11  11  22  22  22  22  33  33  33  33  33  33  22  22  ...
55  55  55  55  55  55  66  66  66  66  66  00  00  00  00  00  00  00  11  11  11  11  22  22  22  22  22  22  11  11  ...
66  66  66  66  66  66  00  00  00  00  00  00  00  00  00  00  00  00  00  00  00  00  11  11  11  11  11  11  00  00  ...


BIN ALLOCATION OF DISTANCES:
6 3 6 4 2 2 
1 1 4 5 5 5 
3 1 1 2 4 5 
4 4 4 1 2 5 
3 5 6 3 1 2 
3 6 6 6 3 2 


BINS USED:
1 2 1 2 2 3 2 3 3 2 3 4 4 3 3 5 6 5 5 5 5 6 4 6 5 6 4 6 1 1 1 6 4 4 1 0 


TRANSITION SEQUENCE:
0 0.202381 0 0.22619 0 -1 -1 -1 -1 -1 -1 -1 0.392857 -1 -1 1 -1 0.77381 -1 0.571429 0.428571 -1 -1 -1 0.607143 -1 0.380952 -1 -1 0 -1 -1 -1 -1 0 0 


CORRELATION COEFFICIENT:          0.403491
DETECTION POWER:                  0.601545

