
Cycle found:
------------
022334455305004214135152540103243112
------------
Valid sequence 


NORMALIZED NEURAL MODEL:
-1.000000 -1.000000 -1.000000 -1.000000 -1.000000 -1.000000 
-1.000000 0.000000 0.392857 0.571429 0.773810 1.000000 
-1.000000 -1.000000 0.000000 0.178571 0.380952 0.607143 
-1.000000 -1.000000 -1.000000 0.000000 0.202381 0.428571 
-1.000000 -1.000000 -1.000000 -1.000000 0.000000 0.226190 
-1.000000 -1.000000 -1.000000 -1.000000 -1.000000 0.000000 

NORMALIZED GUIDE FUNCTION:
0 0.0707804 0.141971 0.212986 0.283261 0.35226 0.419481 0.484454 0.546753 0.605988 0.661815 0.713933 0.762088 0.806068 0.845707 0.880882 0.911511 0.937554 0.959005 0.975898 0.988295 0.996289 1 0.999568 0.995156 0.98694 0.975112 0.959871 0.941426 0.91999 0.895777 0.869003 0.839879 0.808616 0.775418 0.740484 


BIN SEQUENCE:
1 1 1 1 1 1 2 2 2 2 2 2 3 3 4 4 4 5 5 5 6 6 6 6 6 6 5 5 5 4 4 4 3 3 3 3 


SEQUENCE OF PREFERRED BINS:
11  11  11  11  11  11  22  22  22  22  22  22  33  33  44  44  44  55  55  55  66  66  66  66  66  66  55  55  55  44  ...
22  22  22  22  22  22  31  31  31  31  31  31  42  42  53  53  53  64  64  64  55  55  55  55  55  55  64  64  64  53  ...
33  33  33  33  33  33  44  44  44  44  44  44  51  51  62  62  62  33  33  33  44  44  44  44  44  44  33  33  33  62  ...
44  44  44  44  44  44  55  55  55  55  55  55  66  66  11  11  11  22  22  22  33  33  33  33  33  33  22  22  22  11  ...
55  55  55  55  55  55  66  66  66  66  66  66  00  00  00  00  00  11  11  11  22  22  22  22  22  22  11  11  11  00  ...
66  66  66  66  66  66  00  00  00  00  00  00  00  00  00  00  00  00  00  00  11  11  11  11  11  11  00  00  00  00  ...


BIN ALLOCATION OF DISTANCES:
4 6 1 6 6 2 
6 1 3 5 5 6 
5 4 1 2 2 5 
3 6 4 1 2 5 
3 4 4 3 1 2 
3 5 4 1 3 2 


BINS USED:
1 1 2 1 2 1 2 2 1 3 2 3 4 6 4 4 5 4 5 5 5 6 4 5 3 3 6 6 6 4 2 3 6 1 3 0 


TRANSITION SEQUENCE:
-1 0 0.178571 0 0.202381 0 0.22619 0 -1 -1 -1 -1 -1 -1 -1 -1 0.77381 -1 0.571429 0.428571 -1 1 -1 0.607143 -1 -1 -1 -1 -1 -1 0.380952 -1 -1 0 0.392857 0 


CORRELATION COEFFICIENT:          0.523891
DETECTION POWER:                  0.631884

