
Cycle found:
------------
055304350131415420032125240223344511
------------
Valid sequence 


NORMALIZED NEURAL MODEL:
-1.000000 -1.000000 -1.000000 -1.000000 -1.000000 -1.000000 
-1.000000 0.000000 0.392857 0.571429 0.773810 1.000000 
-1.000000 -1.000000 0.000000 0.178571 0.380952 0.607143 
-1.000000 -1.000000 -1.000000 0.000000 0.202381 0.428571 
-1.000000 -1.000000 -1.000000 -1.000000 0.000000 0.226190 
-1.000000 -1.000000 -1.000000 -1.000000 -1.000000 0.000000 

NORMALIZED GUIDE FUNCTION:
0.684087 0.689387 0.698531 0.711401 0.727772 0.747313 0.769594 0.794089 0.820188 0.847203 0.874384 0.900931 0.926009 0.948768 0.968358 0.983947 0.99474 1 0.999063 0.991356 0.976414 0.953894 0.923585 0.885425 0.839501 0.786058 0.725503 0.6584 0.585469 0.507576 0.425727 0.34105 0.254781 0.168247 0.0828402 0 


BIN SEQUENCE:
2 2 2 3 3 3 3 4 4 4 4 5 5 5 5 6 6 6 6 6 6 5 5 4 4 3 3 2 2 2 1 1 1 1 1 1 


SEQUENCE OF PREFERRED BINS:
22  22  22  33  33  33  33  44  44  44  44  55  55  55  55  66  66  66  66  66  66  55  55  44  44  33  33  22  22  22  ...
31  31  31  42  42  42  42  53  53  53  53  64  64  64  64  55  55  55  55  55  55  64  64  53  53  42  42  31  31  31  ...
44  44  44  51  51  51  51  62  62  62  62  33  33  33  33  44  44  44  44  44  44  33  33  62  62  51  51  44  44  44  ...
55  55  55  66  66  66  66  11  11  11  11  22  22  22  22  33  33  33  33  33  33  22  22  11  11  66  66  55  55  55  ...
66  66  66  00  00  00  00  00  00  00  00  11  11  11  11  22  22  22  22  22  22  11  11  00  00  00  00  66  66  66  ...
00  00  00  00  00  00  00  00  00  00  00  00  00  00  00  11  11  11  11  11  11  00  00  00  00  00  00  00  00  00  ...


BIN ALLOCATION OF DISTANCES:
5 4 1 1 3 2 
2 1 4 4 5 6 
5 5 1 2 3 5 
4 5 6 1 2 4 
3 6 6 3 2 3 
4 6 1 3 6 2 


BINS USED:
2 2 3 4 3 3 4 4 4 4 5 5 6 6 6 6 5 5 1 6 5 4 5 1 3 3 1 1 2 1 2 2 3 6 1 0 


TRANSITION SEQUENCE:
-1 0 -1 -1 -1 -1 0.428571 -1 -1 0.571429 -1 0.77381 -1 1 -1 -1 -1 -1 -1 -1 -1 0.392857 0.607143 -1 0.380952 -1 -1 0 0.178571 0 0.202381 0 0.22619 -1 0 0 


CORRELATION COEFFICIENT:          0.546486
DETECTION POWER:                  0.61584

