
Cycle found:
------------
550205341252131514245443011040032233
------------
Valid sequence 


NORMALIZED NEURAL MODEL:
-1.000000 -1.000000 -1.000000 -1.000000 -1.000000 -1.000000 
-1.000000 0.000000 0.392857 0.571429 0.773810 1.000000 
-1.000000 -1.000000 0.000000 0.178571 0.380952 0.607143 
-1.000000 -1.000000 -1.000000 0.000000 0.202381 0.428571 
-1.000000 -1.000000 -1.000000 -1.000000 0.000000 0.226190 
-1.000000 -1.000000 -1.000000 -1.000000 -1.000000 0.000000 

NORMALIZED GUIDE FUNCTION:
0.687576 0.735062 0.779506 0.820596 0.858039 0.891568 0.920939 0.94594 0.966384 0.982117 0.993018 0.998998 1 0.996004 0.987023 0.973105 0.954332 0.930823 0.902725 0.870223 0.833529 0.792887 0.74857 0.700875 0.650126 0.596669 0.540869 0.483109 0.423786 0.363311 0.302102 0.240585 0.17919 0.118344 0.0584735 0 


BIN SEQUENCE:
3 3 3 4 4 4 5 5 5 6 6 6 6 6 6 5 5 5 4 4 4 3 3 3 2 2 2 2 2 2 1 1 1 1 1 1 


SEQUENCE OF PREFERRED BINS:
33  33  33  44  44  44  55  55  55  66  66  66  66  66  66  55  55  55  44  44  44  33  33  33  22  22  22  22  22  22  ...
42  42  42  53  53  53  64  64  64  55  55  55  55  55  55  64  64  64  53  53  53  42  42  42  31  31  31  31  31  31  ...
51  51  51  62  62  62  33  33  33  44  44  44  44  44  44  33  33  33  62  62  62  51  51  51  44  44  44  44  44  44  ...
66  66  66  11  11  11  22  22  22  33  33  33  33  33  33  22  22  22  11  11  11  66  66  66  55  55  55  55  55  55  ...
00  00  00  00  00  00  11  11  11  22  22  22  22  22  22  11  11  11  00  00  00  00  00  00  66  66  66  66  66  66  ...
00  00  00  00  00  00  00  00  00  11  11  11  11  11  11  00  00  00  00  00  00  00  00  00  00  00  00  00  00  00  ...


BIN ALLOCATION OF DISTANCES:
5 2 3 5 1 4 
1 1 5 6 6 6 
4 6 1 3 5 6 
2 2 1 2 3 5 
6 5 4 2 3 3 
4 2 4 4 1 3 


BINS USED:
3 4 3 4 4 4 3 5 5 6 4 6 6 2 6 2 6 4 5 3 1 3 2 2 2 1 1 1 6 5 5 1 1 3 2 0 


TRANSITION SEQUENCE:
0 -1 -1 -1 -1 -1 0.202381 -1 0.392857 0.607143 -1 -1 0.571429 -1 1 -1 0.77381 -1 0.380952 0.22619 -1 0 -1 -1 -1 0 -1 -1 -1 -1 -1 -1 0 0.178571 0 0 


CORRELATION COEFFICIENT:          0.518455
DETECTION POWER:                  0.58222

