
Cycle found:
------------
203100242141513254305352233445504011
------------
Valid sequence 


NORMALIZED NEURAL MODEL:
-1.000000 -1.000000 -1.000000 -1.000000 -1.000000 -1.000000 
-1.000000 0.000000 0.392857 0.571429 0.773810 1.000000 
-1.000000 -1.000000 0.000000 0.178571 0.380952 0.607143 
-1.000000 -1.000000 -1.000000 0.000000 0.202381 0.428571 
-1.000000 -1.000000 -1.000000 -1.000000 0.000000 0.226190 
-1.000000 -1.000000 -1.000000 -1.000000 -1.000000 0.000000 

NORMALIZED GUIDE FUNCTION:
0.555914 0.612976 0.667771 0.719802 0.768594 0.813697 0.854697 0.891211 0.922896 0.949453 0.970626 0.986205 0.996033 1 0.998051 0.990183 0.976445 0.95694 0.931822 0.901297 0.865619 0.825088 0.780052 0.730896 0.678046 0.62196 0.56313 0.50207 0.439317 0.375425 0.310959 0.246493 0.182598 0.119846 0.0587975 0 


BIN SEQUENCE:
2 2 3 3 3 4 4 4 5 5 5 6 6 6 6 6 6 5 5 5 4 4 4 3 3 3 2 2 2 2 1 1 1 1 1 1 


SEQUENCE OF PREFERRED BINS:
22  22  33  33  33  44  44  44  55  55  55  66  66  66  66  66  66  55  55  55  44  44  44  33  33  33  22  22  22  22  ...
31  31  42  42  42  53  53  53  64  64  64  55  55  55  55  55  55  64  64  64  53  53  53  42  42  42  31  31  31  31  ...
44  44  51  51  51  62  62  62  33  33  33  44  44  44  44  44  44  33  33  33  62  62  62  51  51  51  44  44  44  44  ...
55  55  66  66  66  11  11  11  22  22  22  33  33  33  33  33  33  22  22  22  11  11  11  66  66  66  55  55  55  55  ...
66  66  00  00  00  00  00  00  11  11  11  22  22  22  22  22  22  11  11  11  00  00  00  00  00  00  66  66  66  66  ...
00  00  00  00  00  00  00  00  00  00  00  11  11  11  11  11  11  00  00  00  00  00  00  00  00  00  00  00  00  00  ...


BIN ALLOCATION OF DISTANCES:
3 3 3 1 1 6 
3 1 4 4 6 6 
2 5 1 2 4 6 
5 3 5 1 2 4 
3 5 4 6 2 2 
1 6 5 4 5 2 


BINS USED:
2 1 3 3 3 3 4 4 5 6 5 6 6 4 5 6 5 6 5 6 4 4 5 1 2 1 2 2 2 2 1 1 3 3 1 0 


TRANSITION SEQUENCE:
-1 -1 -1 -1 -1 -1 0.380952 -1 -1 0.77381 -1 1 -1 0.571429 -1 0.607143 -1 -1 -1 -1 -1 0.428571 -1 0 0.178571 0 0.202381 0 0.22619 0 -1 -1 -1 -1 0 0 


CORRELATION COEFFICIENT:          0.522401
DETECTION POWER:                  0.611127

