
Cycle found:
------------
022334455305004321425135241540103112
------------
Valid sequence 


NORMALIZED NEURAL MODEL:
-1.000000 -1.000000 -1.000000 -1.000000 -1.000000 -1.000000 
-1.000000 0.000000 0.392857 0.571429 0.773810 1.000000 
-1.000000 -1.000000 0.000000 0.178571 0.380952 0.607143 
-1.000000 -1.000000 -1.000000 0.000000 0.202381 0.428571 
-1.000000 -1.000000 -1.000000 -1.000000 0.000000 0.226190 
-1.000000 -1.000000 -1.000000 -1.000000 -1.000000 0.000000 

NORMALIZED GUIDE FUNCTION:
0 0.0399196 0.082443 0.127352 0.1744 0.22331 0.273773 0.325457 0.377999 0.431016 0.4841 0.536828 0.588764 0.63946 0.688468 0.735338 0.779628 0.820909 0.858771 0.892826 0.922719 0.948127 0.96877 0.984412 0.994867 1 0.999734 0.994049 0.982982 0.966632 0.945156 0.918767 0.887736 0.852383 0.813079 0.770237 


BIN SEQUENCE:
1 1 1 1 1 1 2 2 2 2 2 2 3 3 3 3 3 4 4 4 5 5 5 6 6 6 6 6 6 5 5 5 4 4 4 3 


SEQUENCE OF PREFERRED BINS:
11  11  11  11  11  11  22  22  22  22  22  22  33  33  33  33  33  44  44  44  55  55  55  66  66  66  66  66  66  55  ...
22  22  22  22  22  22  31  31  31  31  31  31  42  42  42  42  42  53  53  53  64  64  64  55  55  55  55  55  55  64  ...
33  33  33  33  33  33  44  44  44  44  44  44  51  51  51  51  51  62  62  62  33  33  33  44  44  44  44  44  44  33  ...
44  44  44  44  44  44  55  55  55  55  55  55  66  66  66  66  66  11  11  11  22  22  22  33  33  33  33  33  33  22  ...
55  55  55  55  55  55  66  66  66  66  66  66  00  00  00  00  00  00  00  00  11  11  11  22  22  22  22  22  22  11  ...
66  66  66  66  66  66  00  00  00  00  00  00  00  00  00  00  00  00  00  00  00  00  00  11  11  11  11  11  11  00  ...


BIN ALLOCATION OF DISTANCES:
4 6 1 6 6 2 
6 1 3 5 5 6 
5 4 1 2 2 5 
3 6 4 1 2 5 
3 4 4 3 1 2 
3 5 4 1 3 2 


BINS USED:
1 1 2 1 2 1 2 2 1 3 2 3 4 6 3 4 4 5 4 5 5 5 5 4 2 4 6 3 3 6 6 6 6 1 3 0 


TRANSITION SEQUENCE:
-1 0 0.178571 0 0.202381 0 0.22619 0 -1 -1 -1 -1 -1 -1 -1 -1 -1 0.77381 -1 0.607143 -1 0.571429 0.428571 -1 0.380952 -1 1 -1 -1 -1 -1 -1 -1 0 0.392857 0 


CORRELATION COEFFICIENT:          0.499441
DETECTION POWER:                  0.583635

