
Cycle found:
------------
344554031325141502430053520421011223
------------
Valid sequence 


NORMALIZED NEURAL MODEL:
-1.000000 -1.000000 -1.000000 -1.000000 -1.000000 -1.000000 
-1.000000 0.000000 0.392857 0.571429 0.773810 1.000000 
-1.000000 -1.000000 0.000000 0.178571 0.380952 0.607143 
-1.000000 -1.000000 -1.000000 0.000000 0.202381 0.428571 
-1.000000 -1.000000 -1.000000 -1.000000 0.000000 0.226190 
-1.000000 -1.000000 -1.000000 -1.000000 -1.000000 0.000000 

NORMALIZED GUIDE FUNCTION:
0 0.182841 0.356583 0.516063 0.656919 0.775735 0.87015 0.93891 0.981881 1 0.995201 0.970285 0.928768 0.874694 0.812436 0.746486 0.681237 0.620783 0.56872 0.52798 0.500689 0.488056 0.490304 0.506643 0.535277 0.573466 0.61762 0.663437 0.706071 0.740334 0.760918 0.76263 0.74064 0.690718 0.609464 0.494517 


BIN SEQUENCE:
1 1 1 2 3 5 5 6 6 6 6 6 6 5 5 4 4 3 2 2 2 1 1 2 2 3 3 3 4 4 5 5 4 4 3 1 


SEQUENCE OF PREFERRED BINS:
11  11  11  22  33  55  55  66  66  66  66  66  66  55  55  44  44  33  22  22  22  11  11  22  22  33  33  33  44  44  ...
22  22  22  31  42  64  64  55  55  55  55  55  55  64  64  53  53  42  31  31  31  22  22  31  31  42  42  42  53  53  ...
33  33  33  44  51  33  33  44  44  44  44  44  44  33  33  62  62  51  44  44  44  33  33  44  44  51  51  51  62  62  ...
44  44  44  55  66  22  22  33  33  33  33  33  33  22  22  11  11  66  55  55  55  44  44  55  55  66  66  66  11  11  ...
55  55  55  66  00  11  11  22  22  22  22  22  22  11  11  00  00  00  66  66  66  55  55  66  66  00  00  00  00  00  ...
66  66  66  00  00  00  00  11  11  11  11  11  11  00  00  00  00  00  00  00  00  66  66  00  00  00  00  00  00  00  ...


BIN ALLOCATION OF DISTANCES:
3 6 4 5 5 4 
1 1 3 6 6 6 
4 5 1 2 2 6 
3 6 5 1 2 4 
5 3 3 3 1 2 
4 5 2 1 4 2 


BINS USED:
2 1 2 2 4 5 5 6 6 5 6 5 6 3 6 4 4 2 3 3 3 4 1 4 2 4 5 3 5 1 6 1 3 1 2 0 


TRANSITION SEQUENCE:
0.202381 0 0.22619 0 -1 -1 -1 -1 0.571429 -1 0.607143 -1 0.77381 -1 1 -1 -1 0.380952 -1 -1 -1 -1 -1 0.428571 -1 -1 -1 -1 -1 -1 -1 0 0.392857 0 0.178571 0 


CORRELATION COEFFICIENT:          0.460126
DETECTION POWER:                  0.644354

