
Cycle found:
------------
302132503531415240120545511004422334
------------
Valid sequence 


NORMALIZED NEURAL MODEL:
-1.000000 -1.000000 -1.000000 -1.000000 -1.000000 -1.000000 
-1.000000 0.000000 0.392857 0.571429 0.773810 1.000000 
-1.000000 -1.000000 0.000000 0.178571 0.380952 0.607143 
-1.000000 -1.000000 -1.000000 0.000000 0.202381 0.428571 
-1.000000 -1.000000 -1.000000 -1.000000 0.000000 0.226190 
-1.000000 -1.000000 -1.000000 -1.000000 -1.000000 0.000000 

NORMALIZED GUIDE FUNCTION:
0.737454 0.781115 0.821586 0.858554 0.891731 0.920857 0.945702 0.966068 0.981792 0.992745 0.998833 1 0.996228 0.987536 0.973981 0.955655 0.932691 0.905253 0.873542 0.837792 0.798267 0.755263 0.709099 0.660123 0.608702 0.555223 0.500089 0.443719 0.386538 0.328979 0.271481 0.21448 0.158409 0.103697 0.0507589 0 


BIN SEQUENCE:
3 3 4 4 4 5 5 5 6 6 6 6 6 6 5 5 5 4 4 4 3 3 3 3 2 2 2 2 2 2 1 1 1 1 1 1 


SEQUENCE OF PREFERRED BINS:
33  33  44  44  44  55  55  55  66  66  66  66  66  66  55  55  55  44  44  44  33  33  33  33  22  22  22  22  22  22  ...
42  42  53  53  53  64  64  64  55  55  55  55  55  55  64  64  64  53  53  53  42  42  42  42  31  31  31  31  31  31  ...
51  51  62  62  62  33  33  33  44  44  44  44  44  44  33  33  33  62  62  62  51  51  51  51  44  44  44  44  44  44  ...
66  66  11  11  11  22  22  22  33  33  33  33  33  33  22  22  22  11  11  11  66  66  66  66  55  55  55  55  55  55  ...
00  00  00  00  00  11  11  11  22  22  22  22  22  22  11  11  11  00  00  00  00  00  00  00  66  66  66  66  66  66  ...
00  00  00  00  00  00  00  00  11  11  11  11  11  11  00  00  00  00  00  00  00  00  00  00  00  00  00  00  00  00  ...


BIN ALLOCATION OF DISTANCES:
6 4 3 5 6 2 
5 1 5 5 6 6 
2 4 1 2 4 5 
3 3 4 1 2 5 
3 4 1 6 1 2 
4 1 3 6 3 2 


BINS USED:
3 3 4 5 4 5 4 5 5 6 3 6 4 6 3 4 3 4 5 2 2 3 2 2 1 1 5 6 6 1 1 1 2 1 2 0 


TRANSITION SEQUENCE:
-1 -1 -1 0.571429 -1 0.607143 -1 -1 0.428571 -1 -1 0.77381 -1 1 -1 0.380952 -1 -1 0.392857 -1 -1 -1 0.22619 0 -1 0 -1 -1 -1 0 -1 0 0.178571 0 0.202381 0 


CORRELATION COEFFICIENT:          0.599774
DETECTION POWER:                  0.590159

