
Cycle found:
------------
302132503531415240120545511004422334
------------
Valid sequence 


NORMALIZED NEURAL MODEL:
-1.000000 -1.000000 -1.000000 -1.000000 -1.000000 -1.000000 
-1.000000 0.000000 0.392857 0.571429 0.773810 1.000000 
-1.000000 -1.000000 0.000000 0.178571 0.380952 0.607143 
-1.000000 -1.000000 -1.000000 0.000000 0.202381 0.428571 
-1.000000 -1.000000 -1.000000 -1.000000 0.000000 0.226190 
-1.000000 -1.000000 -1.000000 -1.000000 -1.000000 0.000000 

NORMALIZED GUIDE FUNCTION:
0.778251 0.818031 0.854461 0.887284 0.916265 0.941201 0.961911 0.978249 0.990096 0.997364 1 0.997981 0.991316 0.98005 0.964256 0.944041 0.919543 0.890929 0.858397 0.822171 0.782501 0.739662 0.69395 0.645684 0.595199 0.542845 0.488989 0.434004 0.378275 0.32219 0.266142 0.210522 0.155718 0.102115 0.0500874 0 


BIN SEQUENCE:
3 3 4 4 4 5 5 5 6 6 6 6 6 6 5 5 5 4 4 4 3 3 3 3 2 2 2 2 2 2 1 1 1 1 1 1 


SEQUENCE OF PREFERRED BINS:
33  33  44  44  44  55  55  55  66  66  66  66  66  66  55  55  55  44  44  44  33  33  33  33  22  22  22  22  22  22  ...
42  42  53  53  53  64  64  64  55  55  55  55  55  55  64  64  64  53  53  53  42  42  42  42  31  31  31  31  31  31  ...
51  51  62  62  62  33  33  33  44  44  44  44  44  44  33  33  33  62  62  62  51  51  51  51  44  44  44  44  44  44  ...
66  66  11  11  11  22  22  22  33  33  33  33  33  33  22  22  22  11  11  11  66  66  66  66  55  55  55  55  55  55  ...
00  00  00  00  00  11  11  11  22  22  22  22  22  22  11  11  11  00  00  00  00  00  00  00  66  66  66  66  66  66  ...
00  00  00  00  00  00  00  00  11  11  11  11  11  11  00  00  00  00  00  00  00  00  00  00  00  00  00  00  00  00  ...


BIN ALLOCATION OF DISTANCES:
6 4 3 5 6 2 
5 1 5 5 6 6 
2 4 1 2 4 5 
3 3 4 1 2 5 
3 4 1 6 1 2 
4 1 3 6 3 2 


BINS USED:
3 3 4 5 4 5 4 5 5 6 3 6 4 6 3 4 3 4 5 2 2 3 2 2 1 1 5 6 6 1 1 1 2 1 2 0 


TRANSITION SEQUENCE:
-1 -1 -1 0.571429 -1 0.607143 -1 -1 0.428571 -1 -1 0.77381 -1 1 -1 0.380952 -1 -1 0.392857 -1 -1 -1 0.22619 0 -1 0 -1 -1 -1 0 -1 0 0.178571 0 0.202381 0 


CORRELATION COEFFICIENT:          0.602333
DETECTION POWER:                  0.590159

