
Cycle found:
------------
120501314152535402434233221103004455
------------
Valid sequence 


NORMALIZED NEURAL MODEL:
-1.000000 -1.000000 -1.000000 -1.000000 -1.000000 -1.000000 
-1.000000 0.000000 0.392857 0.571429 0.773810 1.000000 
-1.000000 -1.000000 0.000000 0.178571 0.380952 0.607143 
-1.000000 -1.000000 -1.000000 0.000000 0.202381 0.428571 
-1.000000 -1.000000 -1.000000 -1.000000 0.000000 0.226190 
-1.000000 -1.000000 -1.000000 -1.000000 -1.000000 0.000000 

NORMALIZED GUIDE FUNCTION:
0.853942 0.888476 0.918695 0.94438 0.965354 0.981477 0.992655 0.998833 1 0.996188 0.987468 0.973956 0.955803 0.933201 0.906377 0.875592 0.841139 0.803337 0.762534 0.719099 0.673421 0.625902 0.576959 0.527018 0.476506 0.425856 0.375494 0.325842 0.277312 0.230302 0.185193 0.142349 0.102108 0.0647837 0.0306624 0 


BIN SEQUENCE:
4 4 5 5 5 6 6 6 6 6 6 5 5 5 4 4 4 4 3 3 3 3 3 3 2 2 2 2 2 2 1 1 1 1 1 1 


SEQUENCE OF PREFERRED BINS:
44  44  55  55  55  66  66  66  66  66  66  55  55  55  44  44  44  44  33  33  33  33  33  33  22  22  22  22  22  22  ...
53  53  64  64  64  55  55  55  55  55  55  64  64  64  53  53  53  53  42  42  42  42  42  42  31  31  31  31  31  31  ...
62  62  33  33  33  44  44  44  44  44  44  33  33  33  62  62  62  62  51  51  51  51  51  51  44  44  44  44  44  44  ...
11  11  22  22  22  33  33  33  33  33  33  22  22  22  11  11  11  11  66  66  66  66  66  66  55  55  55  55  55  55  ...
00  00  11  11  11  22  22  22  22  22  22  11  11  11  00  00  00  00  00  00  00  00  00  00  66  66  66  66  66  66  ...
00  00  00  00  00  11  11  11  11  11  11  00  00  00  00  00  00  00  00  00  00  00  00  00  00  00  00  00  00  00  ...


BIN ALLOCATION OF DISTANCES:
6 4 4 2 3 4 
3 1 5 5 5 5 
4 1 1 2 3 5 
1 6 1 2 3 5 
4 6 4 3 2 3 
6 1 6 6 2 2 


BINS USED:
5 4 4 6 4 5 6 5 6 5 6 5 6 5 2 4 4 3 3 3 4 2 2 1 1 1 1 3 2 1 6 3 2 3 2 0 


TRANSITION SEQUENCE:
0.392857 -1 -1 -1 -1 0.571429 -1 0.77381 -1 1 -1 0.607143 -1 0.428571 -1 -1 -1 0.380952 -1 0.202381 -1 0.178571 0 -1 0 -1 0 -1 -1 -1 -1 -1 0 0.22619 0 0 


CORRELATION COEFFICIENT:          0.572236
DETECTION POWER:                  0.633456

