
Cycle found:
------------
443400351314152542450230120553322110
------------
Valid sequence 


NORMALIZED NEURAL MODEL:
-1.000000 -1.000000 -1.000000 -1.000000 -1.000000 -1.000000 
-1.000000 0.000000 0.392857 0.571429 0.773810 1.000000 
-1.000000 -1.000000 0.000000 0.178571 0.380952 0.607143 
-1.000000 -1.000000 -1.000000 0.000000 0.202381 0.428571 
-1.000000 -1.000000 -1.000000 -1.000000 0.000000 0.226190 
-1.000000 -1.000000 -1.000000 -1.000000 -1.000000 0.000000 

NORMALIZED GUIDE FUNCTION:
0.4791 0.539654 0.598874 0.656103 0.710706 0.762077 0.80964 0.852863 0.891258 0.924389 0.951878 0.973404 0.988714 0.997619 1 0.995808 0.985065 0.967862 0.94436 0.914787 0.879434 0.838658 0.792869 0.742532 0.688161 0.630309 0.56957 0.506564 0.441937 0.376349 0.310473 0.24498 0.180539 0.117808 0.057424 0 


BIN SEQUENCE:
2 2 3 3 3 4 4 4 5 5 5 6 6 6 6 6 6 5 5 5 4 4 4 3 3 3 2 2 2 2 1 1 1 1 1 1 


SEQUENCE OF PREFERRED BINS:
22  22  33  33  33  44  44  44  55  55  55  66  66  66  66  66  66  55  55  55  44  44  44  33  33  33  22  22  22  22  ...
31  31  42  42  42  53  53  53  64  64  64  55  55  55  55  55  55  64  64  64  53  53  53  42  42  42  31  31  31  31  ...
44  44  51  51  51  62  62  62  33  33  33  44  44  44  44  44  44  33  33  33  62  62  62  51  51  51  44  44  44  44  ...
55  55  66  66  66  11  11  11  22  22  22  33  33  33  33  33  33  22  22  22  11  11  11  66  66  66  55  55  55  55  ...
66  66  00  00  00  00  00  00  11  11  11  22  22  22  22  22  22  11  11  11  00  00  00  00  00  00  66  66  66  66  ...
00  00  00  00  00  00  00  00  00  00  00  11  11  11  11  11  11  00  00  00  00  00  00  00  00  00  00  00  00  00  ...


BIN ALLOCATION OF DISTANCES:
4 1 6 5 4 1 
1 1 4 5 5 6 
2 2 1 3 4 5 
2 6 1 2 3 5 
3 6 5 3 2 3 
4 4 6 2 6 3 


BINS USED:
2 3 3 3 4 5 5 4 5 6 5 6 6 6 5 6 5 4 3 4 6 3 2 1 4 2 1 3 2 2 1 1 2 1 1 0 


TRANSITION SEQUENCE:
0 -1 0.202381 -1 -1 -1 0.428571 -1 0.571429 -1 0.77381 -1 1 -1 0.607143 -1 -1 0.380952 0.22619 -1 -1 0.178571 -1 -1 0.392857 -1 -1 0 -1 0 -1 0 -1 0 -1 0 


CORRELATION COEFFICIENT:          0.566794
DETECTION POWER:                  0.646185

