
Cycle found:
------------
223001034502435131415254044211205533
------------
Valid sequence 


NORMALIZED NEURAL MODEL:
-1.000000 -1.000000 -1.000000 -1.000000 -1.000000 -1.000000 
-1.000000 0.000000 0.392857 0.571429 0.773810 1.000000 
-1.000000 -1.000000 0.000000 0.178571 0.380952 0.607143 
-1.000000 -1.000000 -1.000000 0.000000 0.202381 0.428571 
-1.000000 -1.000000 -1.000000 -1.000000 0.000000 0.226190 
-1.000000 -1.000000 -1.000000 -1.000000 -1.000000 0.000000 

NORMALIZED GUIDE FUNCTION:
0 0.0745208 0.148925 0.222747 0.295528 0.366812 0.436155 0.503123 0.5673 0.628287 0.685703 0.739192 0.788425 0.833096 0.872931 0.907686 0.937148 0.961137 0.97951 0.992156 0.998999 1 0.995156 0.984496 0.968088 0.946031 0.918458 0.885534 0.847455 0.804444 0.756756 0.704667 0.648481 0.588521 0.525131 0.458674 


BIN SEQUENCE:
1 1 1 1 1 1 2 2 2 3 3 3 4 4 4 5 5 5 6 6 6 6 6 6 5 5 5 4 4 4 3 3 3 2 2 2 


SEQUENCE OF PREFERRED BINS:
11  11  11  11  11  11  22  22  22  33  33  33  44  44  44  55  55  55  66  66  66  66  66  66  55  55  55  44  44  44  ...
22  22  22  22  22  22  31  31  31  42  42  42  53  53  53  64  64  64  55  55  55  55  55  55  64  64  64  53  53  53  ...
33  33  33  33  33  33  44  44  44  51  51  51  62  62  62  33  33  33  44  44  44  44  44  44  33  33  33  62  62  62  ...
44  44  44  44  44  44  55  55  55  66  66  66  11  11  11  22  22  22  33  33  33  33  33  33  22  22  22  11  11  11  ...
55  55  55  55  55  55  66  66  66  00  00  00  00  00  00  11  11  11  22  22  22  22  22  22  11  11  11  00  00  00  ...
66  66  66  66  66  66  00  00  00  00  00  00  00  00  00  00  00  00  11  11  11  11  11  11  00  00  00  00  00  00  ...


BIN ALLOCATION OF DISTANCES:
3 4 5 5 6 5 
1 1 3 5 6 6 
4 3 1 2 3 6 
1 6 5 1 2 3 
4 5 1 4 2 2 
3 4 4 6 2 2 


BINS USED:
1 2 1 3 4 1 5 2 2 3 5 3 4 3 4 5 6 6 5 6 4 6 2 4 6 2 1 3 1 3 4 5 2 6 1 0 


TRANSITION SEQUENCE:
0 0.178571 -1 -1 -1 -1 -1 0.202381 0.22619 -1 -1 0.380952 -1 0.428571 -1 0.571429 -1 0.77381 -1 1 -1 0.607143 -1 -1 -1 0 -1 -1 0 0.392857 -1 -1 0 -1 0 0 


CORRELATION COEFFICIENT:          0.405911
DETECTION POWER:                  0.611935

