
Cycle found:
------------
021122344550513141525424353003320104
------------
Valid sequence 


NORMALIZED NEURAL MODEL:
-1.000000 -1.000000 -1.000000 -1.000000 -1.000000 -1.000000 
-1.000000 0.000000 0.392857 0.571429 0.773810 1.000000 
-1.000000 -1.000000 0.000000 0.178571 0.380952 0.607143 
-1.000000 -1.000000 -1.000000 0.000000 0.202381 0.428571 
-1.000000 -1.000000 -1.000000 -1.000000 0.000000 0.226190 
-1.000000 -1.000000 -1.000000 -1.000000 -1.000000 0.000000 

NORMALIZED GUIDE FUNCTION:
0 0.0593089 0.119742 0.180915 0.242436 0.303911 0.364945 0.425147 0.484129 0.54151 0.596919 0.649997 0.700399 0.747797 0.79188 0.832361 0.868972 0.901471 0.929643 0.953298 0.972277 0.986448 0.995712 1 0.999276 0.993534 0.982803 0.967141 0.94664 0.921423 0.891643 0.857481 0.81915 0.776887 0.730955 0.681644 


BIN SEQUENCE:
1 1 1 1 1 1 2 2 2 2 2 2 3 3 3 4 4 4 5 5 5 6 6 6 6 6 6 5 5 5 4 4 4 3 3 3 


SEQUENCE OF PREFERRED BINS:
11  11  11  11  11  11  22  22  22  22  22  22  33  33  33  44  44  44  55  55  55  66  66  66  66  66  66  55  55  55  ...
22  22  22  22  22  22  31  31  31  31  31  31  42  42  42  53  53  53  64  64  64  55  55  55  55  55  55  64  64  64  ...
33  33  33  33  33  33  44  44  44  44  44  44  51  51  51  62  62  62  33  33  33  44  44  44  44  44  44  33  33  33  ...
44  44  44  44  44  44  55  55  55  55  55  55  66  66  66  11  11  11  22  22  22  33  33  33  33  33  33  22  22  22  ...
55  55  55  55  55  55  66  66  66  66  66  66  00  00  00  00  00  00  11  11  11  22  22  22  22  22  22  11  11  11  ...
66  66  66  66  66  66  00  00  00  00  00  00  00  00  00  00  00  00  00  00  00  11  11  11  11  11  11  00  00  00  ...


BIN ALLOCATION OF DISTANCES:
5 6 1 6 6 4 
6 1 4 4 5 5 
3 1 1 2 3 4 
3 3 3 2 2 4 
2 4 6 5 2 3 
1 1 5 6 5 2 


BINS USED:
1 1 1 4 1 2 2 2 3 2 1 4 1 4 3 5 4 5 5 4 5 6 3 5 4 6 3 5 6 2 3 3 6 6 6 0 


TRANSITION SEQUENCE:
-1 -1 0 0.392857 0 0.178571 0.202381 0 0.22619 0 -1 -1 -1 0.571429 -1 0.77381 -1 1 -1 0.607143 -1 -1 0.380952 -1 0.428571 -1 -1 -1 -1 0 -1 -1 -1 -1 -1 0 


CORRELATION COEFFICIENT:          0.358272
DETECTION POWER:                  0.611354

