
Cycle found:
------------
223344550531401525130354102112432004
------------
Valid sequence 


NORMALIZED NEURAL MODEL:
-1.000000 -1.000000 -1.000000 -1.000000 -1.000000 -1.000000 
-1.000000 0.000000 0.392857 0.571429 0.773810 1.000000 
-1.000000 -1.000000 0.000000 0.178571 0.380952 0.607143 
-1.000000 -1.000000 -1.000000 0.000000 0.202381 0.428571 
-1.000000 -1.000000 -1.000000 -1.000000 0.000000 0.226190 
-1.000000 -1.000000 -1.000000 -1.000000 -1.000000 0.000000 

NORMALIZED GUIDE FUNCTION:
0 0.078284 0.15632 0.233579 0.309539 0.383689 0.455533 0.524589 0.590401 0.652533 0.710576 0.764151 0.812911 0.856543 0.894769 0.92735 0.954086 0.974816 0.989422 0.997828 1 0.995946 0.985717 0.969406 0.947146 0.91911 0.88551 0.846595 0.802649 0.753988 0.700962 0.643945 0.583339 0.519569 0.453079 0.38433 


BIN SEQUENCE:
1 1 1 1 1 1 2 2 3 3 3 4 4 4 5 5 5 6 6 6 6 6 6 5 5 5 4 4 4 3 3 3 2 2 2 2 


SEQUENCE OF PREFERRED BINS:
11  11  11  11  11  11  22  22  33  33  33  44  44  44  55  55  55  66  66  66  66  66  66  55  55  55  44  44  44  33  ...
22  22  22  22  22  22  31  31  42  42  42  53  53  53  64  64  64  55  55  55  55  55  55  64  64  64  53  53  53  42  ...
33  33  33  33  33  33  44  44  51  51  51  62  62  62  33  33  33  44  44  44  44  44  44  33  33  33  62  62  62  51  ...
44  44  44  44  44  44  55  55  66  66  66  11  11  11  22  22  22  33  33  33  33  33  33  22  22  22  11  11  11  66  ...
55  55  55  55  55  55  66  66  00  00  00  00  00  00  11  11  11  22  22  22  22  22  22  11  11  11  00  00  00  00  ...
66  66  66  66  66  66  00  00  00  00  00  00  00  00  00  00  00  11  11  11  11  11  11  00  00  00  00  00  00  00  ...


BIN ALLOCATION OF DISTANCES:
4 4 4 6 1 2 
3 1 3 5 5 5 
6 4 1 2 3 5 
5 3 2 1 2 4 
6 6 4 6 1 2 
3 6 5 3 1 2 


BINS USED:
1 2 1 2 1 2 2 3 2 3 3 5 6 4 5 5 5 6 5 5 6 4 1 6 3 4 4 1 3 3 6 2 6 4 1 0 


TRANSITION SEQUENCE:
0 0.178571 0 0.202381 0 0.22619 0 -1 -1 -1 -1 0.77381 -1 -1 1 -1 0.607143 -1 0.571429 -1 -1 0.428571 -1 -1 -1 -1 -1 0 0.392857 0.380952 -1 -1 -1 -1 -1 0 


CORRELATION COEFFICIENT:          0.543875
DETECTION POWER:                  0.590374

