Unable to find a valid Hamiltonian Circuit.
Elapsed time: 2 seconds. Trying again...

Cycle found:
------------
540532103141350025124204552233443011
------------
Valid sequence 


NORMALIZED NEURAL MODEL:
-1.000000 -1.000000 -1.000000 -1.000000 -1.000000 -1.000000 
-1.000000 0.000000 0.392857 0.571429 0.773810 1.000000 
-1.000000 -1.000000 0.000000 0.178571 0.380952 0.607143 
-1.000000 -1.000000 -1.000000 0.000000 0.202381 0.428571 
-1.000000 -1.000000 -1.000000 -1.000000 0.000000 0.226190 
-1.000000 -1.000000 -1.000000 -1.000000 -1.000000 0.000000 

NORMALIZED GUIDE FUNCTION:
1 0.99009 0.974564 0.953722 0.927911 0.897518 0.862963 0.8247 0.783205 0.738976 0.692525 0.644374 0.595048 0.54507 0.494957 0.445214 0.396326 0.348761 0.302956 0.259322 0.218233 0.180027 0.145001 0.113411 0.0854688 0.0613384 0.0411391 0.0249426 0.0127739 0.00461195 0.000390518 0 0.00328943 0.0100689 0.0201126 0.0331618 


BIN SEQUENCE:
6 6 6 6 6 6 5 5 5 5 5 5 4 4 4 4 4 4 3 3 3 3 3 3 2 2 2 2 1 1 1 1 1 1 2 2 


SEQUENCE OF PREFERRED BINS:
66  66  66  66  66  66  55  55  55  55  55  55  44  44  44  44  44  44  33  33  33  33  33  33  22  22  22  22  11  11  ...
55  55  55  55  55  55  64  64  64  64  64  64  53  53  53  53  53  53  42  42  42  42  42  42  31  31  31  31  22  22  ...
44  44  44  44  44  44  33  33  33  33  33  33  62  62  62  62  62  62  51  51  51  51  51  51  44  44  44  44  33  33  ...
33  33  33  33  33  33  22  22  22  22  22  22  11  11  11  11  11  11  66  66  66  66  66  66  55  55  55  55  44  44  ...
22  22  22  22  22  22  11  11  11  11  11  11  00  00  00  00  00  00  00  00  00  00  00  00  66  66  66  66  55  55  ...
11  11  11  11  11  11  00  00  00  00  00  00  00  00  00  00  00  00  00  00  00  00  00  00  00  00  00  00  66  66  ...


BIN ALLOCATION OF DISTANCES:
5 3 5 5 2 6 
5 1 4 4 5 6 
2 6 1 1 3 4 
2 4 6 1 3 4 
6 5 3 2 1 3 
3 2 2 4 6 1 


BINS USED:
6 6 6 4 6 6 5 5 4 5 5 4 4 3 5 5 4 2 4 3 3 2 2 3 1 2 1 1 1 3 1 2 2 3 1 0 


TRANSITION SEQUENCE:
-1 -1 -1 -1 -1 -1 -1 -1 -1 0.77381 -1 0.571429 0.428571 -1 -1 -1 0.607143 -1 0.392857 0.380952 -1 -1 -1 0.22619 0 -1 0 0.178571 0 0.202381 0 -1 -1 -1 0 0 


CORRELATION COEFFICIENT:          0.407138
DETECTION POWER:                  0.5831

