
Cycle found:
------------
551004533440301243505413142520232211
------------
Valid sequence 


NORMALIZED NEURAL MODEL:
-1.000000 -1.000000 -1.000000 -1.000000 -1.000000 -1.000000 
-1.000000 0.000000 0.392857 0.571429 0.773810 1.000000 
-1.000000 -1.000000 0.000000 0.178571 0.380952 0.607143 
-1.000000 -1.000000 -1.000000 0.000000 0.202381 0.428571 
-1.000000 -1.000000 -1.000000 -1.000000 0.000000 0.226190 
-1.000000 -1.000000 -1.000000 -1.000000 -1.000000 0.000000 

NORMALIZED GUIDE FUNCTION:
0.139968 0.129425 0.123216 0.118507 0.111828 0.100139 0.0819598 0.0582201 0.0325468 0.010816 0 0.00653503 0.0345978 0.0847457 0.153325 0.232884 0.313582 0.385325 0.440131 0.47416 0.488833 0.490726 0.490139 0.498653 0.526177 0.578223 0.65408 0.746393 0.842327 0.926116 0.982462 1 0.974033 0.907878 0.812469 0.704288 


BIN SEQUENCE:
3 3 2 2 2 2 2 1 1 1 1 1 1 2 3 3 3 3 4 4 4 4 4 4 5 5 5 5 6 6 6 6 6 6 5 5 


SEQUENCE OF PREFERRED BINS:
33  33  22  22  22  22  22  11  11  11  11  11  11  22  33  33  33  33  44  44  44  44  44  44  55  55  55  55  66  66  ...
42  42  31  31  31  31  31  22  22  22  22  22  22  31  42  42  42  42  53  53  53  53  53  53  64  64  64  64  55  55  ...
51  51  44  44  44  44  44  33  33  33  33  33  33  44  51  51  51  51  62  62  62  62  62  62  33  33  33  33  44  44  ...
66  66  55  55  55  55  55  44  44  44  44  44  44  55  66  66  66  66  11  11  11  11  11  11  22  22  22  22  33  33  ...
00  00  66  66  66  66  66  55  55  55  55  55  55  66  00  00  00  00  00  00  00  00  00  00  11  11  11  11  22  22  ...
00  00  00  00  00  00  00  66  66  66  66  66  66  00  00  00  00  00  00  00  00  00  00  00  00  00  00  00  11  11  ...


BIN ALLOCATION OF DISTANCES:
2 5 6 4 3 6 
1 1 4 4 6 6 
4 5 1 2 3 5 
3 5 6 1 2 4 
3 3 5 3 1 2 
4 2 6 1 5 2 


BINS USED:
2 2 1 2 3 2 1 1 2 1 3 4 3 5 4 3 3 4 4 6 5 3 4 5 6 5 5 6 4 6 2 6 1 5 1 0 


TRANSITION SEQUENCE:
0 -1 -1 -1 -1 0.22619 -1 0 0.202381 0 -1 -1 -1 -1 0.392857 0.380952 -1 0.428571 -1 -1 -1 -1 0.571429 -1 0.77381 -1 0.607143 -1 -1 -1 0.178571 -1 0 -1 0 0 


CORRELATION COEFFICIENT:          0.0175388
DETECTION POWER:                  0.607492

