
Cycle found:
------------
223345053240430203112100141525135544
------------
Valid sequence 


NORMALIZED NEURAL MODEL:
-1.000000 -1.000000 -1.000000 -1.000000 -1.000000 -1.000000 
-1.000000 0.000000 0.392857 0.571429 0.773810 1.000000 
-1.000000 -1.000000 0.000000 0.178571 0.380952 0.607143 
-1.000000 -1.000000 -1.000000 0.000000 0.202381 0.428571 
-1.000000 -1.000000 -1.000000 -1.000000 0.000000 0.226190 
-1.000000 -1.000000 -1.000000 -1.000000 -1.000000 0.000000 

NORMALIZED GUIDE FUNCTION:
0 0.0446241 0.106545 0.178268 0.252038 0.320533 0.377493 0.418229 0.439972 0.442041 0.425816 0.394526 0.352887 0.306609 0.261842 0.224595 0.200188 0.192787 0.205057 0.237954 0.290682 0.3608 0.444469 0.53681 0.632335 0.725415 0.810732 0.883687 0.94072 0.979527 0.99916 1 0.983628 0.952601 0.910171 0.859969 


BIN SEQUENCE:
1 1 1 1 2 3 3 4 4 4 4 3 3 3 2 2 1 1 2 2 2 3 4 4 5 5 5 5 6 6 6 6 6 6 5 5 


SEQUENCE OF PREFERRED BINS:
11  11  11  11  22  33  33  44  44  44  44  33  33  33  22  22  11  11  22  22  22  33  44  44  55  55  55  55  66  66  ...
22  22  22  22  31  42  42  53  53  53  53  42  42  42  31  31  22  22  31  31  31  42  53  53  64  64  64  64  55  55  ...
33  33  33  33  44  51  51  62  62  62  62  51  51  51  44  44  33  33  44  44  44  51  62  62  33  33  33  33  44  44  ...
44  44  44  44  55  66  66  11  11  11  11  66  66  66  55  55  44  44  55  55  55  66  11  11  22  22  22  22  33  33  ...
55  55  55  55  66  00  00  00  00  00  00  00  00  00  66  66  55  55  66  66  66  00  00  00  11  11  11  11  22  22  ...
66  66  66  66  00  00  00  00  00  00  00  00  00  00  00  00  66  66  00  00  00  00  00  00  00  00  00  00  11  11  ...


BIN ALLOCATION OF DISTANCES:
4 6 3 4 3 3 
5 1 5 6 6 6 
2 2 1 1 3 6 
3 2 5 1 2 6 
4 4 4 3 1 2 
2 5 5 4 5 1 


BINS USED:
1 1 1 2 2 2 3 4 5 3 4 3 3 3 3 2 4 2 1 5 2 5 4 6 6 4 6 5 6 5 6 6 1 5 1 0 


TRANSITION SEQUENCE:
0 0.178571 0 0.202381 0.22619 -1 -1 -1 -1 0.380952 -1 -1 -1 -1 -1 -1 -1 -1 0 0.392857 -1 -1 -1 -1 0.77381 -1 1 -1 0.607143 -1 0.571429 0.428571 0 -1 0 0 


CORRELATION COEFFICIENT:          0.298679
DETECTION POWER:                  0.610303

