
Cycle found:
------------
502514153135401105212042430032233445
------------
Valid sequence 


NORMALIZED NEURAL MODEL:
-1.000000 -1.000000 -1.000000 -1.000000 -1.000000 -1.000000 
-1.000000 0.000000 0.392857 0.571429 0.773810 1.000000 
-1.000000 -1.000000 0.000000 0.178571 0.380952 0.607143 
-1.000000 -1.000000 -1.000000 0.000000 0.202381 0.428571 
-1.000000 -1.000000 -1.000000 -1.000000 0.000000 0.226190 
-1.000000 -1.000000 -1.000000 -1.000000 -1.000000 0.000000 

NORMALIZED GUIDE FUNCTION:
0.83541 0.904966 0.960836 0.994886 1 0.971411 0.90774 0.811554 0.689325 0.550803 0.407863 0.272998 0.157697 0.0709395 0.0180352 0 0.0135456 0.0516886 0.104879 0.162467 0.214288 0.252111 0.270737 0.268595 0.247742 0.213299 0.17242 0.132976 0.102173 0.085321 0.0849556 0.100443 0.128113 0.161892 0.194317 0.217758 


BIN SEQUENCE:
5 6 6 6 6 6 6 5 5 5 5 5 3 1 1 1 1 1 2 3 4 4 4 4 4 3 3 2 2 2 1 2 2 3 3 4 


SEQUENCE OF PREFERRED BINS:
55  66  66  66  66  66  66  55  55  55  55  55  33  11  11  11  11  11  22  33  44  44  44  44  44  33  33  22  22  22  ...
64  55  55  55  55  55  55  64  64  64  64  64  42  22  22  22  22  22  31  42  53  53  53  53  53  42  42  31  31  31  ...
33  44  44  44  44  44  44  33  33  33  33  33  51  33  33  33  33  33  44  51  62  62  62  62  62  51  51  44  44  44  ...
22  33  33  33  33  33  33  22  22  22  22  22  66  44  44  44  44  44  55  66  11  11  11  11  11  66  66  55  55  55  ...
11  22  22  22  22  22  22  11  11  11  11  11  00  55  55  55  55  55  66  00  00  00  00  00  00  00  00  66  66  66  ...
00  11  11  11  11  11  11  00  00  00  00  00  00  66  66  66  66  66  00  00  00  00  00  00  00  00  00  00  00  00  ...


BIN ALLOCATION OF DISTANCES:
5 2 6 5 5 4 
3 1 4 4 5 5 
4 2 1 1 3 4 
3 6 2 1 3 4 
3 5 2 2 1 3 
6 6 2 6 6 1 


BINS USED:
6 6 4 6 5 5 5 6 6 4 4 6 3 2 1 3 4 2 2 4 4 5 2 3 2 3 5 5 2 1 1 1 3 1 3 0 


TRANSITION SEQUENCE:
-1 -1 0.607143 -1 0.77381 -1 1 -1 -1 0.571429 0.428571 -1 -1 -1 0 -1 -1 -1 -1 0.392857 -1 -1 -1 0.380952 -1 -1 -1 -1 -1 0 0.178571 0 0.202381 0 0.22619 0 


CORRELATION COEFFICIENT:          0.567139
DETECTION POWER:                  0.624606

