
Cycle found:
------------
223344505300324311204021014152513554
------------
Valid sequence 


NORMALIZED NEURAL MODEL:
-1.000000 -1.000000 -1.000000 -1.000000 -1.000000 -1.000000 
-1.000000 0.000000 0.392857 0.571429 0.773810 1.000000 
-1.000000 -1.000000 0.000000 0.178571 0.380952 0.607143 
-1.000000 -1.000000 -1.000000 0.000000 0.202381 0.428571 
-1.000000 -1.000000 -1.000000 -1.000000 0.000000 0.226190 
-1.000000 -1.000000 -1.000000 -1.000000 -1.000000 0.000000 

NORMALIZED GUIDE FUNCTION:
0 0.0168875 0.0461113 0.0836696 0.12551 0.167816 0.207238 0.241086 0.267443 0.285237 0.294246 0.295063 0.289009 0.278015 0.264482 0.251108 0.24071 0.236035 0.239573 0.253373 0.27889 0.316843 0.367121 0.428736 0.499822 0.577705 0.659022 0.739909 0.816228 0.883837 0.938876 0.978053 0.998903 1 0.981108 0.943243 


BIN SEQUENCE:
1 1 1 1 1 1 2 2 3 3 4 4 4 3 3 2 2 2 2 3 3 4 4 4 5 5 5 5 5 5 6 6 6 6 6 6 


SEQUENCE OF PREFERRED BINS:
11  11  11  11  11  11  22  22  33  33  44  44  44  33  33  22  22  22  22  33  33  44  44  44  55  55  55  55  55  55  ...
22  22  22  22  22  22  31  31  42  42  53  53  53  42  42  31  31  31  31  42  42  53  53  53  64  64  64  64  64  64  ...
33  33  33  33  33  33  44  44  51  51  62  62  62  51  51  44  44  44  44  51  51  62  62  62  33  33  33  33  33  33  ...
44  44  44  44  44  44  55  55  66  66  11  11  11  66  66  55  55  55  55  66  66  11  11  11  22  22  22  22  22  22  ...
55  55  55  55  55  55  66  66  00  00  00  00  00  00  00  66  66  66  66  00  00  00  00  00  11  11  11  11  11  11  ...
66  66  66  66  66  66  00  00  00  00  00  00  00  00  00  00  00  00  00  00  00  00  00  00  00  00  00  00  00  00  ...


BIN ALLOCATION OF DISTANCES:
4 6 3 4 3 3 
5 1 5 6 6 6 
2 2 1 1 3 6 
3 2 5 1 2 6 
4 4 4 3 1 2 
2 5 5 4 5 1 


BINS USED:
1 1 1 2 1 2 2 3 4 3 4 4 5 3 3 2 1 5 2 3 4 3 2 5 6 6 4 6 5 6 5 6 6 1 5 0 


TRANSITION SEQUENCE:
0 0.178571 0 0.202381 0 0.22619 -1 -1 -1 -1 -1 -1 -1 0.380952 -1 -1 0 0.392857 -1 -1 -1 -1 -1 -1 -1 0.77381 -1 1 -1 0.607143 -1 0.571429 0.428571 0 -1 0 


CORRELATION COEFFICIENT:          0.344422
DETECTION POWER:                  0.601978

