
Cycle found:
------------
110440055342120354301415132502452233
------------
Valid sequence 


NORMALIZED NEURAL MODEL:
-1.000000 -1.000000 -1.000000 -1.000000 -1.000000 -1.000000 
-1.000000 0.000000 0.392857 0.571429 0.773810 1.000000 
-1.000000 -1.000000 0.000000 0.178571 0.380952 0.607143 
-1.000000 -1.000000 -1.000000 0.000000 0.202381 0.428571 
-1.000000 -1.000000 -1.000000 -1.000000 0.000000 0.226190 
-1.000000 -1.000000 -1.000000 -1.000000 -1.000000 0.000000 

NORMALIZED GUIDE FUNCTION:
0 0.0139424 0.0307387 0.050763 0.0748777 0.1043 0.140396 0.184434 0.237324 0.299382 0.370154 0.448326 0.531733 0.617472 0.702105 0.781936 0.853324 0.913 0.958345 0.987603 1 0.995757 0.976 0.942586 0.897854 0.844354 0.784578 0.720728 0.654561 0.587306 0.519687 0.452024 0.384395 0.316844 0.249581 0.183158 


BIN SEQUENCE:
1 1 1 1 1 1 2 2 2 2 3 3 4 4 4 5 5 5 6 6 6 6 6 6 5 5 5 4 4 4 3 3 3 3 2 2 


SEQUENCE OF PREFERRED BINS:
11  11  11  11  11  11  22  22  22  22  33  33  44  44  44  55  55  55  66  66  66  66  66  66  55  55  55  44  44  44  ...
22  22  22  22  22  22  31  31  31  31  42  42  53  53  53  64  64  64  55  55  55  55  55  55  64  64  64  53  53  53  ...
33  33  33  33  33  33  44  44  44  44  51  51  62  62  62  33  33  33  44  44  44  44  44  44  33  33  33  62  62  62  ...
44  44  44  44  44  44  55  55  55  55  66  66  11  11  11  22  22  22  33  33  33  33  33  33  22  22  22  11  11  11  ...
55  55  55  55  55  55  66  66  66  66  00  00  00  00  00  11  11  11  22  22  22  22  22  22  11  11  11  00  00  00  ...
66  66  66  66  66  66  00  00  00  00  00  00  00  00  00  00  00  00  11  11  11  11  11  11  00  00  00  00  00  00  ...


BIN ALLOCATION OF DISTANCES:
3 6 6 4 2 3 
2 1 4 5 6 6 
5 3 1 2 3 5 
4 4 1 1 2 5 
1 6 3 4 1 2 
4 6 5 3 5 2 


BINS USED:
1 2 2 1 1 3 3 2 3 2 3 3 4 5 4 5 5 4 4 6 6 6 6 6 5 1 5 4 6 3 2 5 1 2 1 0 


TRANSITION SEQUENCE:
0 -1 -1 0 -1 -1 -1 0 -1 0.202381 -1 -1 0.392857 -1 -1 0.428571 -1 -1 -1 -1 0.77381 -1 1 -1 0.571429 -1 0.607143 -1 -1 0.380952 0.22619 -1 0 0.178571 0 0 


CORRELATION COEFFICIENT:          0.586983
DETECTION POWER:                  0.614623

