
Cycle found:
------------
044553343032350124005131415202542211
------------
Valid sequence 


NORMALIZED NEURAL MODEL:
-1.000000 -1.000000 -1.000000 -1.000000 -1.000000 -1.000000 
-1.000000 0.000000 0.392857 0.571429 0.773810 1.000000 
-1.000000 -1.000000 0.000000 0.178571 0.380952 0.607143 
-1.000000 -1.000000 -1.000000 0.000000 0.202381 0.428571 
-1.000000 -1.000000 -1.000000 -1.000000 0.000000 0.226190 
-1.000000 -1.000000 -1.000000 -1.000000 -1.000000 0.000000 

NORMALIZED GUIDE FUNCTION:
0 0.0225109 0.0480005 0.0762651 0.107086 0.14023 0.175453 0.2125 0.25111 0.291014 0.331938 0.373607 0.415745 0.458077 0.500331 0.54224 0.583544 0.623989 0.663333 0.701344 0.737803 0.772502 0.805253 0.835878 0.864219 0.890134 0.9135 0.934212 0.952184 0.967346 0.979652 0.989072 0.995595 0.999229 1 0.997951 


BIN SEQUENCE:
1 1 1 1 1 1 2 2 2 2 2 2 3 3 3 3 3 3 4 4 4 4 4 4 5 5 5 5 5 5 6 6 6 6 6 6 


SEQUENCE OF PREFERRED BINS:
11  11  11  11  11  11  22  22  22  22  22  22  33  33  33  33  33  33  44  44  44  44  44  44  55  55  55  55  55  55  ...
22  22  22  22  22  22  31  31  31  31  31  31  42  42  42  42  42  42  53  53  53  53  53  53  64  64  64  64  64  64  ...
33  33  33  33  33  33  44  44  44  44  44  44  51  51  51  51  51  51  62  62  62  62  62  62  33  33  33  33  33  33  ...
44  44  44  44  44  44  55  55  55  55  55  55  66  66  66  66  66  66  11  11  11  11  11  11  22  22  22  22  22  22  ...
55  55  55  55  55  55  66  66  66  66  66  66  00  00  00  00  00  00  00  00  00  00  00  00  11  11  11  11  11  11  ...
66  66  66  66  66  66  00  00  00  00  00  00  00  00  00  00  00  00  00  00  00  00  00  00  00  00  00  00  00  00  ...


BIN ALLOCATION OF DISTANCES:
4 4 6 4 3 5 
5 1 3 5 6 6 
5 4 1 2 3 6 
3 6 1 1 2 5 
3 4 2 2 1 2 
3 4 5 2 6 1 


BINS USED:
3 1 2 1 2 1 2 2 3 4 1 2 5 3 4 3 3 3 4 5 4 5 6 6 4 6 5 5 6 6 6 2 1 4 1 0 


TRANSITION SEQUENCE:
-1 0 0.22619 0 -1 0 0.202381 -1 -1 -1 -1 0.178571 0.428571 -1 -1 0.392857 0.380952 -1 -1 -1 -1 0.571429 -1 0.77381 -1 1 -1 -1 -1 0.607143 -1 -1 0 -1 0 0 


CORRELATION COEFFICIENT:          0.266099
DETECTION POWER:                  0.598582

