Unable to find a valid Hamiltonian Circuit.
Elapsed time: 2 seconds. Trying again...

Cycle found:
------------
400302101415135325205042443311223455
------------
Valid sequence 


NORMALIZED NEURAL MODEL:
-1.000000 -1.000000 -1.000000 -1.000000 -1.000000 -1.000000 
-1.000000 0.000000 0.392857 0.571429 0.773810 1.000000 
-1.000000 -1.000000 0.000000 0.178571 0.380952 0.607143 
-1.000000 -1.000000 -1.000000 0.000000 0.202381 0.428571 
-1.000000 -1.000000 -1.000000 -1.000000 0.000000 0.226190 
-1.000000 -1.000000 -1.000000 -1.000000 -1.000000 0.000000 

NORMALIZED GUIDE FUNCTION:
1 0.972 0.940545 0.905891 0.868318 0.828133 0.785661 0.741246 0.695249 0.64804 0.600001 0.551519 0.502985 0.454788 0.407314 0.360944 0.316048 0.272982 0.232087 0.193688 0.158085 0.125556 0.0963532 0.0707013 0.0487947 0.0307967 0.016838 0.00701599 0.00139384 0 0.00282821 0.00983758 0.0209531 0.0360662 0.0550362 0.077691 


BIN SEQUENCE:
6 6 6 6 6 6 5 5 5 5 5 5 4 4 4 4 4 4 3 3 3 3 3 2 2 2 1 1 1 1 1 1 2 2 2 3 


SEQUENCE OF PREFERRED BINS:
66  66  66  66  66  66  55  55  55  55  55  55  44  44  44  44  44  44  33  33  33  33  33  22  22  22  11  11  11  11  ...
55  55  55  55  55  55  64  64  64  64  64  64  53  53  53  53  53  53  42  42  42  42  42  31  31  31  22  22  22  22  ...
44  44  44  44  44  44  33  33  33  33  33  33  62  62  62  62  62  62  51  51  51  51  51  44  44  44  33  33  33  33  ...
33  33  33  33  33  33  22  22  22  22  22  22  11  11  11  11  11  11  66  66  66  66  66  55  55  55  44  44  44  44  ...
22  22  22  22  22  22  11  11  11  11  11  11  00  00  00  00  00  00  00  00  00  00  00  66  66  66  55  55  55  55  ...
11  11  11  11  11  11  00  00  00  00  00  00  00  00  00  00  00  00  00  00  00  00  00  00  00  00  66  66  66  66  ...


BIN ALLOCATION OF DISTANCES:
6 4 5 5 2 3 
5 1 2 3 6 6 
3 4 1 2 2 4 
6 5 3 1 2 3 
5 4 3 4 1 2 
1 6 6 4 5 1 


BINS USED:
5 6 5 6 5 4 5 4 6 4 6 6 3 3 4 3 4 6 3 3 1 2 3 2 1 4 1 5 1 2 1 2 2 2 1 0 


TRANSITION SEQUENCE:
-1 -1 -1 -1 -1 -1 -1 -1 0.77381 -1 1 -1 0.571429 0.428571 -1 -1 0.607143 -1 -1 -1 -1 -1 -1 0.380952 0 -1 0 -1 0 0.392857 0 0.178571 0.202381 0.22619 0 0 


CORRELATION COEFFICIENT:          0.395765
DETECTION POWER:                  0.60056

