
Cycle found:
------------
503054353141525121324200223340110445
------------
Valid sequence 


NORMALIZED NEURAL MODEL:
-1.000000 -1.000000 -1.000000 -1.000000 -1.000000 -1.000000 
-1.000000 0.000000 0.392857 0.571429 0.773810 1.000000 
-1.000000 -1.000000 0.000000 0.178571 0.380952 0.607143 
-1.000000 -1.000000 -1.000000 0.000000 0.202381 0.428571 
-1.000000 -1.000000 -1.000000 -1.000000 0.000000 0.226190 
-1.000000 -1.000000 -1.000000 -1.000000 -1.000000 0.000000 

NORMALIZED GUIDE FUNCTION:
0.766917 0.80783 0.845549 0.87976 0.910171 0.936515 0.958552 0.976075 0.98891 0.996919 1 0.998095 0.991184 0.979291 0.962486 0.940879 0.914626 0.883926 0.849022 0.810195 0.767769 0.722101 0.673585 0.622645 0.569731 0.515317 0.459896 0.403975 0.34807 0.2927 0.238385 0.185635 0.134952 0.0868167 0.041689 0 


BIN SEQUENCE:
3 3 4 4 4 5 5 5 6 6 6 6 6 6 5 5 5 4 4 4 3 3 3 3 2 2 2 2 2 2 1 1 1 1 1 1 


SEQUENCE OF PREFERRED BINS:
33  33  44  44  44  55  55  55  66  66  66  66  66  66  55  55  55  44  44  44  33  33  33  33  22  22  22  22  22  22  ...
42  42  53  53  53  64  64  64  55  55  55  55  55  55  64  64  64  53  53  53  42  42  42  42  31  31  31  31  31  31  ...
51  51  62  62  62  33  33  33  44  44  44  44  44  44  33  33  33  62  62  62  51  51  51  51  44  44  44  44  44  44  ...
66  66  11  11  11  22  22  22  33  33  33  33  33  33  22  22  22  11  11  11  66  66  66  66  55  55  55  55  55  55  ...
00  00  00  00  00  11  11  11  22  22  22  22  22  22  11  11  11  00  00  00  00  00  00  00  66  66  66  66  66  66  ...
00  00  00  00  00  00  00  00  11  11  11  11  11  11  00  00  00  00  00  00  00  00  00  00  00  00  00  00  00  00  ...


BIN ALLOCATION OF DISTANCES:
4 6 4 3 6 4 
1 1 5 5 6 6 
2 5 1 2 3 5 
4 4 3 1 2 5 
1 3 3 4 1 2 
3 2 6 6 5 2 


BINS USED:
3 3 4 4 5 4 5 6 4 6 3 6 6 5 2 5 5 5 3 3 3 2 4 4 1 2 1 2 1 6 1 1 6 1 2 0 


TRANSITION SEQUENCE:
-1 -1 -1 -1 -1 -1 0.428571 -1 -1 0.77381 -1 1 -1 0.607143 -1 0.392857 -1 0.571429 -1 0.380952 -1 -1 -1 -1 0 0.178571 0 0.202381 -1 -1 0 -1 -1 0 0.22619 0 


CORRELATION COEFFICIENT:          0.587035
DETECTION POWER:                  0.606981

