
Cycle found:
------------
455322304240125005431415135202110334
------------
Valid sequence 


NORMALIZED NEURAL MODEL:
-1.000000 -1.000000 -1.000000 -1.000000 -1.000000 -1.000000 
-1.000000 0.000000 0.392857 0.571429 0.773810 1.000000 
-1.000000 -1.000000 0.000000 0.178571 0.380952 0.607143 
-1.000000 -1.000000 -1.000000 0.000000 0.202381 0.428571 
-1.000000 -1.000000 -1.000000 -1.000000 0.000000 0.226190 
-1.000000 -1.000000 -1.000000 -1.000000 -1.000000 0.000000 

NORMALIZED GUIDE FUNCTION:
0 0.0656936 0.134157 0.204615 0.276269 0.348303 0.419898 0.490245 0.55855 0.624054 0.686035 0.743824 0.796812 0.844458 0.886296 0.921943 0.951099 0.973556 0.989195 0.997989 1 0.99538 0.984362 0.967259 0.944455 0.916401 0.883602 0.846611 0.806019 0.762444 0.71652 0.66889 0.620191 0.571047 0.522058 0.473794 


BIN SEQUENCE:
1 1 1 1 1 1 2 2 2 3 3 3 4 4 5 5 5 6 6 6 6 6 6 5 5 5 4 4 4 4 3 3 3 2 2 2 


SEQUENCE OF PREFERRED BINS:
11  11  11  11  11  11  22  22  22  33  33  33  44  44  55  55  55  66  66  66  66  66  66  55  55  55  44  44  44  44  ...
22  22  22  22  22  22  31  31  31  42  42  42  53  53  64  64  64  55  55  55  55  55  55  64  64  64  53  53  53  53  ...
33  33  33  33  33  33  44  44  44  51  51  51  62  62  33  33  33  44  44  44  44  44  44  33  33  33  62  62  62  62  ...
44  44  44  44  44  44  55  55  55  66  66  66  11  11  22  22  22  33  33  33  33  33  33  22  22  22  11  11  11  11  ...
55  55  55  55  55  55  66  66  66  00  00  00  00  00  11  11  11  22  22  22  22  22  22  11  11  11  00  00  00  00  ...
66  66  66  66  66  66  00  00  00  00  00  00  00  00  00  00  00  11  11  11  11  11  11  00  00  00  00  00  00  00  ...


BIN ALLOCATION OF DISTANCES:
4 4 1 1 1 1 
1 2 5 5 6 6 
5 6 2 3 4 5 
2 6 1 2 3 5 
4 4 3 5 2 3 
4 6 3 3 6 2 


BINS USED:
3 2 3 1 2 3 2 1 3 4 4 4 5 5 4 4 1 6 5 6 6 4 6 6 5 5 3 5 1 6 2 1 1 2 3 0 


TRANSITION SEQUENCE:
0.22619 0 -1 -1 0 0.178571 -1 -1 -1 0.380952 -1 -1 0.392857 0.607143 -1 -1 -1 -1 -1 -1 0.77381 -1 1 -1 0.571429 0.428571 -1 -1 -1 -1 0 -1 -1 0 0.202381 0 


CORRELATION COEFFICIENT:          0.513674
DETECTION POWER:                  0.59976

