
Cycle found:
------------
544550534210324135251430401200223311
------------
Valid sequence 


NORMALIZED NEURAL MODEL:
-1.000000 -1.000000 -1.000000 -1.000000 -1.000000 -1.000000 
-1.000000 0.000000 0.392857 0.571429 0.773810 1.000000 
-1.000000 -1.000000 0.000000 0.178571 0.380952 0.607143 
-1.000000 -1.000000 -1.000000 0.000000 0.202381 0.428571 
-1.000000 -1.000000 -1.000000 -1.000000 0.000000 0.226190 
-1.000000 -1.000000 -1.000000 -1.000000 -1.000000 0.000000 

NORMALIZED GUIDE FUNCTION:
0 0.0448549 0.0974606 0.156692 0.221339 0.290124 0.361723 0.434792 0.507983 0.579974 0.649484 0.7153 0.776297 0.831453 0.879873 0.9208 0.953631 0.977925 0.993412 1 0.997774 0.986997 0.968103 0.941694 0.908524 0.869491 0.82562 0.778043 0.727979 0.676716 0.625581 0.575924 0.529084 0.486372 0.449042 0.418266 


BIN SEQUENCE:
1 1 1 1 1 1 2 2 2 3 3 4 4 4 5 5 5 6 6 6 6 6 6 5 5 5 4 4 4 3 3 3 3 2 2 2 


SEQUENCE OF PREFERRED BINS:
11  11  11  11  11  11  22  22  22  33  33  44  44  44  55  55  55  66  66  66  66  66  66  55  55  55  44  44  44  33  ...
22  22  22  22  22  22  31  31  31  42  42  53  53  53  64  64  64  55  55  55  55  55  55  64  64  64  53  53  53  42  ...
33  33  33  33  33  33  44  44  44  51  51  62  62  62  33  33  33  44  44  44  44  44  44  33  33  33  62  62  62  51  ...
44  44  44  44  44  44  55  55  55  66  66  11  11  11  22  22  22  33  33  33  33  33  33  22  22  22  11  11  11  66  ...
55  55  55  55  55  55  66  66  66  00  00  00  00  00  11  11  11  22  22  22  22  22  22  11  11  11  00  00  00  00  ...
66  66  66  66  66  66  00  00  00  00  00  00  00  00  00  00  00  11  11  11  11  11  11  00  00  00  00  00  00  00  ...


BIN ALLOCATION OF DISTANCES:
2 6 3 4 4 1 
3 1 4 6 6 6 
5 3 1 2 4 6 
3 1 5 1 2 5 
5 5 3 6 1 2 
3 4 5 4 2 2 


BINS USED:
2 1 2 2 3 1 4 2 3 3 3 4 5 4 5 6 5 5 6 4 6 6 3 4 5 6 4 5 2 3 1 2 1 1 1 0 


TRANSITION SEQUENCE:
-1 0 0.22619 0 -1 -1 -1 0.202381 -1 -1 -1 -1 -1 0.380952 -1 0.571429 0.428571 -1 0.607143 -1 0.77381 -1 -1 -1 -1 -1 0.392857 -1 -1 -1 0 0.178571 0 -1 0 0 


CORRELATION COEFFICIENT:          0.542838
DETECTION POWER:                  0.644167

