
Cycle found:
------------
020533445523124304135015142540032211
------------
Valid sequence 


NORMALIZED NEURAL MODEL:
-1.000000 -1.000000 -1.000000 -1.000000 -1.000000 -1.000000 
-1.000000 0.000000 0.392857 0.571429 0.773810 1.000000 
-1.000000 -1.000000 0.000000 0.178571 0.380952 0.607143 
-1.000000 -1.000000 -1.000000 0.000000 0.202381 0.428571 
-1.000000 -1.000000 -1.000000 -1.000000 0.000000 0.226190 
-1.000000 -1.000000 -1.000000 -1.000000 -1.000000 0.000000 

NORMALIZED GUIDE FUNCTION:
0 0.0549023 0.112907 0.1734 0.235747 0.299302 0.363409 0.427414 0.490668 0.552536 0.612401 0.66967 0.723785 0.774219 0.820492 0.862167 0.89886 0.930238 0.95603 0.976022 0.990062 0.998063 1 0.995913 0.985906 0.970144 0.94885 0.922309 0.890856 0.854879 0.814811 0.771129 0.724344 0.674999 0.623663 0.570924 


BIN SEQUENCE:
1 1 1 1 1 1 2 2 2 2 2 3 3 4 4 4 5 5 5 6 6 6 6 6 6 5 5 5 4 4 4 3 3 3 3 2 


SEQUENCE OF PREFERRED BINS:
11  11  11  11  11  11  22  22  22  22  22  33  33  44  44  44  55  55  55  66  66  66  66  66  66  55  55  55  44  44  ...
22  22  22  22  22  22  31  31  31  31  31  42  42  53  53  53  64  64  64  55  55  55  55  55  55  64  64  64  53  53  ...
33  33  33  33  33  33  44  44  44  44  44  51  51  62  62  62  33  33  33  44  44  44  44  44  44  33  33  33  62  62  ...
44  44  44  44  44  44  55  55  55  55  55  66  66  11  11  11  22  22  22  33  33  33  33  33  33  22  22  22  11  11  ...
55  55  55  55  55  55  66  66  66  66  66  00  00  00  00  00  11  11  11  22  22  22  22  22  22  11  11  11  00  00  ...
66  66  66  66  66  66  00  00  00  00  00  00  00  00  00  00  00  00  00  11  11  11  11  11  11  00  00  00  00  00  ...


BIN ALLOCATION OF DISTANCES:
4 6 3 5 5 3 
5 1 3 5 6 6 
1 5 1 2 3 6 
4 2 4 1 2 5 
3 4 6 4 2 2 
6 4 1 1 3 2 


BINS USED:
3 1 3 1 1 2 2 2 2 1 2 2 3 3 4 4 5 4 5 5 6 6 6 4 6 6 6 3 3 4 5 4 1 5 1 0 


TRANSITION SEQUENCE:
-1 -1 -1 -1 0 0.202381 0 0.22619 0 -1 0.178571 -1 0.392857 0.380952 -1 -1 -1 -1 0.571429 0.428571 -1 -1 1 -1 0.77381 -1 0.607143 -1 -1 -1 -1 -1 0 -1 0 0 


CORRELATION COEFFICIENT:          0.443998
DETECTION POWER:                  0.602554

