Unable to find a valid Hamiltonian Circuit.
Elapsed time: 2 seconds. Trying again...

Cycle found:
------------
542521415131245304003201105502233443
------------
Valid sequence 


NORMALIZED NEURAL MODEL:
-1.000000 -1.000000 -1.000000 -1.000000 -1.000000 -1.000000 
-1.000000 0.000000 0.392857 0.571429 0.773810 1.000000 
-1.000000 -1.000000 0.000000 0.178571 0.380952 0.607143 
-1.000000 -1.000000 -1.000000 0.000000 0.202381 0.428571 
-1.000000 -1.000000 -1.000000 -1.000000 0.000000 0.226190 
-1.000000 -1.000000 -1.000000 -1.000000 -1.000000 0.000000 

NORMALIZED GUIDE FUNCTION:
0.743852 0.794074 0.841319 0.884327 0.921937 0.953112 0.976963 0.99277 1 0.998315 0.987582 0.967875 0.93947 0.902837 0.858631 0.80767 0.750919 0.689466 0.624493 0.557251 0.489031 0.421131 0.354833 0.291372 0.231908 0.177508 0.129121 0.087562 0.0534989 0.0274433 0.00974445 0.00058834 0 0.00785001 0.0238642 0.0476365 


BIN SEQUENCE:
4 4 4 5 5 5 6 6 6 6 6 6 5 5 5 4 4 4 3 3 3 3 3 3 2 2 2 2 2 1 1 1 1 1 1 2 


SEQUENCE OF PREFERRED BINS:
44  44  44  55  55  55  66  66  66  66  66  66  55  55  55  44  44  44  33  33  33  33  33  33  22  22  22  22  22  11  ...
53  53  53  64  64  64  55  55  55  55  55  55  64  64  64  53  53  53  42  42  42  42  42  42  31  31  31  31  31  22  ...
62  62  62  33  33  33  44  44  44  44  44  44  33  33  33  62  62  62  51  51  51  51  51  51  44  44  44  44  44  33  ...
11  11  11  22  22  22  33  33  33  33  33  33  22  22  22  11  11  11  66  66  66  66  66  66  55  55  55  55  55  44  ...
00  00  00  11  11  11  22  22  22  22  22  22  11  11  11  00  00  00  00  00  00  00  00  00  66  66  66  66  66  55  ...
00  00  00  00  00  00  11  11  11  11  11  11  00  00  00  00  00  00  00  00  00  00  00  00  00  00  00  00  00  66  ...


BIN ALLOCATION OF DISTANCES:
3 1 6 5 4 6 
1 1 3 4 5 6 
3 5 1 2 3 4 
4 6 2 1 2 3 
2 6 5 2 1 3 
4 6 5 5 4 2 


BINS USED:
4 5 4 5 5 5 6 6 6 4 6 3 3 3 5 4 4 2 3 5 2 3 1 1 1 6 2 4 6 1 2 1 2 1 2 0 


TRANSITION SEQUENCE:
-1 -1 0.607143 -1 -1 0.77381 -1 1 -1 0.571429 -1 0.392857 0.380952 0.22619 -1 -1 -1 -1 -1 -1 -1 -1 -1 0 -1 -1 0 -1 -1 0 0.178571 0 0.202381 0 -1 0 


CORRELATION COEFFICIENT:          0.614156
DETECTION POWER:                  0.613724

