
Cycle found:
------------
433110121340241514253203500544552230
------------
Valid sequence 


NORMALIZED NEURAL MODEL:
-1.000000 -1.000000 -1.000000 -1.000000 -1.000000 -1.000000 
-1.000000 0.000000 0.392857 0.571429 0.773810 1.000000 
-1.000000 -1.000000 0.000000 0.178571 0.380952 0.607143 
-1.000000 -1.000000 -1.000000 0.000000 0.202381 0.428571 
-1.000000 -1.000000 -1.000000 -1.000000 0.000000 0.226190 
-1.000000 -1.000000 -1.000000 -1.000000 -1.000000 0.000000 

NORMALIZED GUIDE FUNCTION:
0 0.0773576 0.156418 0.236251 0.315937 0.394573 0.471286 0.545241 0.615651 0.681787 0.742981 0.798637 0.848234 0.891332 0.927577 0.956701 0.978524 0.992957 1 0.999739 0.992345 0.978071 0.957244 0.930267 0.897603 0.859777 0.817364 0.770981 0.721283 0.668949 0.614676 0.559172 0.503144 0.447289 0.392291 0.338806 


BIN SEQUENCE:
1 1 1 1 1 2 2 2 3 3 4 4 4 5 5 5 6 6 6 6 6 6 5 5 5 4 4 4 3 3 3 3 2 2 2 1 


SEQUENCE OF PREFERRED BINS:
11  11  11  11  11  22  22  22  33  33  44  44  44  55  55  55  66  66  66  66  66  66  55  55  55  44  44  44  33  33  ...
22  22  22  22  22  31  31  31  42  42  53  53  53  64  64  64  55  55  55  55  55  55  64  64  64  53  53  53  42  42  ...
33  33  33  33  33  44  44  44  51  51  62  62  62  33  33  33  44  44  44  44  44  44  33  33  33  62  62  62  51  51  ...
44  44  44  44  44  55  55  55  66  66  11  11  11  22  22  22  33  33  33  33  33  33  22  22  22  11  11  11  66  66  ...
55  55  55  55  55  66  66  66  00  00  00  00  00  11  11  11  22  22  22  22  22  22  11  11  11  00  00  00  00  00  ...
66  66  66  66  66  00  00  00  00  00  00  00  00  00  00  00  11  11  11  11  11  11  00  00  00  00  00  00  00  00  ...


BIN ALLOCATION OF DISTANCES:
6 3 4 6 4 1 
1 1 4 5 6 6 
3 2 1 2 4 6 
2 1 5 1 3 4 
5 5 6 2 2 3 
4 5 3 5 3 2 


BINS USED:
2 1 1 1 1 3 4 2 5 3 5 4 4 5 6 5 6 6 6 5 5 3 6 4 4 6 1 3 2 3 2 3 1 2 2 0 


TRANSITION SEQUENCE:
-1 0 -1 0 -1 -1 0.392857 -1 0.571429 0.202381 -1 -1 0.380952 -1 1 -1 0.77381 -1 0.607143 -1 -1 -1 -1 0.428571 -1 -1 -1 -1 0 0.22619 0 -1 0 0.178571 -1 0 


CORRELATION COEFFICIENT:          0.443801
DETECTION POWER:                  0.597386

