
Cycle found:
------------
223344550435131541425302401052112003
------------
Valid sequence 


NORMALIZED NEURAL MODEL:
-1.000000 -1.000000 -1.000000 -1.000000 -1.000000 -1.000000 
-1.000000 0.000000 0.392857 0.571429 0.773810 1.000000 
-1.000000 -1.000000 0.000000 0.178571 0.380952 0.607143 
-1.000000 -1.000000 -1.000000 0.000000 0.202381 0.428571 
-1.000000 -1.000000 -1.000000 -1.000000 0.000000 0.226190 
-1.000000 -1.000000 -1.000000 -1.000000 -1.000000 0.000000 

NORMALIZED GUIDE FUNCTION:
0.0236528 0.120524 0.216406 0.310308 0.401277 0.488398 0.570811 0.647719 0.718392 0.78218 0.838516 0.886923 0.927017 0.95851 0.981214 0.99504 1 0.996201 0.983845 0.963229 0.934732 0.898816 0.856018 0.80694 0.752243 0.692639 0.62888 0.561749 0.492052 0.420606 0.348229 0.275733 0.203912 0.133535 0.0653337 0 


BIN SEQUENCE:
1 1 2 2 2 3 3 3 4 4 4 5 5 5 6 6 6 6 6 6 5 5 5 4 4 4 3 3 3 2 2 2 1 1 1 1 


SEQUENCE OF PREFERRED BINS:
11  11  22  22  22  33  33  33  44  44  44  55  55  55  66  66  66  66  66  66  55  55  55  44  44  44  33  33  33  22  ...
22  22  31  31  31  42  42  42  53  53  53  64  64  64  55  55  55  55  55  55  64  64  64  53  53  53  42  42  42  31  ...
33  33  44  44  44  51  51  51  62  62  62  33  33  33  44  44  44  44  44  44  33  33  33  62  62  62  51  51  51  44  ...
44  44  55  55  55  66  66  66  11  11  11  22  22  22  33  33  33  33  33  33  22  22  22  11  11  11  66  66  66  55  ...
55  55  66  66  66  00  00  00  00  00  00  11  11  11  22  22  22  22  22  22  11  11  11  00  00  00  00  00  00  66  ...
66  66  00  00  00  00  00  00  00  00  00  00  00  00  11  11  11  11  11  11  00  00  00  00  00  00  00  00  00  00  ...


BIN ALLOCATION OF DISTANCES:
2 3 6 1 3 3 
3 1 4 5 6 6 
3 3 1 2 4 6 
6 5 1 2 2 5 
4 6 5 4 2 4 
4 5 1 1 5 2 


BINS USED:
1 2 2 2 2 4 2 4 3 4 5 5 5 5 6 5 6 6 5 6 1 6 6 4 4 3 3 3 1 3 1 4 3 2 1 0 


TRANSITION SEQUENCE:
0 0.178571 0 0.202381 0 0.22619 0 -1 -1 -1 0.428571 -1 0.571429 -1 1 -1 -1 0.77381 -1 0.607143 -1 -1 -1 0.380952 -1 -1 -1 -1 -1 -1 0 0.392857 -1 -1 -1 0 


CORRELATION COEFFICIENT:          0.583802
DETECTION POWER:                  0.603321

