
Cycle found:
------------
200554223311032125141501353043452440
------------
Valid sequence 


NORMALIZED NEURAL MODEL:
-1.000000 -1.000000 -1.000000 -1.000000 -1.000000 -1.000000 
-1.000000 0.000000 0.392857 0.571429 0.773810 1.000000 
-1.000000 -1.000000 0.000000 0.178571 0.380952 0.607143 
-1.000000 -1.000000 -1.000000 0.000000 0.202381 0.428571 
-1.000000 -1.000000 -1.000000 -1.000000 0.000000 0.226190 
-1.000000 -1.000000 -1.000000 -1.000000 -1.000000 0.000000 

NORMALIZED GUIDE FUNCTION:
0.447766 0.414174 0.359815 0.290053 0.212342 0.135525 0.0689167 0.0213123 0 0.00992157 0.0530696 0.128199 0.230893 0.353971 0.48821 0.623279 0.748792 0.855356 0.935494 0.984333 1 0.983663 0.939243 0.872826 0.791858 0.704229 0.617354 0.537367 0.468526 0.412879 0.370252 0.338519 0.314129 0.292803 0.270305 0.243186 


BIN SEQUENCE:
4 4 3 2 2 2 1 1 1 1 1 1 2 3 4 5 5 5 6 6 6 6 6 6 5 5 5 4 4 4 3 3 3 3 2 2 


SEQUENCE OF PREFERRED BINS:
44  44  33  22  22  22  11  11  11  11  11  11  22  33  44  55  55  55  66  66  66  66  66  66  55  55  55  44  44  44  ...
53  53  42  31  31  31  22  22  22  22  22  22  31  42  53  64  64  64  55  55  55  55  55  55  64  64  64  53  53  53  ...
62  62  51  44  44  44  33  33  33  33  33  33  44  51  62  33  33  33  44  44  44  44  44  44  33  33  33  62  62  62  ...
11  11  66  55  55  55  44  44  44  44  44  44  55  66  11  22  22  22  33  33  33  33  33  33  22  22  22  11  11  11  ...
00  00  00  66  66  66  55  55  55  55  55  55  66  00  00  11  11  11  22  22  22  22  22  22  11  11  11  00  00  00  ...
00  00  00  00  00  00  66  66  66  66  66  66  00  00  00  00  00  00  11  11  11  11  11  11  00  00  00  00  00  00  ...


BIN ALLOCATION OF DISTANCES:
5 6 4 5 6 1 
2 1 4 4 6 6 
4 4 1 3 3 5 
6 2 3 2 3 4 
5 6 2 3 2 3 
5 5 1 1 1 2 


BINS USED:
4 5 1 2 1 2 1 3 2 2 1 2 5 3 4 4 5 5 6 6 6 5 6 4 4 1 6 6 3 3 3 1 3 2 5 0 


TRANSITION SEQUENCE:
-1 -1 -1 0 -1 -1 0 0.178571 0 -1 0 -1 -1 -1 -1 0.392857 0.607143 -1 0.77381 -1 1 -1 -1 0.571429 0.428571 -1 -1 -1 -1 0.202381 0.22619 -1 0.380952 0 -1 0 


CORRELATION COEFFICIENT:          0.648972
DETECTION POWER:                  0.596708

