
Cycle found:
------------
200554223311032125141501353043452440
------------
Valid sequence 


NORMALIZED NEURAL MODEL:
-1.000000 -1.000000 -1.000000 -1.000000 -1.000000 -1.000000 
-1.000000 0.000000 0.392857 0.571429 0.773810 1.000000 
-1.000000 -1.000000 0.000000 0.178571 0.380952 0.607143 
-1.000000 -1.000000 -1.000000 0.000000 0.202381 0.428571 
-1.000000 -1.000000 -1.000000 -1.000000 0.000000 0.226190 
-1.000000 -1.000000 -1.000000 -1.000000 -1.000000 0.000000 

NORMALIZED GUIDE FUNCTION:
0.328632 0.310218 0.278466 0.235217 0.183806 0.128989 0.0766702 0.0334304 0.00589539 0 0.0202393 0.0689999 0.146067 0.248392 0.370166 0.503229 0.637774 0.763297 0.869668 0.94822 0.992705 1 0.970467 0.907908 0.819108 0.713031 0.599741 0.489202 0.390109 0.308889 0.249027 0.21079 0.19139 0.185573 0.186541 0.187086 


BIN SEQUENCE:
4 4 3 3 2 2 1 1 1 1 1 1 2 3 4 5 5 5 6 6 6 6 6 6 5 5 5 4 4 4 3 3 3 2 2 2 


SEQUENCE OF PREFERRED BINS:
44  44  33  33  22  22  11  11  11  11  11  11  22  33  44  55  55  55  66  66  66  66  66  66  55  55  55  44  44  44  ...
53  53  42  42  31  31  22  22  22  22  22  22  31  42  53  64  64  64  55  55  55  55  55  55  64  64  64  53  53  53  ...
62  62  51  51  44  44  33  33  33  33  33  33  44  51  62  33  33  33  44  44  44  44  44  44  33  33  33  62  62  62  ...
11  11  66  66  55  55  44  44  44  44  44  44  55  66  11  22  22  22  33  33  33  33  33  33  22  22  22  11  11  11  ...
00  00  00  00  66  66  55  55  55  55  55  55  66  00  00  11  11  11  22  22  22  22  22  22  11  11  11  00  00  00  ...
00  00  00  00  00  00  66  66  66  66  66  66  00  00  00  00  00  00  11  11  11  11  11  11  00  00  00  00  00  00  ...


BIN ALLOCATION OF DISTANCES:
5 6 4 5 6 1 
2 1 4 4 6 6 
4 4 1 3 3 5 
6 2 3 2 3 4 
5 6 2 3 2 3 
5 5 1 1 1 2 


BINS USED:
4 5 1 2 1 2 1 3 2 2 1 2 5 3 4 4 5 5 6 6 6 5 6 4 4 1 6 6 3 3 3 1 3 2 5 0 


TRANSITION SEQUENCE:
-1 -1 -1 0 -1 -1 0 0.178571 0 -1 0 -1 -1 -1 -1 0.392857 0.607143 -1 0.77381 -1 1 -1 -1 0.571429 0.428571 -1 -1 -1 -1 0.202381 0.22619 -1 0.380952 0 -1 0 


CORRELATION COEFFICIENT:          0.629441
DETECTION POWER:                  0.596708

