
Cycle found:
------------
550453203002141525401351242234433110
------------
Valid sequence 


NORMALIZED NEURAL MODEL:
-1.000000 -1.000000 -1.000000 -1.000000 -1.000000 -1.000000 
-1.000000 0.000000 0.392857 0.571429 0.773810 1.000000 
-1.000000 -1.000000 0.000000 0.178571 0.380952 0.607143 
-1.000000 -1.000000 -1.000000 0.000000 0.202381 0.428571 
-1.000000 -1.000000 -1.000000 -1.000000 0.000000 0.226190 
-1.000000 -1.000000 -1.000000 -1.000000 -1.000000 0.000000 

NORMALIZED GUIDE FUNCTION:
0.242227 0.292789 0.348007 0.406931 0.468514 0.531634 0.595112 0.65774 0.718304 0.775608 0.828498 0.875892 0.916796 0.950331 0.975749 0.99245 1 0.998135 0.98677 0.966007 0.936127 0.897587 0.851017 0.7972 0.737064 0.671658 0.602133 0.52972 0.455705 0.381401 0.308123 0.23716 0.169754 0.107067 0.0501667 0 


BIN SEQUENCE:
1 2 2 2 3 3 3 3 4 4 4 5 5 5 6 6 6 6 6 6 5 5 5 4 4 4 3 3 2 2 2 1 1 1 1 1 


SEQUENCE OF PREFERRED BINS:
11  22  22  22  33  33  33  33  44  44  44  55  55  55  66  66  66  66  66  66  55  55  55  44  44  44  33  33  22  22  ...
22  31  31  31  42  42  42  42  53  53  53  64  64  64  55  55  55  55  55  55  64  64  64  53  53  53  42  42  31  31  ...
33  44  44  44  51  51  51  51  62  62  62  33  33  33  44  44  44  44  44  44  33  33  33  62  62  62  51  51  44  44  ...
44  55  55  55  66  66  66  66  11  11  11  22  22  22  33  33  33  33  33  33  22  22  22  11  11  11  66  66  55  55  ...
55  66  66  66  00  00  00  00  00  00  00  11  11  11  22  22  22  22  22  22  11  11  11  00  00  00  00  00  66  66  ...
66  00  00  00  00  00  00  00  00  00  00  00  00  00  11  11  11  11  11  11  00  00  00  00  00  00  00  00  00  00  ...


BIN ALLOCATION OF DISTANCES:
4 2 4 3 2 4 
6 1 4 5 5 6 
2 5 1 2 4 5 
3 1 3 1 2 5 
6 5 3 3 1 2 
3 6 6 4 6 1 


BINS USED:
1 3 2 2 4 3 2 3 3 4 4 5 5 5 6 6 5 6 6 2 5 5 6 4 4 3 1 2 2 1 3 1 1 1 6 0 


TRANSITION SEQUENCE:
0 -1 -1 0.22619 -1 -1 -1 -1 -1 -1 -1 -1 0.77381 -1 1 -1 0.607143 -1 -1 -1 0.571429 0.428571 -1 0.392857 0.380952 -1 0 0.178571 0.202381 0 -1 0 -1 0 -1 0 


CORRELATION COEFFICIENT:          0.602028
DETECTION POWER:                  0.612758

