
Cycle found:
------------
022334104311240320013521425153054455
------------
Valid sequence 


NORMALIZED NEURAL MODEL:
-1.000000 -1.000000 -1.000000 -1.000000 -1.000000 -1.000000 
-1.000000 0.000000 0.392857 0.571429 0.773810 1.000000 
-1.000000 -1.000000 0.000000 0.178571 0.380952 0.607143 
-1.000000 -1.000000 -1.000000 0.000000 0.202381 0.428571 
-1.000000 -1.000000 -1.000000 -1.000000 0.000000 0.226190 
-1.000000 -1.000000 -1.000000 -1.000000 -1.000000 0.000000 

NORMALIZED GUIDE FUNCTION:
0 0.0165894 0.0367409 0.0603025 0.0870958 0.116918 0.149542 0.184721 0.222187 0.261654 0.302824 0.345382 0.389005 0.43336 0.478111 0.522917 0.567437 0.611334 0.654272 0.695928 0.735983 0.774136 0.810096 0.843592 0.874371 0.902199 0.926869 0.948193 0.966013 0.980194 0.990632 0.99725 1 0.998864 0.993852 0.985006 


BIN SEQUENCE:
1 1 1 1 1 1 2 2 2 2 2 2 3 3 3 3 3 3 4 4 4 4 4 4 5 5 5 5 5 5 6 6 6 6 6 6 


SEQUENCE OF PREFERRED BINS:
11  11  11  11  11  11  22  22  22  22  22  22  33  33  33  33  33  33  44  44  44  44  44  44  55  55  55  55  55  55  ...
22  22  22  22  22  22  31  31  31  31  31  31  42  42  42  42  42  42  53  53  53  53  53  53  64  64  64  64  64  64  ...
33  33  33  33  33  33  44  44  44  44  44  44  51  51  51  51  51  51  62  62  62  62  62  62  33  33  33  33  33  33  ...
44  44  44  44  44  44  55  55  55  55  55  55  66  66  66  66  66  66  11  11  11  11  11  11  22  22  22  22  22  22  ...
55  55  55  55  55  55  66  66  66  66  66  66  00  00  00  00  00  00  00  00  00  00  00  00  11  11  11  11  11  11  ...
66  66  66  66  66  66  00  00  00  00  00  00  00  00  00  00  00  00  00  00  00  00  00  00  00  00  00  00  00  00  ...


BIN ALLOCATION OF DISTANCES:
5 5 3 5 3 6 
3 1 4 5 5 6 
2 4 1 2 4 5 
6 3 4 1 2 4 
3 1 4 2 1 2 
6 6 3 6 2 1 


BINS USED:
3 1 2 1 2 1 3 3 2 3 1 4 4 3 5 4 2 5 5 5 4 3 4 5 4 5 6 6 6 6 6 2 1 2 1 0 


TRANSITION SEQUENCE:
-1 0 0.178571 0 0.202381 -1 -1 -1 -1 -1 0 0.392857 0.380952 -1 -1 -1 -1 -1 -1 0.571429 0.428571 -1 -1 0.77381 -1 0.607143 -1 1 -1 -1 -1 -1 0 0.22619 0 0 


CORRELATION COEFFICIENT:          0.239816
DETECTION POWER:                  0.587446

