
Cycle found:
------------
500405324210112233445520251314154303
------------
Valid sequence 


NORMALIZED NEURAL MODEL:
-1.000000 -1.000000 -1.000000 -1.000000 -1.000000 -1.000000 
-1.000000 0.000000 0.392857 0.571429 0.773810 1.000000 
-1.000000 -1.000000 0.000000 0.178571 0.380952 0.607143 
-1.000000 -1.000000 -1.000000 0.000000 0.202381 0.428571 
-1.000000 -1.000000 -1.000000 -1.000000 0.000000 0.226190 
-1.000000 -1.000000 -1.000000 -1.000000 -1.000000 0.000000 

NORMALIZED GUIDE FUNCTION:
1 0.92663 0.846448 0.761106 0.672427 0.582352 0.492889 0.406047 0.323779 0.247919 0.180117 0.121789 0.0740652 0.0377525 0.0133068 0.00081636 0 0.0102178 0.0304954 0.059561 0.0958931 0.137778 0.183373 0.230777 0.2781 0.323535 0.365421 0.402303 0.432985 0.456569 0.47248 0.480484 0.480686 0.473518 0.459711 0.440259 


BIN SEQUENCE:
6 6 6 6 6 6 5 4 3 3 2 2 2 1 1 1 1 1 1 2 2 2 3 3 3 3 4 4 4 4 5 5 5 5 5 4 


SEQUENCE OF PREFERRED BINS:
66  66  66  66  66  66  55  44  33  33  22  22  22  11  11  11  11  11  11  22  22  22  33  33  33  33  44  44  44  44  ...
55  55  55  55  55  55  64  53  42  42  31  31  31  22  22  22  22  22  22  31  31  31  42  42  42  42  53  53  53  53  ...
44  44  44  44  44  44  33  62  51  51  44  44  44  33  33  33  33  33  33  44  44  44  51  51  51  51  62  62  62  62  ...
33  33  33  33  33  33  22  11  66  66  55  55  55  44  44  44  44  44  44  55  55  55  66  66  66  66  11  11  11  11  ...
22  22  22  22  22  22  11  00  00  00  66  66  66  55  55  55  55  55  55  66  66  66  00  00  00  00  00  00  00  00  ...
11  11  11  11  11  11  00  00  00  00  00  00  00  66  66  66  66  66  66  00  00  00  00  00  00  00  00  00  00  00  ...


BIN ALLOCATION OF DISTANCES:
6 2 3 3 6 5 
1 1 3 4 5 6 
2 3 1 2 3 5 
4 4 5 1 2 3 
6 5 4 1 1 2 
6 4 4 6 5 2 


BINS USED:
6 6 6 6 5 6 5 3 4 3 1 2 1 3 1 2 1 2 1 2 2 4 2 3 5 4 4 4 5 5 6 5 1 4 3 0 


TRANSITION SEQUENCE:
-1 -1 -1 -1 -1 -1 -1 0.380952 -1 -1 -1 -1 0 0.392857 0 0.178571 0 0.202381 0 0.22619 0 -1 -1 -1 0.607143 -1 0.571429 -1 0.77381 -1 1 -1 -1 -1 -1 0 


CORRELATION COEFFICIENT:          0.303376
DETECTION POWER:                  0.601517

