
Cycle found:
------------
122330445055432400203135141525342110
------------
Valid sequence 


NORMALIZED NEURAL MODEL:
-1.000000 -1.000000 -1.000000 -1.000000 -1.000000 -1.000000 
-1.000000 0.000000 0.392857 0.571429 0.773810 1.000000 
-1.000000 -1.000000 0.000000 0.178571 0.380952 0.607143 
-1.000000 -1.000000 -1.000000 0.000000 0.202381 0.428571 
-1.000000 -1.000000 -1.000000 -1.000000 0.000000 0.226190 
-1.000000 -1.000000 -1.000000 -1.000000 -1.000000 0.000000 

NORMALIZED GUIDE FUNCTION:
0.265151 0.187601 0.12201 0.0696795 0.0315677 0.00826885 0 0.00659877 0.0275312 0.0619096 0.108519 0.165854 0.232159 0.305484 0.383731 0.46472 0.546243 0.626131 0.702305 0.772838 0.836004 0.890323 0.934598 0.967945 0.989815 1 0.998639 0.986203 0.963483 0.931554 0.891745 0.845595 0.794801 0.741169 0.686557 0.632817 


BIN SEQUENCE:
3 2 2 2 1 1 1 1 1 1 2 2 2 3 3 3 3 3 4 4 5 5 5 6 6 6 6 6 6 5 5 5 4 4 4 4 


SEQUENCE OF PREFERRED BINS:
33  22  22  22  11  11  11  11  11  11  22  22  22  33  33  33  33  33  44  44  55  55  55  66  66  66  66  66  66  55  ...
42  31  31  31  22  22  22  22  22  22  31  31  31  42  42  42  42  42  53  53  64  64  64  55  55  55  55  55  55  64  ...
51  44  44  44  33  33  33  33  33  33  44  44  44  51  51  51  51  51  62  62  33  33  33  44  44  44  44  44  44  33  ...
66  55  55  55  44  44  44  44  44  44  55  55  55  66  66  66  66  66  11  11  22  22  22  33  33  33  33  33  33  22  ...
00  66  66  66  55  55  55  55  55  55  66  66  66  00  00  00  00  00  00  00  11  11  11  22  22  22  22  22  22  11  ...
00  00  00  00  66  66  66  66  66  66  00  00  00  00  00  00  00  00  00  00  00  00  00  11  11  11  11  11  11  00  ...


BIN ALLOCATION OF DISTANCES:
2 2 4 6 1 1 
4 1 4 5 6 6 
5 5 1 3 4 6 
2 5 3 2 3 4 
5 6 5 3 2 3 
1 6 4 1 3 2 


BINS USED:
4 1 3 2 2 1 2 3 1 1 2 3 3 3 4 5 2 4 5 6 5 5 4 6 6 6 6 4 6 1 3 5 5 1 4 0 


TRANSITION SEQUENCE:
0.392857 0 0.178571 0 -1 -1 0 0.22619 -1 -1 0 -1 -1 -1 0.380952 -1 -1 -1 -1 -1 -1 0.571429 0.428571 -1 0.77381 -1 1 -1 0.607143 -1 0.202381 -1 -1 0 -1 0 


CORRELATION COEFFICIENT:          0.475692
DETECTION POWER:                  0.605581

