
Cycle found:
------------
420124032521314154353005110445502233
------------
Valid sequence 


NORMALIZED NEURAL MODEL:
-1.000000 -1.000000 -1.000000 -1.000000 -1.000000 -1.000000 
-1.000000 0.000000 0.392857 0.571429 0.773810 1.000000 
-1.000000 -1.000000 0.000000 0.178571 0.380952 0.607143 
-1.000000 -1.000000 -1.000000 0.000000 0.202381 0.428571 
-1.000000 -1.000000 -1.000000 -1.000000 0.000000 0.226190 
-1.000000 -1.000000 -1.000000 -1.000000 -1.000000 0.000000 

NORMALIZED GUIDE FUNCTION:
0.405884 0.473828 0.539462 0.602306 0.661902 0.717812 0.769625 0.816959 0.859463 0.89682 0.928749 0.955011 0.975404 0.98977 0.997992 1 0.995767 0.985313 0.968701 0.946039 0.917479 0.883219 0.843493 0.79858 0.748795 0.694488 0.636045 0.57388 0.508435 0.44018 0.369601 0.297206 0.223514 0.149058 0.0743728 0 


BIN SEQUENCE:
2 2 2 3 3 3 4 4 4 5 5 5 6 6 6 6 6 6 5 5 5 4 4 4 3 3 3 2 2 2 1 1 1 1 1 1 


SEQUENCE OF PREFERRED BINS:
22  22  22  33  33  33  44  44  44  55  55  55  66  66  66  66  66  66  55  55  55  44  44  44  33  33  33  22  22  22  ...
31  31  31  42  42  42  53  53  53  64  64  64  55  55  55  55  55  55  64  64  64  53  53  53  42  42  42  31  31  31  ...
44  44  44  51  51  51  62  62  62  33  33  33  44  44  44  44  44  44  33  33  33  62  62  62  51  51  51  44  44  44  ...
55  55  55  66  66  66  11  11  11  22  22  22  33  33  33  33  33  33  22  22  22  11  11  11  66  66  66  55  55  55  ...
66  66  66  00  00  00  00  00  00  11  11  11  22  22  22  22  22  22  11  11  11  00  00  00  00  00  00  66  66  66  ...
00  00  00  00  00  00  00  00  00  00  00  00  11  11  11  11  11  11  00  00  00  00  00  00  00  00  00  00  00  00  ...


BIN ALLOCATION OF DISTANCES:
6 1 6 4 6 6 
1 1 4 5 5 5 
2 3 1 2 3 5 
2 6 4 1 2 4 
3 5 2 4 1 3 
3 3 5 4 6 2 


BINS USED:
2 2 1 4 3 3 4 4 5 5 3 5 6 5 5 5 6 4 4 4 2 6 6 3 1 1 6 1 3 2 3 6 1 2 1 0 


TRANSITION SEQUENCE:
-1 -1 -1 0.392857 0.380952 -1 -1 -1 0.607143 -1 -1 0.571429 -1 0.77381 -1 1 -1 -1 0.428571 -1 -1 -1 -1 -1 0 -1 -1 0 0.22619 0 -1 -1 0 0.178571 0 0 


CORRELATION COEFFICIENT:          0.58611
DETECTION POWER:                  0.595419

