
Cycle found:
------------
043031415135325420050245521122334401
------------
Valid sequence 


NORMALIZED NEURAL MODEL:
-1.000000 -1.000000 -1.000000 -1.000000 -1.000000 -1.000000 
-1.000000 0.000000 0.392857 0.571429 0.773810 1.000000 
-1.000000 -1.000000 0.000000 0.178571 0.380952 0.607143 
-1.000000 -1.000000 -1.000000 0.000000 0.202381 0.428571 
-1.000000 -1.000000 -1.000000 -1.000000 0.000000 0.226190 
-1.000000 -1.000000 -1.000000 -1.000000 -1.000000 0.000000 

NORMALIZED GUIDE FUNCTION:
0.814022 0.850082 0.882704 0.911673 0.936801 0.957923 0.974901 0.987624 0.996008 1 0.999572 0.994728 0.985499 0.971945 0.954156 0.932246 0.90636 0.876667 0.843361 0.806659 0.766802 0.72405 0.678682 0.630995 0.5813 0.529923 0.477198 0.423472 0.369094 0.314419 0.259806 0.205611 0.152188 0.0998855 0.0490455 0 


BIN SEQUENCE:
3 4 4 4 5 5 5 6 6 6 6 6 6 5 5 5 4 4 4 3 3 3 3 3 2 2 2 2 2 2 1 1 1 1 1 1 


SEQUENCE OF PREFERRED BINS:
33  44  44  44  55  55  55  66  66  66  66  66  66  55  55  55  44  44  44  33  33  33  33  33  22  22  22  22  22  22  ...
42  53  53  53  64  64  64  55  55  55  55  55  55  64  64  64  53  53  53  42  42  42  42  42  31  31  31  31  31  31  ...
51  62  62  62  33  33  33  44  44  44  44  44  44  33  33  33  62  62  62  51  51  51  51  51  44  44  44  44  44  44  ...
66  11  11  11  22  22  22  33  33  33  33  33  33  22  22  22  11  11  11  66  66  66  66  66  55  55  55  55  55  55  ...
00  00  00  00  11  11  11  22  22  22  22  22  22  11  11  11  00  00  00  00  00  00  00  00  66  66  66  66  66  66  ...
00  00  00  00  00  00  00  11  11  11  11  11  11  00  00  00  00  00  00  00  00  00  00  00  00  00  00  00  00  00  ...


BIN ALLOCATION OF DISTANCES:
5 2 2 4 3 2 
2 1 3 4 5 6 
4 2 1 1 3 5 
4 5 3 1 2 4 
6 6 6 5 1 3 
3 6 4 6 5 1 


BINS USED:
3 5 4 4 5 5 6 6 6 4 4 6 3 5 5 6 4 5 2 3 2 3 3 1 4 2 1 3 1 1 1 2 1 6 2 0 


TRANSITION SEQUENCE:
-1 -1 -1 -1 -1 0.77381 -1 1 -1 0.571429 0.428571 -1 -1 0.607143 -1 -1 -1 -1 -1 -1 -1 0.380952 0.22619 0 -1 -1 0 0.392857 0 0.178571 0 0.202381 0 -1 -1 0 


CORRELATION COEFFICIENT:          0.55936
DETECTION POWER:                  0.597781

