
Cycle found:
------------
422334455405032430213520014151253110
------------
Valid sequence 


NORMALIZED NEURAL MODEL:
-1.000000 -1.000000 -1.000000 -1.000000 -1.000000 -1.000000 
-1.000000 0.000000 0.392857 0.571429 0.773810 1.000000 
-1.000000 -1.000000 0.000000 0.178571 0.380952 0.607143 
-1.000000 -1.000000 -1.000000 0.000000 0.202381 0.428571 
-1.000000 -1.000000 -1.000000 -1.000000 0.000000 0.226190 
-1.000000 -1.000000 -1.000000 -1.000000 -1.000000 0.000000 

NORMALIZED GUIDE FUNCTION:
0 0.0175 0.0387263 0.0634491 0.0914139 0.122345 0.155948 0.191915 0.229927 0.269655 0.310769 0.352934 0.395821 0.439102 0.482458 0.525579 0.568166 0.609934 0.650612 0.689946 0.7277 0.763654 0.797606 0.829374 0.858794 0.88572 0.910024 0.931595 0.950337 0.966174 0.97904 0.988887 0.995677 0.999386 1 0.997517 


BIN SEQUENCE:
1 1 1 1 1 1 2 2 2 2 2 2 3 3 3 3 3 3 4 4 4 4 4 4 5 5 5 5 5 5 6 6 6 6 6 6 


SEQUENCE OF PREFERRED BINS:
11  11  11  11  11  11  22  22  22  22  22  22  33  33  33  33  33  33  44  44  44  44  44  44  55  55  55  55  55  55  ...
22  22  22  22  22  22  31  31  31  31  31  31  42  42  42  42  42  42  53  53  53  53  53  53  64  64  64  64  64  64  ...
33  33  33  33  33  33  44  44  44  44  44  44  51  51  51  51  51  51  62  62  62  62  62  62  33  33  33  33  33  33  ...
44  44  44  44  44  44  55  55  55  55  55  55  66  66  66  66  66  66  11  11  11  11  11  11  22  22  22  22  22  22  ...
55  55  55  55  55  55  66  66  66  66  66  66  00  00  00  00  00  00  00  00  00  00  00  00  11  11  11  11  11  11  ...
66  66  66  66  66  66  00  00  00  00  00  00  00  00  00  00  00  00  00  00  00  00  00  00  00  00  00  00  00  00  ...


BIN ALLOCATION OF DISTANCES:
6 6 5 1 2 1 
3 1 3 4 5 5 
5 4 1 2 3 5 
4 4 3 2 2 4 
5 6 1 6 2 3 
3 6 4 6 1 2 


BINS USED:
1 1 2 2 2 2 3 2 1 5 1 3 1 3 3 6 4 5 4 4 4 4 5 6 6 5 6 5 6 3 5 6 4 1 3 0 


TRANSITION SEQUENCE:
-1 0 0.178571 0 0.202381 0 0.22619 0 -1 -1 -1 -1 -1 -1 0.380952 -1 -1 -1 -1 0.571429 0.428571 -1 -1 -1 -1 0.77381 -1 1 -1 0.392857 0.607143 -1 -1 0 -1 0 


CORRELATION COEFFICIENT:          0.419357
DETECTION POWER:                  0.625319

