
Cycle found:
------------
050431321415352542403012200233445511
------------
Valid sequence 


NORMALIZED NEURAL MODEL:
-1.000000 -1.000000 -1.000000 -1.000000 -1.000000 -1.000000 
-1.000000 0.000000 0.392857 0.571429 0.773810 1.000000 
-1.000000 -1.000000 0.000000 0.178571 0.380952 0.607143 
-1.000000 -1.000000 -1.000000 0.000000 0.202381 0.428571 
-1.000000 -1.000000 -1.000000 -1.000000 0.000000 0.226190 
-1.000000 -1.000000 -1.000000 -1.000000 -1.000000 0.000000 

NORMALIZED GUIDE FUNCTION:
0.993976 0.999977 1 0.994117 0.982463 0.965238 0.942702 0.915168 0.883005 0.846627 0.806487 0.763075 0.71691 0.668532 0.618497 0.56737 0.515718 0.464105 0.413082 0.363185 0.314926 0.26879 0.225228 0.184654 0.147442 0.11392 0.0843712 0.059027 0.0380706 0.0216339 0.00979763 0.00259251 0 0.0019542 0.00834408 0.0190162 


BIN SEQUENCE:
6 6 6 6 6 6 5 5 5 5 5 5 4 4 4 4 4 4 3 3 3 3 3 3 2 2 2 2 2 2 1 1 1 1 1 1 


SEQUENCE OF PREFERRED BINS:
66  66  66  66  66  66  55  55  55  55  55  55  44  44  44  44  44  44  33  33  33  33  33  33  22  22  22  22  22  22  ...
55  55  55  55  55  55  64  64  64  64  64  64  53  53  53  53  53  53  42  42  42  42  42  42  31  31  31  31  31  31  ...
44  44  44  44  44  44  33  33  33  33  33  33  62  62  62  62  62  62  51  51  51  51  51  51  44  44  44  44  44  44  ...
33  33  33  33  33  33  22  22  22  22  22  22  11  11  11  11  11  11  66  66  66  66  66  66  55  55  55  55  55  55  ...
22  22  22  22  22  22  11  11  11  11  11  11  00  00  00  00  00  00  00  00  00  00  00  00  66  66  66  66  66  66  ...
11  11  11  11  11  11  00  00  00  00  00  00  00  00  00  00  00  00  00  00  00  00  00  00  00  00  00  00  00  00  ...


BIN ALLOCATION OF DISTANCES:
1 2 4 3 4 6 
6 1 3 4 4 4 
6 5 1 2 3 4 
3 6 5 1 2 3 
2 5 5 6 1 2 
6 1 5 5 3 2 


BINS USED:
6 6 4 6 6 4 5 5 4 5 4 5 3 5 4 3 5 3 2 3 3 2 3 1 6 1 4 2 1 2 1 2 2 1 1 0 


TRANSITION SEQUENCE:
-1 -1 -1 -1 -1 0.571429 -1 -1 0.77381 -1 1 -1 0.428571 -1 0.607143 -1 -1 0.380952 -1 -1 -1 -1 0.392857 0 -1 -1 -1 0.178571 0 0.202381 0 0.22619 0 -1 0 0 


CORRELATION COEFFICIENT:          0.547352
DETECTION POWER:                  0.608955

