
Cycle found:
------------
022334455305004321425131524103540112
------------
Valid sequence 


NORMALIZED NEURAL MODEL:
-1.000000 -1.000000 -1.000000 -1.000000 -1.000000 -1.000000 
-1.000000 0.000000 0.392857 0.571429 0.773810 1.000000 
-1.000000 -1.000000 0.000000 0.178571 0.380952 0.607143 
-1.000000 -1.000000 -1.000000 0.000000 0.202381 0.428571 
-1.000000 -1.000000 -1.000000 -1.000000 0.000000 0.226190 
-1.000000 -1.000000 -1.000000 -1.000000 -1.000000 0.000000 

NORMALIZED GUIDE FUNCTION:
0 0.05796 0.11732 0.177633 0.238449 0.299327 0.359829 0.419531 0.478021 0.534903 0.589801 0.642358 0.692244 0.73915 0.782798 0.822936 0.859343 0.891828 0.920232 0.944425 0.964314 0.979832 0.990949 0.997662 1 0.998021 0.99181 0.981479 0.967168 0.949036 0.927265 0.902059 0.873637 0.842234 0.8081 0.771494 


BIN SEQUENCE:
1 1 1 1 1 1 2 2 2 2 2 2 3 3 3 3 4 4 4 5 5 5 6 6 6 6 6 6 5 5 5 4 4 4 3 3 


SEQUENCE OF PREFERRED BINS:
11  11  11  11  11  11  22  22  22  22  22  22  33  33  33  33  44  44  44  55  55  55  66  66  66  66  66  66  55  55  ...
22  22  22  22  22  22  31  31  31  31  31  31  42  42  42  42  53  53  53  64  64  64  55  55  55  55  55  55  64  64  ...
33  33  33  33  33  33  44  44  44  44  44  44  51  51  51  51  62  62  62  33  33  33  44  44  44  44  44  44  33  33  ...
44  44  44  44  44  44  55  55  55  55  55  55  66  66  66  66  11  11  11  22  22  22  33  33  33  33  33  33  22  22  ...
55  55  55  55  55  55  66  66  66  66  66  66  00  00  00  00  00  00  00  11  11  11  22  22  22  22  22  22  11  11  ...
66  66  66  66  66  66  00  00  00  00  00  00  00  00  00  00  00  00  00  00  00  00  11  11  11  11  11  11  00  00  ...


BIN ALLOCATION OF DISTANCES:
4 6 1 6 6 2 
6 1 3 5 5 6 
5 4 1 2 2 5 
3 6 4 1 2 5 
3 4 4 3 1 2 
3 5 4 1 3 2 


BINS USED:
1 1 2 1 2 1 2 2 1 3 2 3 4 6 3 4 4 5 4 5 5 5 6 6 4 2 4 6 6 5 3 3 6 1 3 0 


TRANSITION SEQUENCE:
-1 0 0.178571 0 0.202381 0 0.22619 0 -1 -1 -1 -1 -1 -1 -1 -1 -1 0.77381 -1 0.607143 -1 0.571429 -1 1 -1 0.380952 -1 -1 -1 0.428571 -1 -1 -1 0 0.392857 0 


CORRELATION COEFFICIENT:          0.515025
DETECTION POWER:                  0.616217

