
Cycle found:
------------
552234530121324251435410440020503311
------------
Valid sequence 


NORMALIZED NEURAL MODEL:
-1.000000 -1.000000 -1.000000 -1.000000 -1.000000 -1.000000 
-1.000000 0.000000 0.392857 0.571429 0.773810 1.000000 
-1.000000 -1.000000 0.000000 0.178571 0.380952 0.607143 
-1.000000 -1.000000 -1.000000 0.000000 0.202381 0.428571 
-1.000000 -1.000000 -1.000000 -1.000000 0.000000 0.226190 
-1.000000 -1.000000 -1.000000 -1.000000 -1.000000 0.000000 

NORMALIZED GUIDE FUNCTION:
0.125098 0.129935 0.137402 0.14849 0.16408 0.184905 0.211513 0.244241 0.283191 0.328212 0.378897 0.434582 0.494354 0.557072 0.621392 0.685797 0.748638 0.808178 0.862639 0.910252 0.949308 0.97821 0.995519 1 0.990661 0.966791 0.927979 0.874143 0.805533 0.722738 0.626676 0.518579 0.399972 0.272639 0.138587 0 


BIN SEQUENCE:
1 1 1 1 2 2 2 2 2 3 3 3 3 4 4 4 4 5 5 5 6 6 6 6 6 6 5 5 5 4 4 3 3 2 1 1 


SEQUENCE OF PREFERRED BINS:
11  11  11  11  22  22  22  22  22  33  33  33  33  44  44  44  44  55  55  55  66  66  66  66  66  66  55  55  55  44  ...
22  22  22  22  31  31  31  31  31  42  42  42  42  53  53  53  53  64  64  64  55  55  55  55  55  55  64  64  64  53  ...
33  33  33  33  44  44  44  44  44  51  51  51  51  62  62  62  62  33  33  33  44  44  44  44  44  44  33  33  33  62  ...
44  44  44  44  55  55  55  55  55  66  66  66  66  11  11  11  11  22  22  22  33  33  33  33  33  33  22  22  22  11  ...
55  55  55  55  66  66  66  66  66  00  00  00  00  00  00  00  00  11  11  11  22  22  22  22  22  22  11  11  11  00  ...
66  66  66  66  00  00  00  00  00  00  00  00  00  00  00  00  00  00  00  00  11  11  11  11  11  11  00  00  00  00  ...


BIN ALLOCATION OF DISTANCES:
5 2 4 3 6 3 
5 1 4 5 5 6 
2 3 1 1 4 5 
3 3 3 1 2 5 
2 6 4 6 1 2 
6 4 2 4 6 1 


BINS USED:
1 2 1 1 2 2 4 3 2 4 3 5 3 4 4 5 4 5 6 5 6 6 5 6 1 2 5 4 2 3 6 3 1 3 1 0 


TRANSITION SEQUENCE:
0 -1 0 0.178571 0.202381 0.22619 -1 -1 -1 0.392857 -1 0.571429 -1 0.380952 -1 0.607143 -1 0.77381 -1 0.428571 -1 -1 -1 -1 0 -1 -1 -1 -1 -1 -1 -1 0 -1 0 0 


CORRELATION COEFFICIENT:          0.325126
DETECTION POWER:                  0.629476

