
Cycle found:
------------
044511022334212431415250320135300554
------------
Valid sequence 


NORMALIZED NEURAL MODEL:
-1.000000 -1.000000 -1.000000 -1.000000 -1.000000 -1.000000 
-1.000000 0.000000 0.392857 0.571429 0.773810 1.000000 
-1.000000 -1.000000 0.000000 0.178571 0.380952 0.607143 
-1.000000 -1.000000 -1.000000 0.000000 0.202381 0.428571 
-1.000000 -1.000000 -1.000000 -1.000000 0.000000 0.226190 
-1.000000 -1.000000 -1.000000 -1.000000 -1.000000 0.000000 

NORMALIZED GUIDE FUNCTION:
0.0876781 0.0616736 0.0400666 0.0230057 0.0106006 0.00292179 0 0.00182612 0.00835163 0.0194892 0.0351135 0.0550627 0.0791399 0.107115 0.138726 0.173683 0.21167 0.252346 0.29535 0.340305 0.386818 0.434485 0.482895 0.531632 0.580282 0.628431 0.675671 0.721606 0.765851 0.808037 0.847814 0.884856 0.918857 0.949541 0.976661 1 


BIN SEQUENCE:
3 2 2 2 1 1 1 1 1 1 2 2 2 3 3 3 3 3 4 4 4 4 4 4 5 5 5 5 5 5 6 6 6 6 6 6 


SEQUENCE OF PREFERRED BINS:
33  22  22  22  11  11  11  11  11  11  22  22  22  33  33  33  33  33  44  44  44  44  44  44  55  55  55  55  55  55  ...
42  31  31  31  22  22  22  22  22  22  31  31  31  42  42  42  42  42  53  53  53  53  53  53  64  64  64  64  64  64  ...
51  44  44  44  33  33  33  33  33  33  44  44  44  51  51  51  51  51  62  62  62  62  62  62  33  33  33  33  33  33  ...
66  55  55  55  44  44  44  44  44  44  55  55  55  66  66  66  66  66  11  11  11  11  11  11  22  22  22  22  22  22  ...
00  66  66  66  55  55  55  55  55  55  66  66  66  00  00  00  00  00  00  00  00  00  00  00  11  11  11  11  11  11  ...
00  00  00  00  66  66  66  66  66  66  00  00  00  00  00  00  00  00  00  00  00  00  00  00  00  00  00  00  00  00  ...


BIN ALLOCATION OF DISTANCES:
6 6 1 5 2 1 
1 1 4 5 5 5 
5 4 1 2 4 5 
6 4 6 1 2 4 
6 3 3 3 2 3 
3 2 4 6 3 2 


BINS USED:
2 2 3 2 1 1 1 1 2 1 2 3 4 4 4 3 4 5 3 5 4 5 3 5 6 5 6 5 4 6 6 6 1 2 3 0 


TRANSITION SEQUENCE:
-1 0 0.22619 -1 0 -1 -1 0 0.178571 0 0.202381 -1 -1 0.392857 0.380952 -1 -1 0.77381 -1 1 -1 0.607143 -1 -1 -1 -1 -1 0.571429 0.428571 -1 -1 -1 -1 0 -1 0 


CORRELATION COEFFICIENT:          0.0783022
DETECTION POWER:                  0.60201

