Unable to find a valid Hamiltonian Circuit.
Elapsed time: 2 seconds. Trying again...

Cycle found:
------------
542521415131245304003201105502233443
------------
Valid sequence 


NORMALIZED NEURAL MODEL:
-1.000000 -1.000000 -1.000000 -1.000000 -1.000000 -1.000000 
-1.000000 0.000000 0.392857 0.571429 0.773810 1.000000 
-1.000000 -1.000000 0.000000 0.178571 0.380952 0.607143 
-1.000000 -1.000000 -1.000000 0.000000 0.202381 0.428571 
-1.000000 -1.000000 -1.000000 -1.000000 0.000000 0.226190 
-1.000000 -1.000000 -1.000000 -1.000000 -1.000000 0.000000 

NORMALIZED GUIDE FUNCTION:
0.830795 0.864192 0.895405 0.923698 0.948389 0.968863 0.984579 0.995081 1 0.999064 0.9921 0.97903 0.959883 0.93478 0.903943 0.867686 0.826409 0.780595 0.730801 0.677655 0.621839 0.564089 0.505181 0.445922 0.387142 0.32968 0.274379 0.222069 0.173563 0.129644 0.0910539 0.058485 0.0325704 0.0138744 0.00288386 0 


BIN SEQUENCE:
4 4 4 5 5 5 6 6 6 6 6 6 5 5 5 4 4 4 3 3 3 3 3 3 2 2 2 2 2 2 1 1 1 1 1 1 


SEQUENCE OF PREFERRED BINS:
44  44  44  55  55  55  66  66  66  66  66  66  55  55  55  44  44  44  33  33  33  33  33  33  22  22  22  22  22  22  ...
53  53  53  64  64  64  55  55  55  55  55  55  64  64  64  53  53  53  42  42  42  42  42  42  31  31  31  31  31  31  ...
62  62  62  33  33  33  44  44  44  44  44  44  33  33  33  62  62  62  51  51  51  51  51  51  44  44  44  44  44  44  ...
11  11  11  22  22  22  33  33  33  33  33  33  22  22  22  11  11  11  66  66  66  66  66  66  55  55  55  55  55  55  ...
00  00  00  11  11  11  22  22  22  22  22  22  11  11  11  00  00  00  00  00  00  00  00  00  66  66  66  66  66  66  ...
00  00  00  00  00  00  11  11  11  11  11  11  00  00  00  00  00  00  00  00  00  00  00  00  00  00  00  00  00  00  ...


BIN ALLOCATION OF DISTANCES:
3 1 6 5 4 6 
1 1 3 4 5 6 
3 5 1 2 3 4 
4 6 2 1 2 3 
2 6 5 2 1 3 
4 6 5 5 4 2 


BINS USED:
4 5 4 5 5 5 6 6 6 4 6 3 3 3 5 4 4 2 3 5 2 3 1 1 1 6 2 4 6 1 2 1 2 1 2 0 


TRANSITION SEQUENCE:
-1 -1 0.607143 -1 -1 0.77381 -1 1 -1 0.571429 -1 0.392857 0.380952 0.22619 -1 -1 -1 -1 -1 -1 -1 -1 -1 0 -1 -1 0 -1 -1 0 0.178571 0 0.202381 0 -1 0 


CORRELATION COEFFICIENT:          0.605747
DETECTION POWER:                  0.613724

