
Cycle found:
------------
334455054043124151425202135301100322
------------
Valid sequence 


NORMALIZED NEURAL MODEL:
-1.000000 -1.000000 -1.000000 -1.000000 -1.000000 -1.000000 
-1.000000 0.000000 0.392857 0.571429 0.773810 1.000000 
-1.000000 -1.000000 0.000000 0.178571 0.380952 0.607143 
-1.000000 -1.000000 -1.000000 0.000000 0.202381 0.428571 
-1.000000 -1.000000 -1.000000 -1.000000 0.000000 0.226190 
-1.000000 -1.000000 -1.000000 -1.000000 -1.000000 0.000000 

NORMALIZED GUIDE FUNCTION:
0 0.00985622 0.0254256 0.0477032 0.0774132 0.11496 0.160397 0.213411 0.273328 0.339137 0.409523 0.482928 0.557606 0.631699 0.70331 0.770579 0.831751 0.885244 0.929702 0.964039 0.987466 0.999507 1 0.989083 0.967172 0.934923 0.893191 0.842985 0.785415 0.721649 0.652867 0.580222 0.50481 0.42765 0.349671 0.27171 


BIN SEQUENCE:
1 1 1 1 1 1 2 2 2 2 3 3 3 4 4 4 5 5 5 6 6 6 6 6 6 5 5 5 4 4 4 3 3 3 2 2 


SEQUENCE OF PREFERRED BINS:
11  11  11  11  11  11  22  22  22  22  33  33  33  44  44  44  55  55  55  66  66  66  66  66  66  55  55  55  44  44  ...
22  22  22  22  22  22  31  31  31  31  42  42  42  53  53  53  64  64  64  55  55  55  55  55  55  64  64  64  53  53  ...
33  33  33  33  33  33  44  44  44  44  51  51  51  62  62  62  33  33  33  44  44  44  44  44  44  33  33  33  62  62  ...
44  44  44  44  44  44  55  55  55  55  66  66  66  11  11  11  22  22  22  33  33  33  33  33  33  22  22  22  11  11  ...
55  55  55  55  55  55  66  66  66  66  00  00  00  00  00  00  11  11  11  22  22  22  22  22  22  11  11  11  00  00  ...
66  66  66  66  66  66  00  00  00  00  00  00  00  00  00  00  00  00  00  11  11  11  11  11  11  00  00  00  00  00  ...


BIN ALLOCATION OF DISTANCES:
6 3 6 4 2 2 
1 1 4 5 5 5 
3 1 1 2 4 5 
4 4 4 1 2 5 
3 5 6 3 1 2 
3 6 6 6 3 2 


BINS USED:
1 2 1 2 2 3 2 3 3 2 3 4 4 4 5 5 6 5 6 5 6 3 6 1 5 5 6 4 3 1 1 6 4 4 1 0 


TRANSITION SEQUENCE:
0 0.202381 0 0.22619 0 -1 -1 -1 -1 -1 -1 -1 0.392857 0.380952 -1 1 -1 0.77381 -1 0.607143 -1 -1 -1 -1 0.571429 0.428571 -1 -1 -1 0 -1 -1 -1 -1 0 0 


CORRELATION COEFFICIENT:          0.51637
DETECTION POWER:                  0.607684

