
Cycle found:
------------
422334455432104003012413515250205311
------------
Valid sequence 


NORMALIZED NEURAL MODEL:
-1.000000 -1.000000 -1.000000 -1.000000 -1.000000 -1.000000 
-1.000000 0.000000 0.392857 0.571429 0.773810 1.000000 
-1.000000 -1.000000 0.000000 0.178571 0.380952 0.607143 
-1.000000 -1.000000 -1.000000 0.000000 0.202381 0.428571 
-1.000000 -1.000000 -1.000000 -1.000000 0.000000 0.226190 
-1.000000 -1.000000 -1.000000 -1.000000 -1.000000 0.000000 

NORMALIZED GUIDE FUNCTION:
0 0.0747986 0.130006 0.162555 0.174823 0.173557 0.167771 0.166209 0.17506 0.196519 0.228493 0.26548 0.300316 0.326295 0.339098 0.338054 0.326452 0.310882 0.29981 0.301778 0.323635 0.369193 0.438511 0.527874 0.630361 0.736789 0.83682 0.920054 0.977014 1 0.98387 0.926735 0.830548 0.70146 0.549748 0.389137 


BIN SEQUENCE:
1 1 1 1 2 2 1 1 2 2 2 2 3 3 4 4 4 3 3 3 3 4 4 5 5 5 6 6 6 6 6 6 5 5 5 4 


SEQUENCE OF PREFERRED BINS:
11  11  11  11  22  22  11  11  22  22  22  22  33  33  44  44  44  33  33  33  33  44  44  55  55  55  66  66  66  66  ...
22  22  22  22  31  31  22  22  31  31  31  31  42  42  53  53  53  42  42  42  42  53  53  64  64  64  55  55  55  55  ...
33  33  33  33  44  44  33  33  44  44  44  44  51  51  62  62  62  51  51  51  51  62  62  33  33  33  44  44  44  44  ...
44  44  44  44  55  55  44  44  55  55  55  55  66  66  11  11  11  66  66  66  66  11  11  22  22  22  33  33  33  33  ...
55  55  55  55  66  66  55  55  66  66  66  66  00  00  00  00  00  00  00  00  00  00  00  11  11  11  22  22  22  22  ...
66  66  66  66  00  00  66  66  00  00  00  00  00  00  00  00  00  00  00  00  00  00  00  00  00  00  11  11  11  11  ...


BIN ALLOCATION OF DISTANCES:
5 2 1 2 4 1 
2 1 5 6 6 6 
5 3 1 2 4 6 
5 6 4 1 3 5 
4 6 1 4 2 3 
3 5 4 3 3 2 


BINS USED:
1 1 2 1 3 2 3 2 3 4 4 3 2 4 4 5 2 5 2 5 4 6 6 5 5 6 4 6 3 1 5 1 3 6 1 0 


TRANSITION SEQUENCE:
-1 0 0.178571 0 0.202381 0 0.22619 0 -1 -1 -1 -1 -1 -1 -1 -1 -1 -1 -1 0.392857 0.380952 -1 0.571429 0.428571 -1 1 -1 0.607143 -1 -1 -1 -1 -1 -1 0 0 


CORRELATION COEFFICIENT:          0.370596
DETECTION POWER:                  0.656925

