
Cycle found:
------------
455223344354240502532030014151312110
------------
Valid sequence 


NORMALIZED NEURAL MODEL:
-1.000000 -1.000000 -1.000000 -1.000000 -1.000000 -1.000000 
-1.000000 0.000000 0.392857 0.571429 0.773810 1.000000 
-1.000000 -1.000000 0.000000 0.178571 0.380952 0.607143 
-1.000000 -1.000000 -1.000000 0.000000 0.202381 0.428571 
-1.000000 -1.000000 -1.000000 -1.000000 0.000000 0.226190 
-1.000000 -1.000000 -1.000000 -1.000000 -1.000000 0.000000 

NORMALIZED GUIDE FUNCTION:
0.0674067 0.0401 0.0176902 0.00340294 0 0.00957174 0.0333946 0.0718592 0.124467 0.189892 0.266089 0.350445 0.43995 0.531382 0.621478 0.707108 0.785412 0.853924 0.910664 0.954197 0.983674 0.998836 1 0.988016 0.964202 0.930264 0.888187 0.840128 0.788288 0.73479 0.681562 0.630237 0.582073 0.537903 0.498125 0.462721 


BIN SEQUENCE:
2 1 1 1 1 1 1 2 2 2 2 2 3 3 4 4 4 5 5 6 6 6 6 6 6 5 5 5 5 4 4 4 3 3 3 3 


SEQUENCE OF PREFERRED BINS:
22  11  11  11  11  11  11  22  22  22  22  22  33  33  44  44  44  55  55  66  66  66  66  66  66  55  55  55  55  44  ...
31  22  22  22  22  22  22  31  31  31  31  31  42  42  53  53  53  64  64  55  55  55  55  55  55  64  64  64  64  53  ...
44  33  33  33  33  33  33  44  44  44  44  44  51  51  62  62  62  33  33  44  44  44  44  44  44  33  33  33  33  62  ...
55  44  44  44  44  44  44  55  55  55  55  55  66  66  11  11  11  22  22  33  33  33  33  33  33  22  22  22  22  11  ...
66  55  55  55  55  55  55  66  66  66  66  66  00  00  00  00  00  11  11  22  22  22  22  22  22  11  11  11  11  00  ...
00  66  66  66  66  66  66  00  00  00  00  00  00  00  00  00  00  00  00  11  11  11  11  11  11  00  00  00  00  00  ...


BIN ALLOCATION OF DISTANCES:
6 2 6 6 5 5 
2 1 2 3 6 6 
6 4 1 1 2 5 
5 4 5 1 2 3 
4 4 4 3 1 2 
4 3 3 5 3 1 


BINS USED:
2 1 3 1 1 1 2 1 3 3 3 4 2 4 5 4 6 5 5 5 6 6 5 6 2 6 4 6 3 3 4 2 4 1 2 0 


TRANSITION SEQUENCE:
0.22619 0 -1 0 0.178571 0 0.202381 0 -1 0.428571 -1 -1 0.380952 -1 -1 -1 -1 0.607143 -1 -1 -1 -1 -1 -1 -1 0.77381 -1 1 -1 0.571429 -1 0.392857 -1 0 -1 0 


CORRELATION COEFFICIENT:          0.494144
DETECTION POWER:                  0.613267

