
Cycle found:
------------
233110405202124250015141353455443032
------------
Valid sequence 


NORMALIZED NEURAL MODEL:
-1.000000 -1.000000 -1.000000 -1.000000 -1.000000 -1.000000 
-1.000000 0.000000 0.392857 0.571429 0.773810 1.000000 
-1.000000 -1.000000 0.000000 0.178571 0.380952 0.607143 
-1.000000 -1.000000 -1.000000 0.000000 0.202381 0.428571 
-1.000000 -1.000000 -1.000000 -1.000000 0.000000 0.226190 
-1.000000 -1.000000 -1.000000 -1.000000 -1.000000 0.000000 

NORMALIZED GUIDE FUNCTION:
0 0.00691504 0.0177125 0.0323191 0.0506301 0.0725103 0.0977948 0.12629 0.157777 0.192009 0.228719 0.267617 0.308394 0.350727 0.394278 0.438696 0.483625 0.528703 0.573566 0.617848 0.661189 0.703238 0.743648 0.782089 0.818243 0.851813 0.88252 0.910107 0.934344 0.955025 0.971975 0.985046 0.994124 0.999126 1 0.99673 


BIN SEQUENCE:
1 1 1 1 1 1 2 2 2 2 2 2 3 3 3 3 3 3 4 4 4 4 4 4 5 5 5 5 5 5 6 6 6 6 6 6 


SEQUENCE OF PREFERRED BINS:
11  11  11  11  11  11  22  22  22  22  22  22  33  33  33  33  33  33  44  44  44  44  44  44  55  55  55  55  55  55  ...
22  22  22  22  22  22  31  31  31  31  31  31  42  42  42  42  42  42  53  53  53  53  53  53  64  64  64  64  64  64  ...
33  33  33  33  33  33  44  44  44  44  44  44  51  51  51  51  51  51  62  62  62  62  62  62  33  33  33  33  33  33  ...
44  44  44  44  44  44  55  55  55  55  55  55  66  66  66  66  66  66  11  11  11  11  11  11  22  22  22  22  22  22  ...
55  55  55  55  55  55  66  66  66  66  66  66  00  00  00  00  00  00  00  00  00  00  00  00  11  11  11  11  11  11  ...
66  66  66  66  66  66  00  00  00  00  00  00  00  00  00  00  00  00  00  00  00  00  00  00  00  00  00  00  00  00  ...


BIN ALLOCATION OF DISTANCES:
4 4 3 6 1 2 
3 1 5 6 6 6 
3 3 1 2 5 6 
2 2 3 1 4 5 
2 5 4 6 1 5 
3 4 2 5 4 1 


BINS USED:
2 1 2 1 3 1 2 2 2 3 3 3 5 5 4 6 3 4 4 6 4 6 5 6 5 5 4 5 1 4 1 6 2 6 3 0 


TRANSITION SEQUENCE:
0.178571 0 -1 0 -1 -1 -1 -1 -1 -1 -1 -1 0.392857 0.380952 -1 0.607143 -1 -1 -1 1 -1 0.77381 -1 0.571429 0.428571 -1 0.202381 0.22619 0 -1 0 -1 -1 -1 -1 0 


CORRELATION COEFFICIENT:          0.0339861
DETECTION POWER:                  0.580048

