
Cycle found:
------------
552211234240200545303132514150104433
------------
Valid sequence 


NORMALIZED NEURAL MODEL:
-1.000000 -1.000000 -1.000000 -1.000000 -1.000000 -1.000000 
-1.000000 0.000000 0.392857 0.571429 0.773810 1.000000 
-1.000000 -1.000000 0.000000 0.178571 0.380952 0.607143 
-1.000000 -1.000000 -1.000000 0.000000 0.202381 0.428571 
-1.000000 -1.000000 -1.000000 -1.000000 0.000000 0.226190 
-1.000000 -1.000000 -1.000000 -1.000000 -1.000000 0.000000 

NORMALIZED GUIDE FUNCTION:
0 0.000347664 0.00871437 0.025093 0.0493195 0.0810747 0.119889 0.165153 0.216126 0.271952 0.331681 0.394282 0.458668 0.523719 0.588305 0.651307 0.711645 0.768296 0.820317 0.866865 0.90721 0.940754 0.967039 0.985755 0.996743 1 0.995673 0.984052 0.965566 0.940763 0.910303 0.874935 0.835482 0.79282 0.747854 0.701504 


BIN SEQUENCE:
1 1 1 1 1 1 2 2 2 2 2 2 3 3 3 3 3 4 4 4 5 5 6 6 6 6 6 6 5 5 5 5 4 4 4 3 


SEQUENCE OF PREFERRED BINS:
11  11  11  11  11  11  22  22  22  22  22  22  33  33  33  33  33  44  44  44  55  55  66  66  66  66  66  66  55  55  ...
22  22  22  22  22  22  31  31  31  31  31  31  42  42  42  42  42  53  53  53  64  64  55  55  55  55  55  55  64  64  ...
33  33  33  33  33  33  44  44  44  44  44  44  51  51  51  51  51  62  62  62  33  33  44  44  44  44  44  44  33  33  ...
44  44  44  44  44  44  55  55  55  55  55  55  66  66  66  66  66  11  11  11  22  22  33  33  33  33  33  33  22  22  ...
55  55  55  55  55  55  66  66  66  66  66  66  00  00  00  00  00  00  00  00  11  11  22  22  22  22  22  22  11  11  ...
66  66  66  66  66  66  00  00  00  00  00  00  00  00  00  00  00  00  00  00  00  00  11  11  11  11  11  11  00  00  ...


BIN ALLOCATION OF DISTANCES:
4 1 2 2 2 4 
5 1 4 5 6 6 
4 2 1 3 3 5 
4 5 6 1 3 5 
3 6 2 6 1 3 
5 6 2 4 3 1 


BINS USED:
1 2 1 2 1 4 3 3 2 3 3 2 4 4 4 3 3 4 4 2 5 5 6 5 6 6 6 6 5 1 5 2 1 6 1 0 


TRANSITION SEQUENCE:
0 -1 0 -1 0 0.392857 0.178571 0.202381 -1 0.380952 -1 -1 -1 -1 -1 -1 0.22619 -1 -1 -1 -1 0.571429 -1 0.607143 -1 0.77381 -1 1 -1 -1 -1 -1 0 -1 0 0 


CORRELATION COEFFICIENT:          0.403372
DETECTION POWER:                  0.609875

