
Cycle found:
------------
432100131514025303524205441122334550
------------
Valid sequence 


NORMALIZED NEURAL MODEL:
-1.000000 -1.000000 -1.000000 -1.000000 -1.000000 -1.000000 
-1.000000 0.000000 0.392857 0.571429 0.773810 1.000000 
-1.000000 -1.000000 0.000000 0.178571 0.380952 0.607143 
-1.000000 -1.000000 -1.000000 0.000000 0.202381 0.428571 
-1.000000 -1.000000 -1.000000 -1.000000 0.000000 0.226190 
-1.000000 -1.000000 -1.000000 -1.000000 -1.000000 0.000000 

NORMALIZED GUIDE FUNCTION:
0.789767 0.844494 0.889336 0.925054 0.952512 0.972654 0.98647 0.994973 0.999163 1 0.998379 0.995098 0.990842 0.986154 0.981424 0.976876 0.972554 0.968323 0.963865 0.95869 0.952138 0.943401 0.931537 0.915495 0.894142 0.866291 0.830736 0.786283 0.73179 0.6662 0.588578 0.498146 0.394314 0.276715 0.145227 0 


BIN SEQUENCE:
2 2 3 3 4 5 5 6 6 6 6 6 6 5 5 5 5 4 4 4 4 4 3 3 3 3 2 2 2 2 1 1 1 1 1 1 


SEQUENCE OF PREFERRED BINS:
22  22  33  33  44  55  55  66  66  66  66  66  66  55  55  55  55  44  44  44  44  44  33  33  33  33  22  22  22  22  ...
31  31  42  42  53  64  64  55  55  55  55  55  55  64  64  64  64  53  53  53  53  53  42  42  42  42  31  31  31  31  ...
44  44  51  51  62  33  33  44  44  44  44  44  44  33  33  33  33  62  62  62  62  62  51  51  51  51  44  44  44  44  ...
55  55  66  66  11  22  22  33  33  33  33  33  33  22  22  22  22  11  11  11  11  11  66  66  66  66  55  55  55  55  ...
66  66  00  00  00  11  11  22  22  22  22  22  22  11  11  11  11  00  00  00  00  00  00  00  00  00  66  66  66  66  ...
00  00  00  00  00  00  00  11  11  11  11  11  11  00  00  00  00  00  00  00  00  00  00  00  00  00  00  00  00  00  ...


BIN ALLOCATION OF DISTANCES:
4 5 6 3 6 3 
4 1 4 5 6 6 
2 3 1 2 3 5 
5 6 2 1 2 4 
6 5 4 2 1 3 
1 5 3 4 2 1 


BINS USED:
2 2 3 4 4 5 5 6 6 5 6 6 6 5 4 5 3 4 3 3 4 2 3 2 1 5 1 4 1 2 1 2 3 1 1 0 


TRANSITION SEQUENCE:
-1 -1 -1 -1 -1 -1 0.571429 -1 1 -1 0.77381 -1 -1 0.607143 -1 -1 -1 0.428571 -1 0.380952 -1 -1 -1 -1 0 -1 0 0.392857 0 0.178571 0 0.202381 0.22619 0 -1 0 


CORRELATION COEFFICIENT:          0.482899
DETECTION POWER:                  0.621816

