
Cycle found:
------------
050431321415352542403012200233445511
------------
Valid sequence 


NORMALIZED NEURAL MODEL:
-1.000000 -1.000000 -1.000000 -1.000000 -1.000000 -1.000000 
-1.000000 0.000000 0.392857 0.571429 0.773810 1.000000 
-1.000000 -1.000000 0.000000 0.178571 0.380952 0.607143 
-1.000000 -1.000000 -1.000000 0.000000 0.202381 0.428571 
-1.000000 -1.000000 -1.000000 -1.000000 0.000000 0.226190 
-1.000000 -1.000000 -1.000000 -1.000000 -1.000000 0.000000 

NORMALIZED GUIDE FUNCTION:
1 0.994724 0.982666 0.964153 0.939588 0.90944 0.874235 0.83455 0.790998 0.744221 0.694882 0.643647 0.591186 0.538153 0.485187 0.432895 0.381852 0.33259 0.285594 0.241298 0.200081 0.162267 0.128118 0.0978398 0.071581 0.0494328 0.0314332 0.0175697 0.00778327 0.00197289 0 0.00169383 0.00685664 0.015269 0.0266951 0.0408877 


BIN SEQUENCE:
6 6 6 6 6 6 5 5 5 5 5 5 4 4 4 4 4 4 3 3 3 3 3 3 2 2 2 2 1 1 1 1 1 1 2 2 


SEQUENCE OF PREFERRED BINS:
66  66  66  66  66  66  55  55  55  55  55  55  44  44  44  44  44  44  33  33  33  33  33  33  22  22  22  22  11  11  ...
55  55  55  55  55  55  64  64  64  64  64  64  53  53  53  53  53  53  42  42  42  42  42  42  31  31  31  31  22  22  ...
44  44  44  44  44  44  33  33  33  33  33  33  62  62  62  62  62  62  51  51  51  51  51  51  44  44  44  44  33  33  ...
33  33  33  33  33  33  22  22  22  22  22  22  11  11  11  11  11  11  66  66  66  66  66  66  55  55  55  55  44  44  ...
22  22  22  22  22  22  11  11  11  11  11  11  00  00  00  00  00  00  00  00  00  00  00  00  66  66  66  66  55  55  ...
11  11  11  11  11  11  00  00  00  00  00  00  00  00  00  00  00  00  00  00  00  00  00  00  00  00  00  00  66  66  ...


BIN ALLOCATION OF DISTANCES:
1 2 4 3 4 6 
6 1 3 4 4 4 
6 5 1 2 3 4 
3 6 5 1 2 3 
2 5 5 6 1 2 
6 1 5 5 3 2 


BINS USED:
6 6 4 6 6 4 5 5 4 5 4 5 3 5 4 3 5 3 2 3 3 2 3 1 6 1 4 2 1 2 1 2 2 1 1 0 


TRANSITION SEQUENCE:
-1 -1 -1 -1 -1 0.571429 -1 -1 0.77381 -1 1 -1 0.428571 -1 0.607143 -1 -1 0.380952 -1 -1 -1 -1 0.392857 0 -1 -1 -1 0.178571 0 0.202381 0 0.22619 0 -1 0 0 


CORRELATION COEFFICIENT:          0.494696
DETECTION POWER:                  0.608955

