
Cycle found:
------------
034544223311005532430402125014151352
------------
Valid sequence 


NORMALIZED NEURAL MODEL:
-1.000000 -1.000000 -1.000000 -1.000000 -1.000000 -1.000000 
-1.000000 0.000000 0.392857 0.571429 0.773810 1.000000 
-1.000000 -1.000000 0.000000 0.178571 0.380952 0.607143 
-1.000000 -1.000000 -1.000000 0.000000 0.202381 0.428571 
-1.000000 -1.000000 -1.000000 -1.000000 0.000000 0.226190 
-1.000000 -1.000000 -1.000000 -1.000000 -1.000000 0.000000 

NORMALIZED GUIDE FUNCTION:
0.134133 0.115012 0.0949102 0.0746301 0.055056 0.0371191 0.0217619 0.00990122 0.00239319 0 0.00336061 0.0129661 0.0291406 0.0520286 0.0815887 0.117594 0.15964 0.207157 0.259428 0.315615 0.374783 0.435928 0.498011 0.559984 0.620821 0.679542 0.735238 0.787086 0.834367 0.876469 0.912895 0.943263 0.967295 0.984812 0.995721 1 


BIN SEQUENCE:
3 3 3 2 2 2 1 1 1 1 1 1 2 2 2 3 3 3 4 4 4 4 4 4 5 5 5 5 5 5 6 6 6 6 6 6 


SEQUENCE OF PREFERRED BINS:
33  33  33  22  22  22  11  11  11  11  11  11  22  22  22  33  33  33  44  44  44  44  44  44  55  55  55  55  55  55  ...
42  42  42  31  31  31  22  22  22  22  22  22  31  31  31  42  42  42  53  53  53  53  53  53  64  64  64  64  64  64  ...
51  51  51  44  44  44  33  33  33  33  33  33  44  44  44  51  51  51  62  62  62  62  62  62  33  33  33  33  33  33  ...
66  66  66  55  55  55  44  44  44  44  44  44  55  55  55  66  66  66  11  11  11  11  11  11  22  22  22  22  22  22  ...
00  00  00  66  66  66  55  55  55  55  55  55  66  66  66  00  00  00  00  00  00  00  00  00  11  11  11  11  11  11  ...
00  00  00  00  00  00  66  66  66  66  66  66  00  00  00  00  00  00  00  00  00  00  00  00  00  00  00  00  00  00  ...


BIN ALLOCATION OF DISTANCES:
1 5 5 2 4 4 
4 1 5 6 6 6 
1 5 1 3 3 6 
5 2 5 1 3 6 
3 6 2 4 2 3 
4 1 4 3 2 2 


BINS USED:
2 3 3 2 2 2 1 3 1 2 1 4 1 4 2 3 5 3 4 5 4 3 5 5 5 6 4 5 6 6 6 1 6 6 4 0 


TRANSITION SEQUENCE:
-1 0.202381 0.22619 -1 0 -1 0 0.178571 0 -1 0 -1 -1 -1 0 -1 -1 0.380952 -1 -1 -1 -1 -1 -1 0.392857 0.607143 -1 -1 0.77381 -1 1 -1 0.571429 0.428571 -1 0 


CORRELATION COEFFICIENT:          0.504198
DETECTION POWER:                  0.595808

