Unable to find a valid Hamiltonian Circuit.
Elapsed time: 2 seconds. Trying again...

Cycle found:
------------
102403521315142532054550443001122334
------------
Valid sequence 


NORMALIZED NEURAL MODEL:
-1.000000 -1.000000 -1.000000 -1.000000 -1.000000 -1.000000 
-1.000000 0.000000 0.392857 0.571429 0.773810 1.000000 
-1.000000 -1.000000 0.000000 0.178571 0.380952 0.607143 
-1.000000 -1.000000 -1.000000 0.000000 0.202381 0.428571 
-1.000000 -1.000000 -1.000000 -1.000000 0.000000 0.226190 
-1.000000 -1.000000 -1.000000 -1.000000 -1.000000 0.000000 

NORMALIZED GUIDE FUNCTION:
0.87934 0.88452 0.891382 0.899966 0.910182 0.921804 0.934472 0.947702 0.960895 0.973357 0.98432 0.992969 0.99847 1 0.996783 0.988117 0.97341 0.952204 0.924203 0.889292 0.847553 0.799274 0.744954 0.685297 0.621203 0.55375 0.484174 0.413837 0.344195 0.27676 0.213061 0.154601 0.102815 0.0590303 0.0244265 0 


BIN SEQUENCE:
3 3 4 4 4 4 5 5 5 5 6 6 6 6 6 6 5 5 4 4 3 3 3 3 2 2 2 2 2 2 1 1 1 1 1 1 


SEQUENCE OF PREFERRED BINS:
33  33  44  44  44  44  55  55  55  55  66  66  66  66  66  66  55  55  44  44  33  33  33  33  22  22  22  22  22  22  ...
42  42  53  53  53  53  64  64  64  64  55  55  55  55  55  55  64  64  53  53  42  42  42  42  31  31  31  31  31  31  ...
51  51  62  62  62  62  33  33  33  33  44  44  44  44  44  44  33  33  62  62  51  51  51  51  44  44  44  44  44  44  ...
66  66  11  11  11  11  22  22  22  22  33  33  33  33  33  33  22  22  11  11  66  66  66  66  55  55  55  55  55  55  ...
00  00  00  00  00  00  11  11  11  11  22  22  22  22  22  22  11  11  00  00  00  00  00  00  66  66  66  66  66  66  ...
00  00  00  00  00  00  00  00  00  00  11  11  11  11  11  11  00  00  00  00  00  00  00  00  00  00  00  00  00  00  ...


BIN ALLOCATION OF DISTANCES:
1 6 3 4 5 5 
3 1 3 4 6 6 
5 5 1 2 3 6 
3 5 6 1 2 4 
5 4 6 1 1 3 
2 4 4 2 2 2 


BINS USED:
3 3 3 5 4 4 4 5 4 5 6 4 6 6 6 2 6 5 5 2 3 2 2 5 1 1 3 1 6 1 3 1 2 1 2 0 


TRANSITION SEQUENCE:
-1 -1 0.380952 -1 -1 0.428571 -1 -1 0.571429 -1 1 -1 0.77381 -1 0.607143 -1 -1 -1 -1 -1 0.22619 0 -1 -1 0 -1 -1 -1 -1 0 0.392857 0 0.178571 0 0.202381 0 


CORRELATION COEFFICIENT:          0.538981
DETECTION POWER:                  0.617265

