
Cycle found:
------------
334455303505413142515210432002401122
------------
Valid sequence 


NORMALIZED NEURAL MODEL:
-1.000000 -1.000000 -1.000000 -1.000000 -1.000000 -1.000000 
-1.000000 0.000000 0.392857 0.571429 0.773810 1.000000 
-1.000000 -1.000000 0.000000 0.178571 0.380952 0.607143 
-1.000000 -1.000000 -1.000000 0.000000 0.202381 0.428571 
-1.000000 -1.000000 -1.000000 -1.000000 0.000000 0.226190 
-1.000000 -1.000000 -1.000000 -1.000000 -1.000000 0.000000 

NORMALIZED GUIDE FUNCTION:
0 0.0626836 0.127152 0.192891 0.259368 0.326039 0.392355 0.457761 0.521706 0.583643 0.643039 0.699374 0.752151 0.800893 0.845157 0.88453 0.918636 0.947139 0.969748 0.986218 0.99635 1 0.997075 0.987536 0.971401 0.948739 0.91968 0.884404 0.843148 0.796199 0.743897 0.686628 0.624823 0.558957 0.489542 0.417125 


BIN SEQUENCE:
1 1 1 1 1 1 2 2 2 3 3 3 4 4 4 5 5 5 5 6 6 6 6 6 6 5 5 4 4 4 3 3 3 2 2 2 


SEQUENCE OF PREFERRED BINS:
11  11  11  11  11  11  22  22  22  33  33  33  44  44  44  55  55  55  55  66  66  66  66  66  66  55  55  44  44  44  ...
22  22  22  22  22  22  31  31  31  42  42  42  53  53  53  64  64  64  64  55  55  55  55  55  55  64  64  53  53  53  ...
33  33  33  33  33  33  44  44  44  51  51  51  62  62  62  33  33  33  33  44  44  44  44  44  44  33  33  62  62  62  ...
44  44  44  44  44  44  55  55  55  66  66  66  11  11  11  22  22  22  22  33  33  33  33  33  33  22  22  11  11  11  ...
55  55  55  55  55  55  66  66  66  00  00  00  00  00  00  11  11  11  11  22  22  22  22  22  22  11  11  00  00  00  ...
66  66  66  66  66  66  00  00  00  00  00  00  00  00  00  00  00  00  00  11  11  11  11  11  11  00  00  00  00  00  ...


BIN ALLOCATION OF DISTANCES:
4 5 4 2 6 3 
2 1 2 4 5 6 
3 5 1 1 2 5 
3 5 6 1 2 4 
3 3 6 3 1 2 
4 6 6 4 5 1 


BINS USED:
1 2 1 2 1 4 3 2 4 4 3 5 3 4 5 5 6 5 6 6 6 5 2 6 3 6 3 4 4 2 3 5 1 2 1 0 


TRANSITION SEQUENCE:
0 0.202381 0 0.22619 0 -1 -1 -1 0.428571 -1 -1 -1 -1 0.571429 -1 0.77381 -1 0.607143 -1 1 -1 -1 -1 -1 -1 -1 -1 -1 -1 0.380952 -1 -1 0 0.392857 0 0 


CORRELATION COEFFICIENT:          0.547482
DETECTION POWER:                  0.609404

