
Cycle found:
------------
553204050124214135251034544330022311
------------
Valid sequence 


NORMALIZED NEURAL MODEL:
-1.000000 -1.000000 -1.000000 -1.000000 -1.000000 -1.000000 
-1.000000 0.000000 0.392857 0.571429 0.773810 1.000000 
-1.000000 -1.000000 0.000000 0.178571 0.380952 0.607143 
-1.000000 -1.000000 -1.000000 0.000000 0.202381 0.428571 
-1.000000 -1.000000 -1.000000 -1.000000 0.000000 0.226190 
-1.000000 -1.000000 -1.000000 -1.000000 -1.000000 0.000000 

NORMALIZED GUIDE FUNCTION:
0 0.0788482 0.164564 0.254838 0.347358 0.439865 0.53021 0.616402 0.696653 0.769418 0.833421 0.887683 0.931528 0.964596 0.986828 0.998461 1 0.992192 0.975988 0.952507 0.922984 0.888731 0.851085 0.811363 0.770819 0.730601 0.691719 0.655014 0.621139 0.590541 0.56346 0.539927 0.519778 0.502673 0.488116 0.475494 


BIN SEQUENCE:
1 1 1 1 1 1 2 3 4 4 4 5 5 6 6 6 6 6 6 5 5 5 5 4 4 4 3 3 3 3 3 2 2 2 2 2 


SEQUENCE OF PREFERRED BINS:
11  11  11  11  11  11  22  33  44  44  44  55  55  66  66  66  66  66  66  55  55  55  55  44  44  44  33  33  33  33  ...
22  22  22  22  22  22  31  42  53  53  53  64  64  55  55  55  55  55  55  64  64  64  64  53  53  53  42  42  42  42  ...
33  33  33  33  33  33  44  51  62  62  62  33  33  44  44  44  44  44  44  33  33  33  33  62  62  62  51  51  51  51  ...
44  44  44  44  44  44  55  66  11  11  11  22  22  33  33  33  33  33  33  22  22  22  22  11  11  11  66  66  66  66  ...
55  55  55  55  55  55  66  00  00  00  00  11  11  22  22  22  22  22  22  11  11  11  11  00  00  00  00  00  00  00  ...
66  66  66  66  66  66  00  00  00  00  00  00  00  11  11  11  11  11  11  00  00  00  00  00  00  00  00  00  00  00  ...


BIN ALLOCATION OF DISTANCES:
1 4 3 5 1 3 
3 2 4 6 6 6 
1 5 2 3 4 6 
1 1 1 2 3 4 
2 5 5 3 2 4 
5 5 6 4 6 2 


BINS USED:
2 4 1 1 1 2 3 5 4 4 4 5 5 6 5 6 4 6 6 5 3 5 3 4 6 2 3 2 1 1 3 2 3 1 2 0 


TRANSITION SEQUENCE:
0 -1 -1 -1 -1 -1 -1 -1 -1 0.392857 0.380952 -1 -1 0.77381 -1 0.571429 0.428571 -1 0.607143 -1 -1 -1 0.202381 0.22619 -1 0 -1 0 -1 -1 -1 0 0.178571 -1 0 0 


CORRELATION COEFFICIENT:          0.474024
DETECTION POWER:                  0.602225

