
Cycle found:
------------
022330120054353151425241340321104455
------------
Valid sequence 


NORMALIZED NEURAL MODEL:
-1.000000 -1.000000 -1.000000 -1.000000 -1.000000 -1.000000 
-1.000000 0.000000 0.392857 0.571429 0.773810 1.000000 
-1.000000 -1.000000 0.000000 0.178571 0.380952 0.607143 
-1.000000 -1.000000 -1.000000 0.000000 0.202381 0.428571 
-1.000000 -1.000000 -1.000000 -1.000000 0.000000 0.226190 
-1.000000 -1.000000 -1.000000 -1.000000 -1.000000 0.000000 

NORMALIZED GUIDE FUNCTION:
0 0.112382 0.224097 0.333386 0.438537 0.537929 0.630073 0.713657 0.787581 0.850989 0.903298 0.944211 0.973725 0.992132 1 0.998151 0.987626 0.969639 0.945529 0.916696 0.884546 0.850424 0.81556 0.781006 0.747598 0.715911 0.686241 0.658587 0.632662 0.60791 0.583536 0.55856 0.531872 0.502301 0.468692 0.429975 


BIN SEQUENCE:
1 1 1 1 1 2 3 3 4 5 5 5 6 6 6 6 6 6 5 5 5 4 4 4 4 4 3 3 3 3 2 2 2 2 2 1 


SEQUENCE OF PREFERRED BINS:
11  11  11  11  11  22  33  33  44  55  55  55  66  66  66  66  66  66  55  55  55  44  44  44  44  44  33  33  33  33  ...
22  22  22  22  22  31  42  42  53  64  64  64  55  55  55  55  55  55  64  64  64  53  53  53  53  53  42  42  42  42  ...
33  33  33  33  33  44  51  51  62  33  33  33  44  44  44  44  44  44  33  33  33  62  62  62  62  62  51  51  51  51  ...
44  44  44  44  44  55  66  66  11  22  22  22  33  33  33  33  33  33  22  22  22  11  11  11  11  11  66  66  66  66  ...
55  55  55  55  55  66  00  00  00  11  11  11  22  22  22  22  22  22  11  11  11  00  00  00  00  00  00  00  00  00  ...
66  66  66  66  66  00  00  00  00  00  00  00  11  11  11  11  11  11  00  00  00  00  00  00  00  00  00  00  00  00  ...


BIN ALLOCATION OF DISTANCES:
4 2 2 4 3 6 
6 1 5 5 6 6 
3 6 1 2 4 5 
1 3 2 1 2 5 
2 3 4 5 1 4 
6 3 3 4 5 1 


BINS USED:
2 1 2 1 1 2 5 3 4 6 5 5 5 4 3 6 3 6 4 5 3 4 3 5 2 2 4 2 6 1 6 3 1 4 1 0 


TRANSITION SEQUENCE:
-1 0 0.178571 0 -1 -1 0.392857 -1 -1 -1 -1 -1 0.428571 -1 -1 1 -1 0.77381 -1 0.607143 -1 0.380952 -1 0.571429 0.202381 -1 -1 -1 -1 0 -1 -1 0 0.22619 0 0 


CORRELATION COEFFICIENT:          0.560694
DETECTION POWER:                  0.620293

