
Cycle found:
------------
552211234240200545303132514150104433
------------
Valid sequence 


NORMALIZED NEURAL MODEL:
-1.000000 -1.000000 -1.000000 -1.000000 -1.000000 -1.000000 
-1.000000 0.000000 0.392857 0.571429 0.773810 1.000000 
-1.000000 -1.000000 0.000000 0.178571 0.380952 0.607143 
-1.000000 -1.000000 -1.000000 0.000000 0.202381 0.428571 
-1.000000 -1.000000 -1.000000 -1.000000 0.000000 0.226190 
-1.000000 -1.000000 -1.000000 -1.000000 -1.000000 0.000000 

NORMALIZED GUIDE FUNCTION:
0 0.00568837 0.0187979 0.0391903 0.0665987 0.100632 0.140782 0.186436 0.236883 0.291332 0.348928 0.408763 0.469897 0.531376 0.592249 0.651582 0.708482 0.762104 0.811674 0.856497 0.895968 0.929585 0.956953 0.977788 0.991924 0.999307 1 0.994173 0.982099 0.964149 0.940776 0.91251 0.879943 0.843718 0.804513 0.763029 


BIN SEQUENCE:
1 1 1 1 1 1 2 2 2 2 2 2 3 3 3 3 3 3 4 4 5 5 5 6 6 6 6 6 6 5 5 5 4 4 4 4 


SEQUENCE OF PREFERRED BINS:
11  11  11  11  11  11  22  22  22  22  22  22  33  33  33  33  33  33  44  44  55  55  55  66  66  66  66  66  66  55  ...
22  22  22  22  22  22  31  31  31  31  31  31  42  42  42  42  42  42  53  53  64  64  64  55  55  55  55  55  55  64  ...
33  33  33  33  33  33  44  44  44  44  44  44  51  51  51  51  51  51  62  62  33  33  33  44  44  44  44  44  44  33  ...
44  44  44  44  44  44  55  55  55  55  55  55  66  66  66  66  66  66  11  11  22  22  22  33  33  33  33  33  33  22  ...
55  55  55  55  55  55  66  66  66  66  66  66  00  00  00  00  00  00  00  00  11  11  11  22  22  22  22  22  22  11  ...
66  66  66  66  66  66  00  00  00  00  00  00  00  00  00  00  00  00  00  00  00  00  00  11  11  11  11  11  11  00  ...


BIN ALLOCATION OF DISTANCES:
4 1 2 2 2 4 
5 1 4 5 6 6 
4 2 1 3 3 5 
4 5 6 1 3 5 
3 6 2 6 1 3 
5 6 2 4 3 1 


BINS USED:
1 2 1 2 1 4 3 3 2 3 3 2 4 4 4 3 3 4 4 2 5 5 6 5 6 6 6 6 5 1 5 2 1 6 1 0 


TRANSITION SEQUENCE:
0 -1 0 -1 0 0.392857 0.178571 0.202381 -1 0.380952 -1 -1 -1 -1 -1 -1 0.22619 -1 -1 -1 -1 0.571429 -1 0.607143 -1 0.77381 -1 1 -1 -1 -1 -1 0 -1 0 0 


CORRELATION COEFFICIENT:          0.384486
DETECTION POWER:                  0.609875

