
Cycle found:
------------
544221102050455340031301415125243323
------------
Valid sequence 


NORMALIZED NEURAL MODEL:
-1.000000 -1.000000 -1.000000 -1.000000 -1.000000 -1.000000 
-1.000000 0.000000 0.392857 0.571429 0.773810 1.000000 
-1.000000 -1.000000 0.000000 0.178571 0.380952 0.607143 
-1.000000 -1.000000 -1.000000 0.000000 0.202381 0.428571 
-1.000000 -1.000000 -1.000000 -1.000000 0.000000 0.226190 
-1.000000 -1.000000 -1.000000 -1.000000 -1.000000 0.000000 

NORMALIZED GUIDE FUNCTION:
0 0.0407274 0.0845879 0.131199 0.180154 0.231031 0.283389 0.33678 0.390747 0.444829 0.498569 0.551512 0.603214 0.653244 0.701188 0.746652 0.789266 0.828688 0.864604 0.896735 0.924836 0.948701 0.96816 0.983085 0.99339 0.99903 1 0.99634 0.988131 0.975491 0.95858 0.937596 0.912769 0.884365 0.852678 0.818031 


BIN SEQUENCE:
1 1 1 1 1 1 2 2 2 2 2 2 3 3 3 3 3 4 4 4 5 5 5 6 6 6 6 6 6 5 5 5 4 4 4 3 


SEQUENCE OF PREFERRED BINS:
11  11  11  11  11  11  22  22  22  22  22  22  33  33  33  33  33  44  44  44  55  55  55  66  66  66  66  66  66  55  ...
22  22  22  22  22  22  31  31  31  31  31  31  42  42  42  42  42  53  53  53  64  64  64  55  55  55  55  55  55  64  ...
33  33  33  33  33  33  44  44  44  44  44  44  51  51  51  51  51  62  62  62  33  33  33  44  44  44  44  44  44  33  ...
44  44  44  44  44  44  55  55  55  55  55  55  66  66  66  66  66  11  11  11  22  22  22  33  33  33  33  33  33  22  ...
55  55  55  55  55  55  66  66  66  66  66  66  00  00  00  00  00  00  00  00  11  11  11  22  22  22  22  22  22  11  ...
66  66  66  66  66  66  00  00  00  00  00  00  00  00  00  00  00  00  00  00  00  00  00  11  11  11  11  11  11  00  ...


BIN ALLOCATION OF DISTANCES:
4 6 2 6 1 2 
2 1 5 5 6 6 
3 3 1 3 4 6 
2 4 1 2 4 5 
4 5 3 5 2 4 
3 6 5 1 1 3 


BINS USED:
1 2 3 1 3 1 2 2 3 2 3 1 4 3 1 4 4 4 6 4 5 2 6 6 5 6 6 5 6 5 4 5 2 1 3 0 


TRANSITION SEQUENCE:
-1 0 -1 0 -1 0 -1 -1 -1 -1 -1 -1 0.22619 0 -1 0.202381 -1 -1 -1 -1 0.571429 -1 -1 0.77381 -1 1 -1 0.392857 0.607143 -1 0.380952 -1 0 -1 0.178571 0 


CORRELATION COEFFICIENT:          0.406651
DETECTION POWER:                  0.592423

