
Cycle found:
------------
422334455405032430200141513525312110
------------
Valid sequence 


NORMALIZED NEURAL MODEL:
-1.000000 -1.000000 -1.000000 -1.000000 -1.000000 -1.000000 
-1.000000 0.000000 0.392857 0.571429 0.773810 1.000000 
-1.000000 -1.000000 0.000000 0.178571 0.380952 0.607143 
-1.000000 -1.000000 -1.000000 0.000000 0.202381 0.428571 
-1.000000 -1.000000 -1.000000 -1.000000 0.000000 0.226190 
-1.000000 -1.000000 -1.000000 -1.000000 -1.000000 0.000000 

NORMALIZED GUIDE FUNCTION:
0 0.0451162 0.0947605 0.148291 0.205027 0.264253 0.325236 0.387227 0.449478 0.511247 0.57181 0.630468 0.686557 0.739458 0.788602 0.833476 0.873632 0.908689 0.938338 0.962347 0.980558 0.992892 0.999348 1 0.994995 0.98455 0.968949 0.948536 0.923709 0.894914 0.862637 0.827398 0.78974 0.750226 0.709423 0.667898 


BIN SEQUENCE:
1 1 1 1 1 1 2 2 2 2 2 2 3 3 3 4 4 5 5 5 6 6 6 6 6 6 5 5 5 4 4 4 4 3 3 3 


SEQUENCE OF PREFERRED BINS:
11  11  11  11  11  11  22  22  22  22  22  22  33  33  33  44  44  55  55  55  66  66  66  66  66  66  55  55  55  44  ...
22  22  22  22  22  22  31  31  31  31  31  31  42  42  42  53  53  64  64  64  55  55  55  55  55  55  64  64  64  53  ...
33  33  33  33  33  33  44  44  44  44  44  44  51  51  51  62  62  33  33  33  44  44  44  44  44  44  33  33  33  62  ...
44  44  44  44  44  44  55  55  55  55  55  55  66  66  66  11  11  22  22  22  33  33  33  33  33  33  22  22  22  11  ...
55  55  55  55  55  55  66  66  66  66  66  66  00  00  00  00  00  11  11  11  22  22  22  22  22  22  11  11  11  00  ...
66  66  66  66  66  66  00  00  00  00  00  00  00  00  00  00  00  00  00  00  11  11  11  11  11  11  00  00  00  00  ...


BIN ALLOCATION OF DISTANCES:
6 6 5 1 2 1 
3 1 3 4 5 5 
5 4 1 2 3 5 
4 4 3 2 2 4 
5 6 1 6 2 3 
3 6 4 6 1 2 


BINS USED:
1 1 2 2 2 2 3 2 1 5 1 3 1 3 3 6 4 5 5 6 6 5 6 5 6 4 4 4 5 6 4 3 4 1 3 0 


TRANSITION SEQUENCE:
-1 0 0.178571 0 0.202381 0 0.22619 0 -1 -1 -1 -1 -1 -1 0.380952 -1 -1 -1 -1 -1 -1 0.77381 -1 1 -1 0.571429 0.428571 -1 0.607143 -1 -1 0.392857 -1 0 -1 0 


CORRELATION COEFFICIENT:          0.568301
DETECTION POWER:                  0.667802

