
Cycle found:
------------
211233442455101314152500320535430402
------------
Valid sequence 


NORMALIZED NEURAL MODEL:
-1.000000 -1.000000 -1.000000 -1.000000 -1.000000 -1.000000 
-1.000000 0.000000 0.392857 0.571429 0.773810 1.000000 
-1.000000 -1.000000 0.000000 0.178571 0.380952 0.607143 
-1.000000 -1.000000 -1.000000 0.000000 0.202381 0.428571 
-1.000000 -1.000000 -1.000000 -1.000000 0.000000 0.226190 
-1.000000 -1.000000 -1.000000 -1.000000 -1.000000 0.000000 

NORMALIZED GUIDE FUNCTION:
0 0.0103444 0.0290773 0.0558956 0.0903581 0.131892 0.179802 0.23328 0.291419 0.35323 0.417651 0.483573 0.549852 0.615332 0.678863 0.739318 0.795618 0.846745 0.891763 0.929831 0.960222 0.982334 0.995701 1 0.995062 0.980871 0.957569 0.925454 0.884972 0.836717 0.781419 0.719931 0.653219 0.582344 0.508448 0.432731 


BIN SEQUENCE:
1 1 1 1 1 1 2 2 2 2 2 3 3 3 4 4 4 5 5 5 6 6 6 6 6 6 5 5 5 4 4 4 3 3 3 2 


SEQUENCE OF PREFERRED BINS:
11  11  11  11  11  11  22  22  22  22  22  33  33  33  44  44  44  55  55  55  66  66  66  66  66  66  55  55  55  44  ...
22  22  22  22  22  22  31  31  31  31  31  42  42  42  53  53  53  64  64  64  55  55  55  55  55  55  64  64  64  53  ...
33  33  33  33  33  33  44  44  44  44  44  51  51  51  62  62  62  33  33  33  44  44  44  44  44  44  33  33  33  62  ...
44  44  44  44  44  44  55  55  55  55  55  66  66  66  11  11  11  22  22  22  33  33  33  33  33  33  22  22  22  11  ...
55  55  55  55  55  55  66  66  66  66  66  00  00  00  00  00  00  11  11  11  22  22  22  22  22  22  11  11  11  00  ...
66  66  66  66  66  66  00  00  00  00  00  00  00  00  00  00  00  00  00  00  11  11  11  11  11  11  00  00  00  00  ...


BIN ALLOCATION OF DISTANCES:
6 3 2 5 2 3 
4 1 4 5 6 6 
5 2 1 2 3 6 
4 4 5 1 3 5 
6 5 1 6 2 3 
4 3 4 1 1 2 


BINS USED:
2 1 4 2 1 3 2 1 3 3 2 3 4 3 5 4 6 5 6 4 6 4 6 5 5 5 3 1 5 1 6 4 2 6 2 0 


TRANSITION SEQUENCE:
-1 0 0.392857 0.178571 0 0.202381 0 -1 0.380952 0.22619 0 -1 -1 -1 0.571429 -1 0.77381 -1 1 -1 0.607143 -1 -1 -1 -1 -1 -1 -1 0.428571 -1 -1 -1 -1 -1 -1 0 


CORRELATION COEFFICIENT:          0.478409
DETECTION POWER:                  0.595197

