
Cycle found:
------------
033223445521104240125054353141513002
------------
Valid sequence 


NORMALIZED NEURAL MODEL:
-1.000000 -1.000000 -1.000000 -1.000000 -1.000000 -1.000000 
-1.000000 0.000000 0.392857 0.571429 0.773810 1.000000 
-1.000000 -1.000000 0.000000 0.178571 0.380952 0.607143 
-1.000000 -1.000000 -1.000000 0.000000 0.202381 0.428571 
-1.000000 -1.000000 -1.000000 -1.000000 0.000000 0.226190 
-1.000000 -1.000000 -1.000000 -1.000000 -1.000000 0.000000 

NORMALIZED GUIDE FUNCTION:
0 0.0361013 0.0754 0.117576 0.162287 0.209169 0.25784 0.307904 0.358953 0.410572 0.462338 0.513831 0.564629 0.614317 0.662489 0.708749 0.752717 0.794033 0.832355 0.867367 0.898779 0.926329 0.949786 0.968954 0.983668 0.993801 0.999262 1 0.995999 0.987283 0.973914 0.955991 0.933653 0.907071 0.876453 0.842041 


BIN SEQUENCE:
1 1 1 1 1 1 2 2 2 2 2 2 3 3 3 3 3 3 4 4 4 5 5 5 6 6 6 6 6 6 5 5 5 4 4 4 


SEQUENCE OF PREFERRED BINS:
11  11  11  11  11  11  22  22  22  22  22  22  33  33  33  33  33  33  44  44  44  55  55  55  66  66  66  66  66  66  ...
22  22  22  22  22  22  31  31  31  31  31  31  42  42  42  42  42  42  53  53  53  64  64  64  55  55  55  55  55  55  ...
33  33  33  33  33  33  44  44  44  44  44  44  51  51  51  51  51  51  62  62  62  33  33  33  44  44  44  44  44  44  ...
44  44  44  44  44  44  55  55  55  55  55  55  66  66  66  66  66  66  11  11  11  22  22  22  33  33  33  33  33  33  ...
55  55  55  55  55  55  66  66  66  66  66  66  00  00  00  00  00  00  00  00  00  11  11  11  22  22  22  22  22  22  ...
66  66  66  66  66  66  00  00  00  00  00  00  00  00  00  00  00  00  00  00  00  00  00  00  11  11  11  11  11  11  ...


BIN ALLOCATION OF DISTANCES:
4 3 2 1 3 6 
3 1 5 6 6 6 
1 4 1 2 5 6 
4 4 2 2 3 5 
4 5 3 5 2 3 
4 1 1 6 5 2 


BINS USED:
1 2 2 1 2 3 2 3 2 1 4 1 3 3 3 5 4 3 5 6 4 6 5 5 5 6 4 6 5 6 1 6 4 4 2 0 


TRANSITION SEQUENCE:
-1 0 -1 0 0.178571 0.202381 0 0.22619 0 -1 -1 0 -1 -1 -1 0.380952 -1 -1 0.392857 0.607143 -1 -1 -1 -1 0.428571 -1 -1 0.77381 -1 1 -1 0.571429 -1 -1 -1 0 


CORRELATION COEFFICIENT:          0.529196
DETECTION POWER:                  0.61509

