
Cycle found:
------------
553301005242132541435120450344022311
------------
Valid sequence 


NORMALIZED NEURAL MODEL:
-1.000000 -1.000000 -1.000000 -1.000000 -1.000000 -1.000000 
-1.000000 0.000000 0.392857 0.571429 0.773810 1.000000 
-1.000000 -1.000000 0.000000 0.178571 0.380952 0.607143 
-1.000000 -1.000000 -1.000000 0.000000 0.202381 0.428571 
-1.000000 -1.000000 -1.000000 -1.000000 0.000000 0.226190 
-1.000000 -1.000000 -1.000000 -1.000000 -1.000000 0.000000 

NORMALIZED GUIDE FUNCTION:
0 0.0812427 0.163452 0.245804 0.327475 0.407643 0.485503 0.560273 0.631199 0.697569 0.758715 0.814024 0.862942 0.90498 0.939719 0.966816 0.986004 0.9971 1 0.994685 0.98122 0.95975 0.930504 0.893786 0.849976 0.799524 0.742945 0.680816 0.613766 0.542471 0.467646 0.390041 0.310428 0.229596 0.148343 0.0674663 


BIN SEQUENCE:
1 1 1 2 2 2 3 3 3 4 4 4 5 5 5 6 6 6 6 6 6 5 5 5 4 4 4 3 3 3 2 2 2 1 1 1 


SEQUENCE OF PREFERRED BINS:
11  11  11  22  22  22  33  33  33  44  44  44  55  55  55  66  66  66  66  66  66  55  55  55  44  44  44  33  33  33  ...
22  22  22  31  31  31  42  42  42  53  53  53  64  64  64  55  55  55  55  55  55  64  64  64  53  53  53  42  42  42  ...
33  33  33  44  44  44  51  51  51  62  62  62  33  33  33  44  44  44  44  44  44  33  33  33  62  62  62  51  51  51  ...
44  44  44  55  55  55  66  66  66  11  11  11  22  22  22  33  33  33  33  33  33  22  22  22  11  11  11  66  66  66  ...
55  55  55  66  66  66  00  00  00  00  00  00  11  11  11  22  22  22  22  22  22  11  11  11  00  00  00  00  00  00  ...
66  66  66  00  00  00  00  00  00  00  00  00  00  00  00  11  11  11  11  11  11  00  00  00  00  00  00  00  00  00  ...


BIN ALLOCATION OF DISTANCES:
3 2 3 3 4 3 
2 1 4 6 6 6 
6 6 1 2 4 6 
2 5 5 1 2 5 
2 5 4 4 1 3 
4 5 3 1 5 1 


BINS USED:
1 1 1 2 2 2 3 3 3 4 4 6 6 5 6 5 5 6 4 5 5 4 6 4 3 4 3 2 1 2 3 1 2 5 1 0 


TRANSITION SEQUENCE:
0 -1 0 -1 -1 -1 -1 -1 -1 0.380952 -1 -1 0.571429 -1 0.607143 -1 -1 0.77381 -1 0.428571 -1 0.392857 -1 -1 0.22619 -1 -1 0.202381 0 -1 -1 0 0.178571 -1 0 0 


CORRELATION COEFFICIENT:          0.604877
DETECTION POWER:                  0.590498

