
Cycle found:
------------
421003020531514135254045501122344332
------------
Valid sequence 


NORMALIZED NEURAL MODEL:
-1.000000 -1.000000 -1.000000 -1.000000 -1.000000 -1.000000 
-1.000000 0.000000 0.392857 0.571429 0.773810 1.000000 
-1.000000 -1.000000 0.000000 0.178571 0.380952 0.607143 
-1.000000 -1.000000 -1.000000 0.000000 0.202381 0.428571 
-1.000000 -1.000000 -1.000000 -1.000000 0.000000 0.226190 
-1.000000 -1.000000 -1.000000 -1.000000 -1.000000 0.000000 

NORMALIZED GUIDE FUNCTION:
1 0.981029 0.955203 0.923065 0.885218 0.842318 0.795066 0.744196 0.690468 0.634654 0.577532 0.519873 0.462434 0.405945 0.351105 0.29857 0.248946 0.202784 0.160572 0.122732 0.0896113 0.0614861 0.0385542 0.0209357 0.00867287 0.00173089 0 0.00329833 0.0113757 0.0239185 0.0405549 0.0608612 0.0843685 0.11057 0.13893 0.168889 


BIN SEQUENCE:
6 6 6 6 6 6 5 5 5 5 5 5 4 4 4 4 4 4 3 3 3 2 2 1 1 1 1 1 1 2 2 2 2 3 3 3 


SEQUENCE OF PREFERRED BINS:
66  66  66  66  66  66  55  55  55  55  55  55  44  44  44  44  44  44  33  33  33  22  22  11  11  11  11  11  11  22  ...
55  55  55  55  55  55  64  64  64  64  64  64  53  53  53  53  53  53  42  42  42  31  31  22  22  22  22  22  22  31  ...
44  44  44  44  44  44  33  33  33  33  33  33  62  62  62  62  62  62  51  51  51  44  44  33  33  33  33  33  33  44  ...
33  33  33  33  33  33  22  22  22  22  22  22  11  11  11  11  11  11  66  66  66  55  55  44  44  44  44  44  44  55  ...
22  22  22  22  22  22  11  11  11  11  11  11  00  00  00  00  00  00  00  00  00  66  66  55  55  55  55  55  55  66  ...
11  11  11  11  11  11  00  00  00  00  00  00  00  00  00  00  00  00  00  00  00  00  00  66  66  66  66  66  66  00  ...


BIN ALLOCATION OF DISTANCES:
6 6 5 6 4 5 
6 1 2 3 4 4 
5 6 1 1 2 4 
5 5 3 1 2 3 
4 4 6 5 1 2 
2 3 3 3 2 1 


BINS USED:
6 6 6 6 6 5 5 5 5 3 5 4 3 4 4 3 3 3 4 2 4 4 2 1 2 6 1 2 1 1 2 1 5 1 3 0 


TRANSITION SEQUENCE:
-1 -1 -1 -1 -1 -1 -1 -1 -1 -1 -1 1 -1 0.77381 -1 0.571429 0.428571 -1 0.607143 -1 -1 -1 0.22619 0 -1 -1 0 0.392857 0 0.178571 0.202381 0 -1 0 -1 0 


CORRELATION COEFFICIENT:          0.245036
DETECTION POWER:                  0.598893

