
Cycle found:
------------
503054353141525121324200223340110445
------------
Valid sequence 


NORMALIZED NEURAL MODEL:
-1.000000 -1.000000 -1.000000 -1.000000 -1.000000 -1.000000 
-1.000000 0.000000 0.392857 0.571429 0.773810 1.000000 
-1.000000 -1.000000 0.000000 0.178571 0.380952 0.607143 
-1.000000 -1.000000 -1.000000 0.000000 0.202381 0.428571 
-1.000000 -1.000000 -1.000000 -1.000000 0.000000 0.226190 
-1.000000 -1.000000 -1.000000 -1.000000 -1.000000 0.000000 

NORMALIZED GUIDE FUNCTION:
0.729361 0.774319 0.816305 0.854884 0.889652 0.920231 0.946284 0.967515 0.98367 0.994549 1 0.999928 0.994295 0.98312 0.966483 0.94452 0.917427 0.885457 0.848916 0.808161 0.7636 0.715682 0.664896 0.611765 0.556838 0.50069 0.443906 0.387084 0.330821 0.27571 0.22233 0.171244 0.122984 0.078055 0.0369202 0 


BIN SEQUENCE:
3 3 4 4 4 5 5 5 6 6 6 6 6 6 5 5 5 4 4 4 3 3 3 3 2 2 2 2 2 2 1 1 1 1 1 1 


SEQUENCE OF PREFERRED BINS:
33  33  44  44  44  55  55  55  66  66  66  66  66  66  55  55  55  44  44  44  33  33  33  33  22  22  22  22  22  22  ...
42  42  53  53  53  64  64  64  55  55  55  55  55  55  64  64  64  53  53  53  42  42  42  42  31  31  31  31  31  31  ...
51  51  62  62  62  33  33  33  44  44  44  44  44  44  33  33  33  62  62  62  51  51  51  51  44  44  44  44  44  44  ...
66  66  11  11  11  22  22  22  33  33  33  33  33  33  22  22  22  11  11  11  66  66  66  66  55  55  55  55  55  55  ...
00  00  00  00  00  11  11  11  22  22  22  22  22  22  11  11  11  00  00  00  00  00  00  00  66  66  66  66  66  66  ...
00  00  00  00  00  00  00  00  11  11  11  11  11  11  00  00  00  00  00  00  00  00  00  00  00  00  00  00  00  00  ...


BIN ALLOCATION OF DISTANCES:
4 6 4 3 6 4 
1 1 5 5 6 6 
2 5 1 2 3 5 
4 4 3 1 2 5 
1 3 3 4 1 2 
3 2 6 6 5 2 


BINS USED:
3 3 4 4 5 4 5 6 4 6 3 6 6 5 2 5 5 5 3 3 3 2 4 4 1 2 1 2 1 6 1 1 6 1 2 0 


TRANSITION SEQUENCE:
-1 -1 -1 -1 -1 -1 0.428571 -1 -1 0.77381 -1 1 -1 0.607143 -1 0.392857 -1 0.571429 -1 0.380952 -1 -1 -1 -1 0 0.178571 0 0.202381 -1 -1 0 -1 -1 0 0.22619 0 


CORRELATION COEFFICIENT:          0.592552
DETECTION POWER:                  0.606981

