
Cycle found:
------------
110553040320243514152542131223344500
------------
Valid sequence 


NORMALIZED NEURAL MODEL:
-1.000000 -1.000000 -1.000000 -1.000000 -1.000000 -1.000000 
-1.000000 0.000000 0.392857 0.571429 0.773810 1.000000 
-1.000000 -1.000000 0.000000 0.178571 0.380952 0.607143 
-1.000000 -1.000000 -1.000000 0.000000 0.202381 0.428571 
-1.000000 -1.000000 -1.000000 -1.000000 0.000000 0.226190 
-1.000000 -1.000000 -1.000000 -1.000000 -1.000000 0.000000 

NORMALIZED GUIDE FUNCTION:
0.0102312 0.106192 0.200107 0.291329 0.379235 0.463227 0.542739 0.617237 0.686227 0.749254 0.805909 0.855829 0.8987 0.93426 0.962299 0.982659 0.995242 1 0.996943 0.986135 0.967696 0.941796 0.90866 0.86856 0.821819 0.768802 0.709918 0.645616 0.576378 0.502722 0.425193 0.34436 0.260812 0.175157 0.0880112 0 


BIN SEQUENCE:
1 1 1 2 2 2 3 3 3 4 4 4 5 5 5 6 6 6 6 6 6 5 5 5 4 4 4 3 3 3 2 2 2 1 1 1 


SEQUENCE OF PREFERRED BINS:
11  11  11  22  22  22  33  33  33  44  44  44  55  55  55  66  66  66  66  66  66  55  55  55  44  44  44  33  33  33  ...
22  22  22  31  31  31  42  42  42  53  53  53  64  64  64  55  55  55  55  55  55  64  64  64  53  53  53  42  42  42  ...
33  33  33  44  44  44  51  51  51  62  62  62  33  33  33  44  44  44  44  44  44  33  33  33  62  62  62  51  51  51  ...
44  44  44  55  55  55  66  66  66  11  11  11  22  22  22  33  33  33  33  33  33  22  22  22  11  11  11  66  66  66  ...
55  55  55  66  66  66  00  00  00  00  00  00  11  11  11  22  22  22  22  22  22  11  11  11  00  00  00  00  00  00  ...
66  66  66  00  00  00  00  00  00  00  00  00  00  00  00  11  11  11  11  11  11  00  00  00  00  00  00  00  00  00  ...


BIN ALLOCATION OF DISTANCES:
6 4 4 2 3 1 
4 1 5 5 6 6 
4 4 1 2 5 6 
2 6 4 1 2 5 
3 3 1 5 1 2 
5 6 3 3 3 2 


BINS USED:
1 4 1 2 3 2 3 3 2 4 4 4 5 5 5 6 6 3 6 3 6 3 1 4 5 6 5 1 2 1 2 1 2 5 6 0 


TRANSITION SEQUENCE:
0 -1 -1 0 -1 -1 -1 -1 -1 -1 -1 -1 0.380952 -1 0.428571 -1 0.77381 -1 1 -1 0.607143 -1 -1 -1 0.571429 -1 0.392857 0 0.178571 0 0.202381 0 0.22619 -1 -1 0 


CORRELATION COEFFICIENT:          0.55936
DETECTION POWER:                  0.59552

