
Cycle found:
------------
554453021251435013424104005220323311
------------
Valid sequence 


NORMALIZED NEURAL MODEL:
-1.000000 -1.000000 -1.000000 -1.000000 -1.000000 -1.000000 
-1.000000 0.000000 0.392857 0.571429 0.773810 1.000000 
-1.000000 -1.000000 0.000000 0.178571 0.380952 0.607143 
-1.000000 -1.000000 -1.000000 0.000000 0.202381 0.428571 
-1.000000 -1.000000 -1.000000 -1.000000 0.000000 0.226190 
-1.000000 -1.000000 -1.000000 -1.000000 -1.000000 0.000000 

NORMALIZED GUIDE FUNCTION:
0.725453 0.761887 0.797192 0.830936 0.862696 0.892058 0.918623 0.942012 0.961871 0.977873 0.989726 0.997174 1 0.998031 0.99114 0.979247 0.962323 0.94039 0.91352 0.881839 0.845525 0.804805 0.759957 0.711305 0.659222 0.604118 0.546446 0.486692 0.425374 0.363035 0.300239 0.237569 0.175614 0.114972 0.0562379 0 


BIN SEQUENCE:
3 3 3 4 4 4 5 5 5 5 6 6 6 6 6 6 5 5 4 4 4 3 3 3 2 2 2 2 2 2 1 1 1 1 1 1 


SEQUENCE OF PREFERRED BINS:
33  33  33  44  44  44  55  55  55  55  66  66  66  66  66  66  55  55  44  44  44  33  33  33  22  22  22  22  22  22  ...
42  42  42  53  53  53  64  64  64  64  55  55  55  55  55  55  64  64  53  53  53  42  42  42  31  31  31  31  31  31  ...
51  51  51  62  62  62  33  33  33  33  44  44  44  44  44  44  33  33  62  62  62  51  51  51  44  44  44  44  44  44  ...
66  66  66  11  11  11  22  22  22  22  33  33  33  33  33  33  22  22  11  11  11  66  66  66  55  55  55  55  55  55  ...
00  00  00  00  00  00  11  11  11  11  22  22  22  22  22  22  11  11  00  00  00  00  00  00  66  66  66  66  66  66  ...
00  00  00  00  00  00  00  00  00  00  11  11  11  11  11  11  00  00  00  00  00  00  00  00  00  00  00  00  00  00  ...


BIN ALLOCATION OF DISTANCES:
1 6 6 6 2 1 
4 1 5 5 5 6 
2 5 2 3 4 5 
4 1 1 3 3 5 
2 2 3 4 3 4 
6 6 1 2 4 3 


BINS USED:
3 4 3 4 2 4 6 5 5 5 6 5 4 5 6 6 5 3 3 4 2 4 2 2 1 1 1 2 2 6 1 3 3 1 1 0 


TRANSITION SEQUENCE:
0 -1 0 0.22619 -1 -1 -1 -1 0.392857 0.607143 -1 0.77381 -1 0.428571 -1 -1 0.571429 0.202381 -1 0.380952 -1 -1 -1 -1 -1 -1 -1 0 -1 -1 -1 0.178571 0 -1 0 0 


CORRELATION COEFFICIENT:          0.544209
DETECTION POWER:                  0.604151

