
Cycle found:
------------
120501314152535402434233221103004455
------------
Valid sequence 


NORMALIZED NEURAL MODEL:
-1.000000 -1.000000 -1.000000 -1.000000 -1.000000 -1.000000 
-1.000000 0.000000 0.392857 0.571429 0.773810 1.000000 
-1.000000 -1.000000 0.000000 0.178571 0.380952 0.607143 
-1.000000 -1.000000 -1.000000 0.000000 0.202381 0.428571 
-1.000000 -1.000000 -1.000000 -1.000000 0.000000 0.226190 
-1.000000 -1.000000 -1.000000 -1.000000 -1.000000 0.000000 

NORMALIZED GUIDE FUNCTION:
0.811579 0.854734 0.892702 0.9252 0.952005 0.972955 0.987952 0.996959 1 0.997159 0.988577 0.974449 0.955023 0.930591 0.901492 0.8681 0.830824 0.790103 0.746396 0.700183 0.651953 0.602206 0.551439 0.500148 0.448821 0.39793 0.347932 0.299261 0.252326 0.207505 0.165147 0.125566 0.0890399 0.0558087 0.0260745 0 


BIN SEQUENCE:
4 4 4 5 5 5 6 6 6 6 6 6 5 5 5 4 4 4 3 3 3 3 3 3 2 2 2 2 2 2 1 1 1 1 1 1 


SEQUENCE OF PREFERRED BINS:
44  44  44  55  55  55  66  66  66  66  66  66  55  55  55  44  44  44  33  33  33  33  33  33  22  22  22  22  22  22  ...
53  53  53  64  64  64  55  55  55  55  55  55  64  64  64  53  53  53  42  42  42  42  42  42  31  31  31  31  31  31  ...
62  62  62  33  33  33  44  44  44  44  44  44  33  33  33  62  62  62  51  51  51  51  51  51  44  44  44  44  44  44  ...
11  11  11  22  22  22  33  33  33  33  33  33  22  22  22  11  11  11  66  66  66  66  66  66  55  55  55  55  55  55  ...
00  00  00  11  11  11  22  22  22  22  22  22  11  11  11  00  00  00  00  00  00  00  00  00  66  66  66  66  66  66  ...
00  00  00  00  00  00  11  11  11  11  11  11  00  00  00  00  00  00  00  00  00  00  00  00  00  00  00  00  00  00  ...


BIN ALLOCATION OF DISTANCES:
6 4 4 2 3 4 
3 1 5 5 5 5 
4 1 1 2 3 5 
1 6 1 2 3 5 
4 6 4 3 2 3 
6 1 6 6 2 2 


BINS USED:
5 4 4 6 4 5 6 5 6 5 6 5 6 5 2 4 4 3 3 3 4 2 2 1 1 1 1 3 2 1 6 3 2 3 2 0 


TRANSITION SEQUENCE:
0.392857 -1 -1 -1 -1 0.571429 -1 0.77381 -1 1 -1 0.607143 -1 0.428571 -1 -1 -1 0.380952 -1 0.202381 -1 0.178571 0 -1 0 -1 0 -1 -1 -1 -1 -1 0 0.22619 0 0 


CORRELATION COEFFICIENT:          0.577858
DETECTION POWER:                  0.633456

