
Cycle found:
------------
050431321415352542403012200233445511
------------
Valid sequence 


NORMALIZED NEURAL MODEL:
-1.000000 -1.000000 -1.000000 -1.000000 -1.000000 -1.000000 
-1.000000 0.000000 0.392857 0.571429 0.773810 1.000000 
-1.000000 -1.000000 0.000000 0.178571 0.380952 0.607143 
-1.000000 -1.000000 -1.000000 0.000000 0.202381 0.428571 
-1.000000 -1.000000 -1.000000 -1.000000 0.000000 0.226190 
-1.000000 -1.000000 -1.000000 -1.000000 -1.000000 0.000000 

NORMALIZED GUIDE FUNCTION:
0.993866 1 0.999126 0.991325 0.976769 0.955721 0.92853 0.895625 0.857506 0.814739 0.767944 0.717789 0.664974 0.610227 0.554288 0.497899 0.441795 0.386691 0.333273 0.28219 0.234042 0.189374 0.148669 0.112344 0.0807427 0.054134 0.0327098 0.0165843 0.00579462 0.000303119 0 0.00470775 0.0141863 0.028139 0.0462196 0.0680398 


BIN SEQUENCE:
6 6 6 6 6 6 5 5 5 5 5 5 4 4 4 4 4 4 3 3 3 3 3 3 2 2 2 1 1 1 1 1 1 2 2 2 


SEQUENCE OF PREFERRED BINS:
66  66  66  66  66  66  55  55  55  55  55  55  44  44  44  44  44  44  33  33  33  33  33  33  22  22  22  11  11  11  ...
55  55  55  55  55  55  64  64  64  64  64  64  53  53  53  53  53  53  42  42  42  42  42  42  31  31  31  22  22  22  ...
44  44  44  44  44  44  33  33  33  33  33  33  62  62  62  62  62  62  51  51  51  51  51  51  44  44  44  33  33  33  ...
33  33  33  33  33  33  22  22  22  22  22  22  11  11  11  11  11  11  66  66  66  66  66  66  55  55  55  44  44  44  ...
22  22  22  22  22  22  11  11  11  11  11  11  00  00  00  00  00  00  00  00  00  00  00  00  66  66  66  55  55  55  ...
11  11  11  11  11  11  00  00  00  00  00  00  00  00  00  00  00  00  00  00  00  00  00  00  00  00  00  66  66  66  ...


BIN ALLOCATION OF DISTANCES:
1 2 4 3 4 6 
6 1 3 4 4 4 
6 5 1 2 3 4 
3 6 5 1 2 3 
2 5 5 6 1 2 
6 1 5 5 3 2 


BINS USED:
6 6 4 6 6 4 5 5 4 5 4 5 3 5 4 3 5 3 2 3 3 2 3 1 6 1 4 2 1 2 1 2 2 1 1 0 


TRANSITION SEQUENCE:
-1 -1 -1 -1 -1 0.571429 -1 -1 0.77381 -1 1 -1 0.428571 -1 0.607143 -1 -1 0.380952 -1 -1 -1 -1 0.392857 0 -1 -1 -1 0.178571 0 0.202381 0 0.22619 0 -1 0 0 


CORRELATION COEFFICIENT:          0.517874
DETECTION POWER:                  0.608955

