
Cycle found:
------------
030213531415251242045500110543322344
------------
Valid sequence 


NORMALIZED NEURAL MODEL:
-1.000000 -1.000000 -1.000000 -1.000000 -1.000000 -1.000000 
-1.000000 0.000000 0.392857 0.571429 0.773810 1.000000 
-1.000000 -1.000000 0.000000 0.178571 0.380952 0.607143 
-1.000000 -1.000000 -1.000000 0.000000 0.202381 0.428571 
-1.000000 -1.000000 -1.000000 -1.000000 0.000000 0.226190 
-1.000000 -1.000000 -1.000000 -1.000000 -1.000000 0.000000 

NORMALIZED GUIDE FUNCTION:
0.436424 0.512384 0.592253 0.672884 0.750973 0.823219 0.886475 0.937898 0.975083 0.996183 1 0.986044 0.954565 0.906545 0.843657 0.768197 0.682975 0.591196 0.496311 0.401862 0.311327 0.227955 0.154631 0.0937421 0.0470776 0.0157533 0.000169052 0 0.0142212 0.0411652 0.0786082 0.123882 0.174005 0.225825 0.27617 0.321997 


BIN SEQUENCE:
3 4 4 4 5 5 5 6 6 6 6 6 6 5 5 5 4 4 4 3 3 3 2 2 1 1 1 1 1 1 2 2 2 2 3 3 


SEQUENCE OF PREFERRED BINS:
33  44  44  44  55  55  55  66  66  66  66  66  66  55  55  55  44  44  44  33  33  33  22  22  11  11  11  11  11  11  ...
42  53  53  53  64  64  64  55  55  55  55  55  55  64  64  64  53  53  53  42  42  42  31  31  22  22  22  22  22  22  ...
51  62  62  62  33  33  33  44  44  44  44  44  44  33  33  33  62  62  62  51  51  51  44  44  33  33  33  33  33  33  ...
66  11  11  11  22  22  22  33  33  33  33  33  33  22  22  22  11  11  11  66  66  66  55  55  44  44  44  44  44  44  ...
00  00  00  00  11  11  11  22  22  22  22  22  22  11  11  11  00  00  00  00  00  00  66  66  55  55  55  55  55  55  ...
00  00  00  00  00  00  00  11  11  11  11  11  11  00  00  00  00  00  00  00  00  00  00  00  66  66  66  66  66  66  ...


BIN ALLOCATION OF DISTANCES:
5 6 4 3 5 1 
3 1 4 5 6 6 
2 4 1 2 3 5 
4 5 3 1 2 5 
4 6 3 1 2 3 
1 4 6 6 2 2 


BINS USED:
3 4 4 4 5 5 6 5 6 6 6 6 5 4 4 3 3 2 5 3 2 1 5 6 1 3 1 2 1 1 3 1 2 2 2 0 


TRANSITION SEQUENCE:
-1 -1 -1 -1 0.571429 0.428571 -1 -1 0.77381 -1 1 -1 0.607143 -1 0.392857 0.380952 -1 -1 -1 0.22619 0 -1 -1 -1 0 -1 -1 -1 -1 0 -1 0 0.178571 0.202381 0 0 


CORRELATION COEFFICIENT:          0.588201
DETECTION POWER:                  0.604285

