
Cycle found:
------------
345053125141520040323010243355442211
------------
Valid sequence 


NORMALIZED NEURAL MODEL:
-1.000000 -1.000000 -1.000000 -1.000000 -1.000000 -1.000000 
-1.000000 0.000000 0.392857 0.571429 0.773810 1.000000 
-1.000000 -1.000000 0.000000 0.178571 0.380952 0.607143 
-1.000000 -1.000000 -1.000000 0.000000 0.202381 0.428571 
-1.000000 -1.000000 -1.000000 -1.000000 0.000000 0.226190 
-1.000000 -1.000000 -1.000000 -1.000000 -1.000000 0.000000 

NORMALIZED GUIDE FUNCTION:
0.403621 0.471453 0.539442 0.606431 0.671268 0.732833 0.790058 0.841951 0.887618 0.926276 0.957275 0.980107 0.994415 1 0.996824 0.985008 0.964826 0.936699 0.901184 0.858959 0.810806 0.757596 0.700264 0.639793 0.57719 0.513464 0.449604 0.386563 0.325235 0.266437 0.210899 0.159247 0.111996 0.0695425 0.03216 0 


BIN SEQUENCE:
2 2 3 3 3 4 4 4 5 5 5 6 6 6 6 6 6 5 5 5 4 4 4 3 3 3 2 2 2 2 1 1 1 1 1 1 


SEQUENCE OF PREFERRED BINS:
22  22  33  33  33  44  44  44  55  55  55  66  66  66  66  66  66  55  55  55  44  44  44  33  33  33  22  22  22  22  ...
31  31  42  42  42  53  53  53  64  64  64  55  55  55  55  55  55  64  64  64  53  53  53  42  42  42  31  31  31  31  ...
44  44  51  51  51  62  62  62  33  33  33  44  44  44  44  44  44  33  33  33  62  62  62  51  51  51  44  44  44  44  ...
55  55  66  66  66  11  11  11  22  22  22  33  33  33  33  33  33  22  22  22  11  11  11  66  66  66  55  55  55  55  ...
66  66  00  00  00  00  00  00  11  11  11  22  22  22  22  22  22  11  11  11  00  00  00  00  00  00  66  66  66  66  ...
00  00  00  00  00  00  00  00  00  00  00  11  11  11  11  11  11  00  00  00  00  00  00  00  00  00  00  00  00  00  ...


BIN ALLOCATION OF DISTANCES:
5 3 2 4 4 3 
6 1 3 5 6 6 
5 1 1 2 2 5 
4 4 6 1 2 4 
5 5 1 3 1 2 
3 4 6 3 6 2 


BINS USED:
2 2 3 3 3 4 3 5 4 6 5 6 6 5 5 4 5 4 6 2 4 3 6 2 2 3 1 4 2 6 1 1 1 1 1 0 


TRANSITION SEQUENCE:
0.202381 0.22619 -1 -1 -1 -1 0.392857 0.607143 -1 0.77381 -1 1 -1 -1 -1 -1 -1 -1 -1 0.178571 -1 -1 -1 -1 0.380952 -1 0 0.428571 0 -1 0 -1 0 -1 0 0 


CORRELATION COEFFICIENT:          0.533294
DETECTION POWER:                  0.586059

