
Cycle found:
------------
110122334455040320215251413542430053
------------
Valid sequence 


NORMALIZED NEURAL MODEL:
-1.000000 -1.000000 -1.000000 -1.000000 -1.000000 -1.000000 
-1.000000 0.000000 0.392857 0.571429 0.773810 1.000000 
-1.000000 -1.000000 0.000000 0.178571 0.380952 0.607143 
-1.000000 -1.000000 -1.000000 0.000000 0.202381 0.428571 
-1.000000 -1.000000 -1.000000 -1.000000 0.000000 0.226190 
-1.000000 -1.000000 -1.000000 -1.000000 -1.000000 0.000000 

NORMALIZED GUIDE FUNCTION:
0.00832355 0.00116577 0 0.00605642 0.0204946 0.0442961 0.0781613 0.122417 0.176944 0.241123 0.313819 0.393385 0.477705 0.564269 0.650267 0.732717 0.8086 0.875015 0.92932 0.969282 0.993198 1 0.989329 0.961574 0.917872 0.860075 0.790674 0.712699 0.629575 0.544977 0.462654 0.386258 0.319175 0.264368 0.224243 0.200541 


BIN SEQUENCE:
1 1 1 1 1 1 2 2 2 2 3 3 4 4 4 5 5 5 6 6 6 6 6 6 5 5 5 4 4 4 3 3 3 3 2 2 


SEQUENCE OF PREFERRED BINS:
11  11  11  11  11  11  22  22  22  22  33  33  44  44  44  55  55  55  66  66  66  66  66  66  55  55  55  44  44  44  ...
22  22  22  22  22  22  31  31  31  31  42  42  53  53  53  64  64  64  55  55  55  55  55  55  64  64  64  53  53  53  ...
33  33  33  33  33  33  44  44  44  44  51  51  62  62  62  33  33  33  44  44  44  44  44  44  33  33  33  62  62  62  ...
44  44  44  44  44  44  55  55  55  55  66  66  11  11  11  22  22  22  33  33  33  33  33  33  22  22  22  11  11  11  ...
55  55  55  55  55  55  66  66  66  66  00  00  00  00  00  11  11  11  22  22  22  22  22  22  11  11  11  00  00  00  ...
66  66  66  66  66  66  00  00  00  00  00  00  00  00  00  00  00  00  11  11  11  11  11  11  00  00  00  00  00  00  ...


BIN ALLOCATION OF DISTANCES:
1 1 2 5 3 1 
2 1 4 5 5 6 
5 6 2 3 4 5 
6 2 6 2 3 4 
4 6 6 3 2 3 
4 4 5 1 1 3 


BINS USED:
1 2 1 4 2 3 2 3 2 3 3 4 3 4 5 6 5 2 6 6 5 5 4 5 6 5 4 1 6 4 3 6 1 1 1 0 


TRANSITION SEQUENCE:
0 -1 -1 0.392857 0 0.178571 0 0.202381 0 0.22619 0 -1 -1 -1 -1 -1 -1 -1 -1 1 -1 0.607143 -1 0.77381 -1 0.571429 0.428571 -1 -1 0.380952 -1 -1 -1 -1 -1 0 


CORRELATION COEFFICIENT:          0.614926
DETECTION POWER:                  0.603566

