
Cycle found:
------------
503054353141525121324200223340110445
------------
Valid sequence 


NORMALIZED NEURAL MODEL:
-1.000000 -1.000000 -1.000000 -1.000000 -1.000000 -1.000000 
-1.000000 0.000000 0.392857 0.571429 0.773810 1.000000 
-1.000000 -1.000000 0.000000 0.178571 0.380952 0.607143 
-1.000000 -1.000000 -1.000000 0.000000 0.202381 0.428571 
-1.000000 -1.000000 -1.000000 -1.000000 0.000000 0.226190 
-1.000000 -1.000000 -1.000000 -1.000000 -1.000000 0.000000 

NORMALIZED GUIDE FUNCTION:
0.724688 0.767726 0.808131 0.845539 0.879601 0.909987 0.93639 0.95853 0.976157 0.989056 0.997049 1 0.997815 0.990448 0.977898 0.960215 0.937499 0.909899 0.877617 0.840901 0.800048 0.755401 0.707345 0.656307 0.602746 0.547157 0.490059 0.431992 0.373515 0.315194 0.2576 0.201302 0.14686 0.0948182 0.0456998 0 


BIN SEQUENCE:
3 3 4 4 4 5 5 5 5 6 6 6 6 6 6 5 5 4 4 4 3 3 3 3 2 2 2 2 2 2 1 1 1 1 1 1 


SEQUENCE OF PREFERRED BINS:
33  33  44  44  44  55  55  55  55  66  66  66  66  66  66  55  55  44  44  44  33  33  33  33  22  22  22  22  22  22  ...
42  42  53  53  53  64  64  64  64  55  55  55  55  55  55  64  64  53  53  53  42  42  42  42  31  31  31  31  31  31  ...
51  51  62  62  62  33  33  33  33  44  44  44  44  44  44  33  33  62  62  62  51  51  51  51  44  44  44  44  44  44  ...
66  66  11  11  11  22  22  22  22  33  33  33  33  33  33  22  22  11  11  11  66  66  66  66  55  55  55  55  55  55  ...
00  00  00  00  00  11  11  11  11  22  22  22  22  22  22  11  11  00  00  00  00  00  00  00  66  66  66  66  66  66  ...
00  00  00  00  00  00  00  00  00  11  11  11  11  11  11  00  00  00  00  00  00  00  00  00  00  00  00  00  00  00  ...


BIN ALLOCATION OF DISTANCES:
4 6 4 3 6 4 
1 1 5 5 6 6 
2 5 1 2 3 5 
4 4 3 1 2 5 
1 3 3 4 1 2 
3 2 6 6 5 2 


BINS USED:
3 3 4 4 5 4 5 6 4 6 3 6 6 5 2 5 5 5 3 3 3 2 4 4 1 2 1 2 1 6 1 1 6 1 2 0 


TRANSITION SEQUENCE:
-1 -1 -1 -1 -1 -1 0.428571 -1 -1 0.77381 -1 1 -1 0.607143 -1 0.392857 -1 0.571429 -1 0.380952 -1 -1 -1 -1 0 0.178571 0 0.202381 -1 -1 0 -1 -1 0 0.22619 0 


CORRELATION COEFFICIENT:          0.587078
DETECTION POWER:                  0.606981

