
Cycle found:
------------
110304422331202454014152513500553432
------------
Valid sequence 


NORMALIZED NEURAL MODEL:
-1.000000 -1.000000 -1.000000 -1.000000 -1.000000 -1.000000 
-1.000000 0.000000 0.392857 0.571429 0.773810 1.000000 
-1.000000 -1.000000 0.000000 0.178571 0.380952 0.607143 
-1.000000 -1.000000 -1.000000 0.000000 0.202381 0.428571 
-1.000000 -1.000000 -1.000000 -1.000000 0.000000 0.226190 
-1.000000 -1.000000 -1.000000 -1.000000 -1.000000 0.000000 

NORMALIZED GUIDE FUNCTION:
0 0.0580461 0.117804 0.178803 0.240565 0.302612 0.364465 0.425653 0.485712 0.544191 0.600655 0.654689 0.705899 0.753917 0.798402 0.839043 0.875564 0.907719 0.935302 0.958141 0.976104 0.989098 0.997068 1 0.997918 0.990886 0.979003 0.962408 0.941274 0.915806 0.886243 0.852853 0.81593 0.775793 0.732785 0.687265 


BIN SEQUENCE:
1 1 1 1 1 1 2 2 2 2 2 2 3 3 3 4 4 4 5 5 5 6 6 6 6 6 6 5 5 5 4 4 4 3 3 3 


SEQUENCE OF PREFERRED BINS:
11  11  11  11  11  11  22  22  22  22  22  22  33  33  33  44  44  44  55  55  55  66  66  66  66  66  66  55  55  55  ...
22  22  22  22  22  22  31  31  31  31  31  31  42  42  42  53  53  53  64  64  64  55  55  55  55  55  55  64  64  64  ...
33  33  33  33  33  33  44  44  44  44  44  44  51  51  51  62  62  62  33  33  33  44  44  44  44  44  44  33  33  33  ...
44  44  44  44  44  44  55  55  55  55  55  55  66  66  66  11  11  11  22  22  22  33  33  33  33  33  33  22  22  22  ...
55  55  55  55  55  55  66  66  66  66  66  66  00  00  00  00  00  00  11  11  11  22  22  22  22  22  22  11  11  11  ...
66  66  66  66  66  66  00  00  00  00  00  00  00  00  00  00  00  00  00  00  00  11  11  11  11  11  11  00  00  00  ...


BIN ALLOCATION OF DISTANCES:
2 5 3 1 1 2 
3 1 5 6 6 6 
4 1 2 4 5 6 
1 3 3 2 4 6 
4 5 4 6 2 4 
3 3 5 1 5 2 


BINS USED:
1 3 1 1 1 2 4 2 4 2 3 5 4 3 5 4 5 4 5 6 5 6 5 6 3 6 6 3 2 2 2 1 4 6 3 0 


TRANSITION SEQUENCE:
0 -1 -1 -1 -1 0 -1 0 0.178571 0 -1 0.392857 -1 -1 0.380952 0.22619 -1 -1 -1 0.77381 -1 1 -1 0.607143 -1 0.571429 0.428571 -1 -1 -1 0 -1 0.202381 -1 -1 0 


CORRELATION COEFFICIENT:          0.432917
DETECTION POWER:                  0.582246

