
Cycle found:
------------
503204131435125245301055442334002211
------------
Valid sequence 


NORMALIZED NEURAL MODEL:
-1.000000 -1.000000 -1.000000 -1.000000 -1.000000 -1.000000 
-1.000000 0.000000 0.392857 0.571429 0.773810 1.000000 
-1.000000 -1.000000 0.000000 0.178571 0.380952 0.607143 
-1.000000 -1.000000 -1.000000 0.000000 0.202381 0.428571 
-1.000000 -1.000000 -1.000000 -1.000000 0.000000 0.226190 
-1.000000 -1.000000 -1.000000 -1.000000 -1.000000 0.000000 

NORMALIZED GUIDE FUNCTION:
0.363345 0.461411 0.556226 0.645673 0.727872 0.801211 0.864363 0.916283 0.956202 0.983608 0.998226 1 0.989079 0.965804 0.930713 0.884542 0.828241 0.762984 0.690192 0.611534 0.528929 0.444536 0.360718 0.279992 0.204962 0.138226 0.0822749 0.039377 0.0114606 0 0.00591356 0.0294824 0.0702966 0.127235 0.198482 0.281586 


BIN SEQUENCE:
3 3 4 4 4 5 5 5 6 6 6 6 6 6 5 5 5 4 4 4 3 3 3 2 2 2 2 1 1 1 1 1 1 2 2 3 


SEQUENCE OF PREFERRED BINS:
33  33  44  44  44  55  55  55  66  66  66  66  66  66  55  55  55  44  44  44  33  33  33  22  22  22  22  11  11  11  ...
42  42  53  53  53  64  64  64  55  55  55  55  55  55  64  64  64  53  53  53  42  42  42  31  31  31  31  22  22  22  ...
51  51  62  62  62  33  33  33  44  44  44  44  44  44  33  33  33  62  62  62  51  51  51  44  44  44  44  33  33  33  ...
66  66  11  11  11  22  22  22  33  33  33  33  33  33  22  22  22  11  11  11  66  66  66  55  55  55  55  44  44  44  ...
00  00  00  00  00  11  11  11  22  22  22  22  22  22  11  11  11  00  00  00  00  00  00  66  66  66  66  55  55  55  ...
00  00  00  00  00  00  00  00  11  11  11  11  11  11  00  00  00  00  00  00  00  00  00  00  00  00  00  66  66  66  ...


BIN ALLOCATION OF DISTANCES:
1 3 1 3 4 1 
2 1 5 5 6 6 
5 2 1 2 5 6 
4 5 4 2 3 5 
3 6 1 4 2 3 
3 6 4 4 6 2 


BINS USED:
3 3 4 5 4 6 5 5 6 4 5 6 5 6 4 5 3 4 4 3 2 1 2 6 2 1 2 2 3 3 1 1 1 2 1 0 


TRANSITION SEQUENCE:
-1 -1 -1 -1 -1 -1 0.571429 -1 0.77381 -1 0.428571 -1 0.392857 0.607143 -1 0.380952 0.22619 -1 -1 -1 -1 -1 0 -1 0 -1 0.178571 0 0.202381 -1 -1 -1 0 -1 0 0 


CORRELATION COEFFICIENT:          0.594599
DETECTION POWER:                  0.592598

