
Cycle found:
------------
433110045021325141542403530120552234
------------
Valid sequence 


NORMALIZED NEURAL MODEL:
-1.000000 -1.000000 -1.000000 -1.000000 -1.000000 -1.000000 
-1.000000 0.000000 0.392857 0.571429 0.773810 1.000000 
-1.000000 -1.000000 0.000000 0.178571 0.380952 0.607143 
-1.000000 -1.000000 -1.000000 0.000000 0.202381 0.428571 
-1.000000 -1.000000 -1.000000 -1.000000 0.000000 0.226190 
-1.000000 -1.000000 -1.000000 -1.000000 -1.000000 0.000000 

NORMALIZED GUIDE FUNCTION:
0 0.0762432 0.158399 0.244568 0.332827 0.42128 0.508096 0.59156 0.670101 0.742326 0.807048 0.863299 0.910345 0.947687 0.975064 0.992441 1 0.998115 0.987337 0.968362 0.94201 0.909191 0.870879 0.828085 0.781825 0.733103 0.682885 0.63208 0.581529 0.531991 0.484136 0.438544 0.395701 0.356005 0.319768 0.287228 


BIN SEQUENCE:
1 1 1 1 2 2 3 3 3 4 4 5 5 5 6 6 6 6 6 6 5 5 5 4 4 4 4 3 3 3 2 2 2 2 1 1 


SEQUENCE OF PREFERRED BINS:
11  11  11  11  22  22  33  33  33  44  44  55  55  55  66  66  66  66  66  66  55  55  55  44  44  44  44  33  33  33  ...
22  22  22  22  31  31  42  42  42  53  53  64  64  64  55  55  55  55  55  55  64  64  64  53  53  53  53  42  42  42  ...
33  33  33  33  44  44  51  51  51  62  62  33  33  33  44  44  44  44  44  44  33  33  33  62  62  62  62  51  51  51  ...
44  44  44  44  55  55  66  66  66  11  11  22  22  22  33  33  33  33  33  33  22  22  22  11  11  11  11  66  66  66  ...
55  55  55  55  66  66  00  00  00  00  00  11  11  11  22  22  22  22  22  22  11  11  11  00  00  00  00  00  00  00  ...
66  66  66  66  00  00  00  00  00  00  00  00  00  00  11  11  11  11  11  11  00  00  00  00  00  00  00  00  00  00  ...


BIN ALLOCATION OF DISTANCES:
3 6 4 5 3 1 
4 1 4 4 6 6 
2 3 1 2 3 6 
6 1 5 1 2 4 
5 5 5 1 2 2 
3 6 3 4 5 2 


BINS USED:
1 1 1 1 4 3 3 2 3 4 3 4 5 6 6 6 5 6 5 5 3 5 5 4 4 6 6 4 2 1 2 3 1 2 2 0 


TRANSITION SEQUENCE:
-1 0 -1 0 -1 -1 -1 0.22619 -1 -1 -1 0.571429 -1 0.607143 -1 0.77381 -1 1 -1 -1 0.380952 -1 -1 0.428571 -1 -1 -1 0.392857 -1 -1 0 -1 0 0.178571 0.202381 0 


CORRELATION COEFFICIENT:          0.59628
DETECTION POWER:                  0.62876

