
Cycle found:
------------
552233453031213514254104324400205011
------------
Valid sequence 


NORMALIZED NEURAL MODEL:
-1.000000 -1.000000 -1.000000 -1.000000 -1.000000 -1.000000 
-1.000000 0.000000 0.392857 0.571429 0.773810 1.000000 
-1.000000 -1.000000 0.000000 0.178571 0.380952 0.607143 
-1.000000 -1.000000 -1.000000 0.000000 0.202381 0.428571 
-1.000000 -1.000000 -1.000000 -1.000000 0.000000 0.226190 
-1.000000 -1.000000 -1.000000 -1.000000 -1.000000 0.000000 

NORMALIZED GUIDE FUNCTION:
0.118187 0.109814 0.105427 0.10629 0.11349 0.127895 0.150115 0.180476 0.218998 0.265385 0.319028 0.379014 0.444147 0.512981 0.583855 0.654941 0.724297 0.789918 0.849799 0.901991 0.94466 0.976138 0.994979 1 0.990316 0.965372 0.924961 0.869233 0.7987 0.714217 0.616975 0.508464 0.390443 0.264896 0.133985 0 


BIN SEQUENCE:
1 1 1 1 1 2 2 2 2 3 3 3 3 4 4 4 4 5 5 5 6 6 6 6 6 6 5 5 5 4 4 3 3 2 2 1 


SEQUENCE OF PREFERRED BINS:
11  11  11  11  11  22  22  22  22  33  33  33  33  44  44  44  44  55  55  55  66  66  66  66  66  66  55  55  55  44  ...
22  22  22  22  22  31  31  31  31  42  42  42  42  53  53  53  53  64  64  64  55  55  55  55  55  55  64  64  64  53  ...
33  33  33  33  33  44  44  44  44  51  51  51  51  62  62  62  62  33  33  33  44  44  44  44  44  44  33  33  33  62  ...
44  44  44  44  44  55  55  55  55  66  66  66  66  11  11  11  11  22  22  22  33  33  33  33  33  33  22  22  22  11  ...
55  55  55  55  55  66  66  66  66  00  00  00  00  00  00  00  00  11  11  11  22  22  22  22  22  22  11  11  11  00  ...
66  66  66  66  66  00  00  00  00  00  00  00  00  00  00  00  00  00  00  00  11  11  11  11  11  11  00  00  00  00  ...


BIN ALLOCATION OF DISTANCES:
5 2 4 3 6 3 
5 1 4 5 5 6 
2 3 1 1 4 5 
3 3 3 1 2 5 
2 6 4 6 1 2 
6 4 2 4 6 1 


BINS USED:
1 2 1 1 1 2 2 4 3 3 3 4 3 5 5 4 5 4 5 6 6 5 6 6 3 4 1 2 5 4 2 3 6 2 1 0 


TRANSITION SEQUENCE:
0 -1 0 0.178571 0 0.202381 0.22619 -1 -1 -1 -1 0.392857 -1 0.571429 0.428571 -1 0.77381 -1 0.607143 -1 -1 -1 -1 -1 -1 0.380952 0 -1 -1 -1 -1 -1 -1 -1 0 0 


CORRELATION COEFFICIENT:          0.38761
DETECTION POWER:                  0.625218

