
Cycle found:
------------
533110223445403243012135042514152005
------------
Valid sequence 


NORMALIZED NEURAL MODEL:
-1.000000 -1.000000 -1.000000 -1.000000 -1.000000 -1.000000 
-1.000000 0.000000 0.392857 0.571429 0.773810 1.000000 
-1.000000 -1.000000 0.000000 0.178571 0.380952 0.607143 
-1.000000 -1.000000 -1.000000 0.000000 0.202381 0.428571 
-1.000000 -1.000000 -1.000000 -1.000000 0.000000 0.226190 
-1.000000 -1.000000 -1.000000 -1.000000 -1.000000 0.000000 

NORMALIZED GUIDE FUNCTION:
0.0461267 0.0249672 0.01004 0.00164795 0 0.0052059 0.0172728 0.0361033 0.0614957 0.0931454 0.130648 0.173507 0.221136 0.27287 0.327977 0.385665 0.445098 0.505405 0.565697 0.625082 0.682675 0.737617 0.789088 0.836317 0.878602 0.915316 0.945919 0.969969 0.987131 0.997178 1 0.995606 0.984122 0.965793 0.940975 0.910136 


BIN SEQUENCE:
2 1 1 1 1 1 1 2 2 2 2 2 3 3 3 3 3 3 4 4 4 4 4 4 5 5 5 6 6 6 6 6 6 5 5 5 


SEQUENCE OF PREFERRED BINS:
22  11  11  11  11  11  11  22  22  22  22  22  33  33  33  33  33  33  44  44  44  44  44  44  55  55  55  66  66  66  ...
31  22  22  22  22  22  22  31  31  31  31  31  42  42  42  42  42  42  53  53  53  53  53  53  64  64  64  55  55  55  ...
44  33  33  33  33  33  33  44  44  44  44  44  51  51  51  51  51  51  62  62  62  62  62  62  33  33  33  44  44  44  ...
55  44  44  44  44  44  44  55  55  55  55  55  66  66  66  66  66  66  11  11  11  11  11  11  22  22  22  33  33  33  ...
66  55  55  55  55  55  55  66  66  66  66  66  00  00  00  00  00  00  00  00  00  00  00  00  11  11  11  22  22  22  ...
00  66  66  66  66  66  66  00  00  00  00  00  00  00  00  00  00  00  00  00  00  00  00  00  00  00  00  11  11  11  ...


BIN ALLOCATION OF DISTANCES:
5 4 2 3 5 4 
2 1 3 6 6 6 
1 4 1 2 3 6 
5 1 5 1 2 5 
4 6 5 4 2 3 
4 6 3 3 1 2 


BINS USED:
3 1 1 1 2 2 1 2 2 2 3 1 4 3 5 3 4 5 4 3 4 6 5 4 5 5 6 6 6 6 6 3 1 5 4 0 


TRANSITION SEQUENCE:
-1 0 -1 0 -1 -1 0 0.178571 0.202381 0 0.22619 -1 -1 -1 -1 0.380952 -1 -1 -1 0.392857 -1 0.571429 0.428571 -1 -1 -1 0.607143 -1 0.77381 -1 1 -1 -1 -1 -1 0 


CORRELATION COEFFICIENT:          0.506891
DETECTION POWER:                  0.596328

