
Cycle found:
------------
334455023524131215142540430110032205
------------
Valid sequence 


NORMALIZED NEURAL MODEL:
-1.000000 -1.000000 -1.000000 -1.000000 -1.000000 -1.000000 
-1.000000 0.000000 0.392857 0.571429 0.773810 1.000000 
-1.000000 -1.000000 0.000000 0.178571 0.380952 0.607143 
-1.000000 -1.000000 -1.000000 0.000000 0.202381 0.428571 
-1.000000 -1.000000 -1.000000 -1.000000 0.000000 0.226190 
-1.000000 -1.000000 -1.000000 -1.000000 -1.000000 0.000000 

NORMALIZED GUIDE FUNCTION:
0 0.0383132 0.0818949 0.130242 0.182781 0.238872 0.297823 0.358891 0.421296 0.484231 0.546871 0.608384 0.667945 0.724744 0.778001 0.82697 0.87096 0.909333 0.941526 0.967047 0.985493 0.99655 1 0.995727 0.983715 0.964056 0.936944 0.902674 0.861644 0.814346 0.761359 0.703349 0.641052 0.575271 0.506864 0.436731 


BIN SEQUENCE:
1 1 1 1 1 1 2 2 2 2 3 3 3 4 4 4 5 5 5 6 6 6 6 6 6 5 5 5 4 4 4 3 3 3 2 2 


SEQUENCE OF PREFERRED BINS:
11  11  11  11  11  11  22  22  22  22  33  33  33  44  44  44  55  55  55  66  66  66  66  66  66  55  55  55  44  44  ...
22  22  22  22  22  22  31  31  31  31  42  42  42  53  53  53  64  64  64  55  55  55  55  55  55  64  64  64  53  53  ...
33  33  33  33  33  33  44  44  44  44  51  51  51  62  62  62  33  33  33  44  44  44  44  44  44  33  33  33  62  62  ...
44  44  44  44  44  44  55  55  55  55  66  66  66  11  11  11  22  22  22  33  33  33  33  33  33  22  22  22  11  11  ...
55  55  55  55  55  55  66  66  66  66  00  00  00  00  00  00  11  11  11  22  22  22  22  22  22  11  11  11  00  00  ...
66  66  66  66  66  66  00  00  00  00  00  00  00  00  00  00  00  00  00  11  11  11  11  11  11  00  00  00  00  00  ...


BIN ALLOCATION OF DISTANCES:
4 4 1 1 5 4 
2 1 3 3 6 6 
6 6 1 2 2 6 
5 4 5 1 2 3 
5 3 5 5 1 2 
3 4 4 3 6 2 


BINS USED:
1 2 1 2 2 3 1 2 3 4 2 3 3 4 3 6 6 4 6 5 6 6 5 5 5 5 4 1 2 4 1 5 1 6 4 0 


TRANSITION SEQUENCE:
0 0.202381 0 0.22619 0 -1 -1 0.178571 0.428571 -1 0.380952 -1 0.571429 -1 0.392857 -1 1 -1 0.77381 -1 0.607143 -1 -1 -1 -1 -1 -1 0 -1 -1 -1 -1 0 -1 -1 0 


CORRELATION COEFFICIENT:          0.443411
DETECTION POWER:                  0.60129

