
Cycle found:
------------
043031415135325420050245521122334401
------------
Valid sequence 


NORMALIZED NEURAL MODEL:
-1.000000 -1.000000 -1.000000 -1.000000 -1.000000 -1.000000 
-1.000000 0.000000 0.392857 0.571429 0.773810 1.000000 
-1.000000 -1.000000 0.000000 0.178571 0.380952 0.607143 
-1.000000 -1.000000 -1.000000 0.000000 0.202381 0.428571 
-1.000000 -1.000000 -1.000000 -1.000000 0.000000 0.226190 
-1.000000 -1.000000 -1.000000 -1.000000 -1.000000 0.000000 

NORMALIZED GUIDE FUNCTION:
0.820743 0.85613 0.888057 0.91631 0.940702 0.961069 0.977275 0.989214 0.996806 1 0.998775 0.99314 0.983133 0.96882 0.950297 0.927688 0.901144 0.870843 0.836986 0.799799 0.759532 0.716451 0.670845 0.623018 0.573289 0.521989 0.46946 0.416053 0.362124 0.308031 0.254135 0.200796 0.148368 0.0972012 0.0476351 0 


BIN SEQUENCE:
3 4 4 4 5 5 5 6 6 6 6 6 6 5 5 5 4 4 4 3 3 3 3 3 2 2 2 2 2 2 1 1 1 1 1 1 


SEQUENCE OF PREFERRED BINS:
33  44  44  44  55  55  55  66  66  66  66  66  66  55  55  55  44  44  44  33  33  33  33  33  22  22  22  22  22  22  ...
42  53  53  53  64  64  64  55  55  55  55  55  55  64  64  64  53  53  53  42  42  42  42  42  31  31  31  31  31  31  ...
51  62  62  62  33  33  33  44  44  44  44  44  44  33  33  33  62  62  62  51  51  51  51  51  44  44  44  44  44  44  ...
66  11  11  11  22  22  22  33  33  33  33  33  33  22  22  22  11  11  11  66  66  66  66  66  55  55  55  55  55  55  ...
00  00  00  00  11  11  11  22  22  22  22  22  22  11  11  11  00  00  00  00  00  00  00  00  66  66  66  66  66  66  ...
00  00  00  00  00  00  00  11  11  11  11  11  11  00  00  00  00  00  00  00  00  00  00  00  00  00  00  00  00  00  ...


BIN ALLOCATION OF DISTANCES:
5 2 2 4 3 2 
2 1 3 4 5 6 
4 2 1 1 3 5 
4 5 3 1 2 4 
6 6 6 5 1 3 
3 6 4 6 5 1 


BINS USED:
3 5 4 4 5 5 6 6 6 4 4 6 3 5 5 6 4 5 2 3 2 3 3 1 4 2 1 3 1 1 1 2 1 6 2 0 


TRANSITION SEQUENCE:
-1 -1 -1 -1 -1 0.77381 -1 1 -1 0.571429 0.428571 -1 -1 0.607143 -1 -1 -1 -1 -1 -1 -1 0.380952 0.22619 0 -1 -1 0 0.392857 0 0.178571 0 0.202381 0 -1 -1 0 


CORRELATION COEFFICIENT:          0.561484
DETECTION POWER:                  0.597781

