Unable to find a valid Hamiltonian Circuit.
Elapsed time: 2 seconds. Trying again...

Cycle found:
------------
500201412513540324553043105223344211
------------
Valid sequence 


NORMALIZED NEURAL MODEL:
-1.000000 -1.000000 -1.000000 -1.000000 -1.000000 -1.000000 
-1.000000 0.000000 0.392857 0.571429 0.773810 1.000000 
-1.000000 -1.000000 0.000000 0.178571 0.380952 0.607143 
-1.000000 -1.000000 -1.000000 0.000000 0.202381 0.428571 
-1.000000 -1.000000 -1.000000 -1.000000 0.000000 0.226190 
-1.000000 -1.000000 -1.000000 -1.000000 -1.000000 0.000000 

NORMALIZED GUIDE FUNCTION:
1 0.964768 0.927102 0.887231 0.845397 0.801862 0.756897 0.710786 0.663825 0.616313 0.56856 0.520878 0.47358 0.426979 0.381387 0.337111 0.294452 0.253702 0.215141 0.179039 0.145651 0.115215 0.0879508 0.0640602 0.0437229 0.0270962 0.0143142 0.00548611 0.000695584 0 0.00342984 0.0109883 0.0226511 0.0383665 0.0580553 0.0816114 


BIN SEQUENCE:
6 6 6 6 6 6 5 5 5 5 5 5 4 4 4 4 4 4 3 3 3 3 3 2 2 2 1 1 1 1 1 1 2 2 2 3 


SEQUENCE OF PREFERRED BINS:
66  66  66  66  66  66  55  55  55  55  55  55  44  44  44  44  44  44  33  33  33  33  33  22  22  22  11  11  11  11  ...
55  55  55  55  55  55  64  64  64  64  64  64  53  53  53  53  53  53  42  42  42  42  42  31  31  31  22  22  22  22  ...
44  44  44  44  44  44  33  33  33  33  33  33  62  62  62  62  62  62  51  51  51  51  51  44  44  44  33  33  33  33  ...
33  33  33  33  33  33  22  22  22  22  22  22  11  11  11  11  11  11  66  66  66  66  66  55  55  55  44  44  44  44  ...
22  22  22  22  22  22  11  11  11  11  11  11  00  00  00  00  00  00  00  00  00  00  00  66  66  66  55  55  55  55  ...
11  11  11  11  11  11  00  00  00  00  00  00  00  00  00  00  00  00  00  00  00  00  00  00  00  00  66  66  66  66  ...


BIN ALLOCATION OF DISTANCES:
6 4 4 3 3 1 
3 1 4 4 6 6 
6 1 1 2 3 5 
2 2 3 1 2 4 
4 5 6 2 1 3 
6 5 5 5 5 2 


BINS USED:
6 6 4 6 4 6 5 4 5 5 4 4 5 4 3 3 3 3 2 5 2 3 2 2 3 1 5 1 2 1 2 1 6 1 1 0 


TRANSITION SEQUENCE:
-1 -1 -1 -1 -1 0.77381 -1 0.392857 0.607143 -1 0.571429 0.428571 -1 -1 -1 -1 0.380952 0.22619 0 -1 -1 -1 -1 -1 -1 -1 -1 0 0.178571 0 0.202381 0 -1 -1 0 0 


CORRELATION COEFFICIENT:          0.495061
DETECTION POWER:                  0.583932

