
Cycle found:
------------
533110223445403243012135042514152005
------------
Valid sequence 


NORMALIZED NEURAL MODEL:
-1.000000 -1.000000 -1.000000 -1.000000 -1.000000 -1.000000 
-1.000000 0.000000 0.392857 0.571429 0.773810 1.000000 
-1.000000 -1.000000 0.000000 0.178571 0.380952 0.607143 
-1.000000 -1.000000 -1.000000 0.000000 0.202381 0.428571 
-1.000000 -1.000000 -1.000000 -1.000000 0.000000 0.226190 
-1.000000 -1.000000 -1.000000 -1.000000 -1.000000 0.000000 

NORMALIZED GUIDE FUNCTION:
0.0511303 0.0291967 0.0131489 0.00333076 0 0.00332135 0.0133615 0.0300855 0.053355 0.082928 0.118461 0.159511 0.205545 0.25594 0.31 0.36696 0.425999 0.486257 0.546841 0.606847 0.665371 0.721524 0.774448 0.823333 0.867426 0.906051 0.938616 0.964625 0.983689 0.995532 1 0.997059 0.9868 0.96944 0.945317 0.914884 


BIN SEQUENCE:
2 1 1 1 1 1 1 2 2 2 2 2 3 3 3 3 3 3 4 4 4 4 4 4 5 5 5 5 6 6 6 6 6 6 5 5 


SEQUENCE OF PREFERRED BINS:
22  11  11  11  11  11  11  22  22  22  22  22  33  33  33  33  33  33  44  44  44  44  44  44  55  55  55  55  66  66  ...
31  22  22  22  22  22  22  31  31  31  31  31  42  42  42  42  42  42  53  53  53  53  53  53  64  64  64  64  55  55  ...
44  33  33  33  33  33  33  44  44  44  44  44  51  51  51  51  51  51  62  62  62  62  62  62  33  33  33  33  44  44  ...
55  44  44  44  44  44  44  55  55  55  55  55  66  66  66  66  66  66  11  11  11  11  11  11  22  22  22  22  33  33  ...
66  55  55  55  55  55  55  66  66  66  66  66  00  00  00  00  00  00  00  00  00  00  00  00  11  11  11  11  22  22  ...
00  66  66  66  66  66  66  00  00  00  00  00  00  00  00  00  00  00  00  00  00  00  00  00  00  00  00  00  11  11  ...


BIN ALLOCATION OF DISTANCES:
5 4 2 3 5 4 
2 1 3 6 6 6 
1 4 1 2 3 6 
5 1 5 1 2 5 
4 6 5 4 2 3 
4 6 3 3 1 2 


BINS USED:
3 1 1 1 2 2 1 2 2 2 3 1 4 3 5 3 4 5 4 3 4 6 5 4 5 5 6 6 6 6 6 3 1 5 4 0 


TRANSITION SEQUENCE:
-1 0 -1 0 -1 -1 0 0.178571 0.202381 0 0.22619 -1 -1 -1 -1 0.380952 -1 -1 -1 0.392857 -1 0.571429 0.428571 -1 -1 -1 0.607143 -1 0.77381 -1 1 -1 -1 -1 -1 0 


CORRELATION COEFFICIENT:          0.503338
DETECTION POWER:                  0.596328

