
Cycle found:
------------
550421005351413125245402234433203011
------------
Valid sequence 


NORMALIZED NEURAL MODEL:
-1.000000 -1.000000 -1.000000 -1.000000 -1.000000 -1.000000 
-1.000000 0.000000 0.392857 0.571429 0.773810 1.000000 
-1.000000 -1.000000 0.000000 0.178571 0.380952 0.607143 
-1.000000 -1.000000 -1.000000 0.000000 0.202381 0.428571 
-1.000000 -1.000000 -1.000000 -1.000000 0.000000 0.226190 
-1.000000 -1.000000 -1.000000 -1.000000 -1.000000 0.000000 

NORMALIZED GUIDE FUNCTION:
0.433085 0.503626 0.572405 0.638541 0.701191 0.75956 0.812911 0.860572 0.901949 0.936532 0.963901 0.983733 0.995806 1 0.996304 0.984811 0.965721 0.939335 0.906058 0.866384 0.8209 0.770272 0.715239 0.656603 0.595218 0.53198 0.467816 0.403668 0.340484 0.279204 0.220747 0.166 0.115803 0.0709396 0.0321263 0 


BIN SEQUENCE:
2 2 3 3 3 4 4 4 5 5 5 6 6 6 6 6 6 5 5 5 4 4 4 3 3 3 2 2 2 2 1 1 1 1 1 1 


SEQUENCE OF PREFERRED BINS:
22  22  33  33  33  44  44  44  55  55  55  66  66  66  66  66  66  55  55  55  44  44  44  33  33  33  22  22  22  22  ...
31  31  42  42  42  53  53  53  64  64  64  55  55  55  55  55  55  64  64  64  53  53  53  42  42  42  31  31  31  31  ...
44  44  51  51  51  62  62  62  33  33  33  44  44  44  44  44  44  33  33  33  62  62  62  51  51  51  44  44  44  44  ...
55  55  66  66  66  11  11  11  22  22  22  33  33  33  33  33  33  22  22  22  11  11  11  66  66  66  55  55  55  55  ...
66  66  00  00  00  00  00  00  11  11  11  22  22  22  22  22  22  11  11  11  00  00  00  00  00  00  66  66  66  66  ...
00  00  00  00  00  00  00  00  00  00  00  11  11  11  11  11  11  00  00  00  00  00  00  00  00  00  00  00  00  00  ...


BIN ALLOCATION OF DISTANCES:
4 3 3 3 3 4 
5 2 5 6 6 6 
1 3 2 4 5 6 
4 6 2 2 4 5 
4 6 3 1 2 5 
1 1 1 5 1 2 


BINS USED:
2 1 3 3 3 5 4 4 5 5 1 6 6 6 6 5 6 1 5 5 1 4 3 2 4 4 2 1 2 2 1 3 4 3 2 0 


TRANSITION SEQUENCE:
0 -1 -1 -1 -1 -1 -1 -1 -1 0.428571 -1 0.77381 -1 0.571429 -1 0.392857 0.607143 -1 0.380952 0.22619 -1 -1 -1 0 0.178571 0.202381 0 -1 0 -1 -1 -1 -1 -1 0 0 


CORRELATION COEFFICIENT:          0.561182
DETECTION POWER:                  0.609016

