
Cycle found:
------------
022334455305004321425131524103540112
------------
Valid sequence 


NORMALIZED NEURAL MODEL:
-1.000000 -1.000000 -1.000000 -1.000000 -1.000000 -1.000000 
-1.000000 0.000000 0.392857 0.571429 0.773810 1.000000 
-1.000000 -1.000000 0.000000 0.178571 0.380952 0.607143 
-1.000000 -1.000000 -1.000000 0.000000 0.202381 0.428571 
-1.000000 -1.000000 -1.000000 -1.000000 0.000000 0.226190 
-1.000000 -1.000000 -1.000000 -1.000000 -1.000000 0.000000 

NORMALIZED GUIDE FUNCTION:
0 0.0324797 0.0688551 0.108927 0.152436 0.199066 0.248442 0.300137 0.353677 0.408544 0.464182 0.520007 0.575416 0.629789 0.682508 0.732955 0.780534 0.824669 0.86482 0.900493 0.93124 0.956676 0.976481 0.990406 0.998277 1 0.995562 0.985033 0.968561 0.946375 0.918781 0.886154 0.848934 0.807621 0.762762 0.714948 


BIN SEQUENCE:
1 1 1 1 1 1 2 2 2 2 2 2 3 3 3 3 4 4 4 5 5 5 6 6 6 6 6 6 5 5 5 4 4 4 3 3 


SEQUENCE OF PREFERRED BINS:
11  11  11  11  11  11  22  22  22  22  22  22  33  33  33  33  44  44  44  55  55  55  66  66  66  66  66  66  55  55  ...
22  22  22  22  22  22  31  31  31  31  31  31  42  42  42  42  53  53  53  64  64  64  55  55  55  55  55  55  64  64  ...
33  33  33  33  33  33  44  44  44  44  44  44  51  51  51  51  62  62  62  33  33  33  44  44  44  44  44  44  33  33  ...
44  44  44  44  44  44  55  55  55  55  55  55  66  66  66  66  11  11  11  22  22  22  33  33  33  33  33  33  22  22  ...
55  55  55  55  55  55  66  66  66  66  66  66  00  00  00  00  00  00  00  11  11  11  22  22  22  22  22  22  11  11  ...
66  66  66  66  66  66  00  00  00  00  00  00  00  00  00  00  00  00  00  00  00  00  11  11  11  11  11  11  00  00  ...


BIN ALLOCATION OF DISTANCES:
4 6 1 6 6 2 
6 1 3 5 5 6 
5 4 1 2 2 5 
3 6 4 1 2 5 
3 4 4 3 1 2 
3 5 4 1 3 2 


BINS USED:
1 1 2 1 2 1 2 2 1 3 2 3 4 6 3 4 4 5 4 5 5 5 6 6 4 2 4 6 6 5 3 3 6 1 3 0 


TRANSITION SEQUENCE:
-1 0 0.178571 0 0.202381 0 0.22619 0 -1 -1 -1 -1 -1 -1 -1 -1 -1 0.77381 -1 0.607143 -1 0.571429 -1 1 -1 0.380952 -1 -1 -1 0.428571 -1 -1 -1 0 0.392857 0 


CORRELATION COEFFICIENT:          0.51533
DETECTION POWER:                  0.616217

