
Cycle found:
------------
304121315142540323502452201100553344
------------
Valid sequence 


NORMALIZED NEURAL MODEL:
-1.000000 -1.000000 -1.000000 -1.000000 -1.000000 -1.000000 
-1.000000 0.000000 0.392857 0.571429 0.773810 1.000000 
-1.000000 -1.000000 0.000000 0.178571 0.380952 0.607143 
-1.000000 -1.000000 -1.000000 0.000000 0.202381 0.428571 
-1.000000 -1.000000 -1.000000 -1.000000 0.000000 0.226190 
-1.000000 -1.000000 -1.000000 -1.000000 -1.000000 0.000000 

NORMALIZED GUIDE FUNCTION:
0.113262 0.271927 0.420493 0.556152 0.676495 0.779549 0.863807 0.928249 0.972355 0.99611 1 0.984996 0.952529 0.90445 0.842982 0.770653 0.690225 0.604603 0.516739 0.429535 0.345728 0.267795 0.197848 0.13755 0.0880384 0.0498751 0.0230151 0.00680339 0 0.000832627 0.00707708 0.0161622 0.0252957 0.0316048 0.0322864 0.0247588 


BIN SEQUENCE:
3 3 4 4 4 5 5 6 6 6 6 6 6 5 5 5 5 4 4 4 3 3 3 3 2 2 1 1 1 1 1 1 2 2 2 2 


SEQUENCE OF PREFERRED BINS:
33  33  44  44  44  55  55  66  66  66  66  66  66  55  55  55  55  44  44  44  33  33  33  33  22  22  11  11  11  11  ...
42  42  53  53  53  64  64  55  55  55  55  55  55  64  64  64  64  53  53  53  42  42  42  42  31  31  22  22  22  22  ...
51  51  62  62  62  33  33  44  44  44  44  44  44  33  33  33  33  62  62  62  51  51  51  51  44  44  33  33  33  33  ...
66  66  11  11  11  22  22  33  33  33  33  33  33  22  22  22  22  11  11  11  66  66  66  66  55  55  44  44  44  44  ...
00  00  00  00  00  11  11  22  22  22  22  22  22  11  11  11  11  00  00  00  00  00  00  00  66  66  55  55  55  55  ...
00  00  00  00  00  00  00  11  11  11  11  11  11  00  00  00  00  00  00  00  00  00  00  00  00  00  66  66  66  66  ...


BIN ALLOCATION OF DISTANCES:
5 5 5 5 3 1 
3 1 4 6 6 6 
2 4 1 2 2 6 
3 5 4 1 2 4 
2 3 6 4 1 2 
4 6 3 3 5 1 


BINS USED:
3 3 3 4 4 6 5 6 6 6 6 6 5 2 5 4 2 4 4 5 2 2 3 1 2 5 1 3 5 1 1 3 1 2 1 0 


TRANSITION SEQUENCE:
-1 -1 -1 0.392857 -1 0.571429 -1 1 -1 0.77381 -1 0.607143 -1 -1 -1 -1 0.178571 0.428571 -1 -1 0.380952 0.22619 -1 0 -1 -1 0 -1 -1 -1 0 -1 0 0.202381 0 0 


CORRELATION COEFFICIENT:          0.594805
DETECTION POWER:                  0.621574

