
Cycle found:
------------
550120253514131054524030042334432211
------------
Valid sequence 


NORMALIZED NEURAL MODEL:
-1.000000 -1.000000 -1.000000 -1.000000 -1.000000 -1.000000 
-1.000000 0.000000 0.392857 0.571429 0.773810 1.000000 
-1.000000 -1.000000 0.000000 0.178571 0.380952 0.607143 
-1.000000 -1.000000 -1.000000 0.000000 0.202381 0.428571 
-1.000000 -1.000000 -1.000000 -1.000000 0.000000 0.226190 
-1.000000 -1.000000 -1.000000 -1.000000 -1.000000 0.000000 

NORMALIZED GUIDE FUNCTION:
0.674953 0.724691 0.771086 0.813847 0.852706 0.887421 0.917777 0.943588 0.964694 0.98097 0.992317 0.998672 1 0.996301 0.987606 0.973978 0.955511 0.932329 0.904587 0.872469 0.836185 0.795973 0.752095 0.704836 0.654501 0.601416 0.545923 0.488378 0.429151 0.368621 0.307176 0.245208 0.183113 0.121285 0.0601179 0 


BIN SEQUENCE:
3 3 3 4 4 4 5 5 5 6 6 6 6 6 6 5 5 5 4 4 4 3 3 3 2 2 2 2 2 2 1 1 1 1 1 1 


SEQUENCE OF PREFERRED BINS:
33  33  33  44  44  44  55  55  55  66  66  66  66  66  66  55  55  55  44  44  44  33  33  33  22  22  22  22  22  22  ...
42  42  42  53  53  53  64  64  64  55  55  55  55  55  55  64  64  64  53  53  53  42  42  42  31  31  31  31  31  31  ...
51  51  51  62  62  62  33  33  33  44  44  44  44  44  44  33  33  33  62  62  62  51  51  51  44  44  44  44  44  44  ...
66  66  66  11  11  11  22  22  22  33  33  33  33  33  33  22  22  22  11  11  11  66  66  66  55  55  55  55  55  55  ...
00  00  00  00  00  00  11  11  11  22  22  22  22  22  22  11  11  11  00  00  00  00  00  00  66  66  66  66  66  66  ...
00  00  00  00  00  00  00  00  00  11  11  11  11  11  11  00  00  00  00  00  00  00  00  00  00  00  00  00  00  00  ...


BIN ALLOCATION OF DISTANCES:
1 3 3 2 6 5 
3 1 5 5 6 6 
4 3 1 2 4 5 
3 6 5 1 4 5 
3 4 2 1 2 4 
2 6 1 6 4 2 


BINS USED:
2 2 3 5 4 3 5 6 5 6 6 4 5 6 3 5 4 4 1 4 3 2 3 1 6 2 2 1 4 2 1 5 1 3 1 0 


TRANSITION SEQUENCE:
0 -1 -1 0.392857 -1 -1 0.607143 -1 0.428571 -1 0.77381 -1 0.571429 -1 -1 -1 -1 0.22619 -1 0.380952 -1 -1 -1 -1 -1 -1 0.178571 0 0.202381 0 -1 -1 0 -1 0 0 


CORRELATION COEFFICIENT:          0.594361
DETECTION POWER:                  0.600206

