
Cycle found:
------------
334455023524131215142540430110032205
------------
Valid sequence 


NORMALIZED NEURAL MODEL:
-1.000000 -1.000000 -1.000000 -1.000000 -1.000000 -1.000000 
-1.000000 0.000000 0.392857 0.571429 0.773810 1.000000 
-1.000000 -1.000000 0.000000 0.178571 0.380952 0.607143 
-1.000000 -1.000000 -1.000000 0.000000 0.202381 0.428571 
-1.000000 -1.000000 -1.000000 -1.000000 0.000000 0.226190 
-1.000000 -1.000000 -1.000000 -1.000000 -1.000000 0.000000 

NORMALIZED GUIDE FUNCTION:
0 0.0259916 0.05802 0.0957238 0.138656 0.186287 0.238014 0.293169 0.351024 0.410804 0.471698 0.532868 0.593461 0.652622 0.709509 0.763299 0.813205 0.858485 0.898457 0.932504 0.960087 0.980754 0.994145 1 0.998163 0.988586 0.97133 0.946564 0.914566 0.875721 0.830512 0.779518 0.723405 0.662917 0.598869 0.532131 


BIN SEQUENCE:
1 1 1 1 1 1 2 2 2 2 2 3 3 3 3 4 4 4 5 5 5 6 6 6 6 6 6 5 5 5 4 4 4 3 3 2 


SEQUENCE OF PREFERRED BINS:
11  11  11  11  11  11  22  22  22  22  22  33  33  33  33  44  44  44  55  55  55  66  66  66  66  66  66  55  55  55  ...
22  22  22  22  22  22  31  31  31  31  31  42  42  42  42  53  53  53  64  64  64  55  55  55  55  55  55  64  64  64  ...
33  33  33  33  33  33  44  44  44  44  44  51  51  51  51  62  62  62  33  33  33  44  44  44  44  44  44  33  33  33  ...
44  44  44  44  44  44  55  55  55  55  55  66  66  66  66  11  11  11  22  22  22  33  33  33  33  33  33  22  22  22  ...
55  55  55  55  55  55  66  66  66  66  66  00  00  00  00  00  00  00  11  11  11  22  22  22  22  22  22  11  11  11  ...
66  66  66  66  66  66  00  00  00  00  00  00  00  00  00  00  00  00  00  00  00  11  11  11  11  11  11  00  00  00  ...


BIN ALLOCATION OF DISTANCES:
4 4 1 1 5 4 
2 1 3 3 6 6 
6 6 1 2 2 6 
5 4 5 1 2 3 
5 3 5 5 1 2 
3 4 4 3 6 2 


BINS USED:
1 2 1 2 2 3 1 2 3 4 2 3 3 4 3 6 6 4 6 5 6 6 5 5 5 5 4 1 2 4 1 5 1 6 4 0 


TRANSITION SEQUENCE:
0 0.202381 0 0.22619 0 -1 -1 0.178571 0.428571 -1 0.380952 -1 0.571429 -1 0.392857 -1 1 -1 0.77381 -1 0.607143 -1 -1 -1 -1 -1 -1 0 -1 -1 -1 -1 0 -1 -1 0 


CORRELATION COEFFICIENT:          0.363148
DETECTION POWER:                  0.60129

