
Cycle found:
------------
403344554202412513153523010500432211
------------
Valid sequence 


NORMALIZED NEURAL MODEL:
-1.000000 -1.000000 -1.000000 -1.000000 -1.000000 -1.000000 
-1.000000 0.000000 0.392857 0.571429 0.773810 1.000000 
-1.000000 -1.000000 0.000000 0.178571 0.380952 0.607143 
-1.000000 -1.000000 -1.000000 0.000000 0.202381 0.428571 
-1.000000 -1.000000 -1.000000 -1.000000 0.000000 0.226190 
-1.000000 -1.000000 -1.000000 -1.000000 -1.000000 0.000000 

NORMALIZED GUIDE FUNCTION:
0 0.0509742 0.109492 0.174334 0.244161 0.31754 0.392993 0.469024 0.544162 0.616992 0.68619 0.750548 0.809001 0.860647 0.904759 0.940797 0.968412 0.987441 0.997907 1 0.99407 0.980602 0.960196 0.933545 0.901406 0.864578 0.823875 0.780099 0.734022 0.686364 0.637774 0.58882 0.539975 0.491617 0.444021 0.397366 


BIN SEQUENCE:
1 1 1 1 1 1 2 2 3 3 3 4 4 4 5 5 6 6 6 6 6 6 5 5 5 5 4 4 4 3 3 3 2 2 2 2 


SEQUENCE OF PREFERRED BINS:
11  11  11  11  11  11  22  22  33  33  33  44  44  44  55  55  66  66  66  66  66  66  55  55  55  55  44  44  44  33  ...
22  22  22  22  22  22  31  31  42  42  42  53  53  53  64  64  55  55  55  55  55  55  64  64  64  64  53  53  53  42  ...
33  33  33  33  33  33  44  44  51  51  51  62  62  62  33  33  44  44  44  44  44  44  33  33  33  33  62  62  62  51  ...
44  44  44  44  44  44  55  55  66  66  66  11  11  11  22  22  33  33  33  33  33  33  22  22  22  22  11  11  11  66  ...
55  55  55  55  55  55  66  66  00  00  00  00  00  00  11  11  22  22  22  22  22  22  11  11  11  11  00  00  00  00  ...
66  66  66  66  66  66  00  00  00  00  00  00  00  00  00  00  11  11  11  11  11  11  00  00  00  00  00  00  00  00  ...


BIN ALLOCATION OF DISTANCES:
4 5 3 1 1 4 
3 1 5 6 6 6 
3 1 1 2 5 6 
4 5 3 2 2 5 
1 6 4 6 2 3 
3 5 4 4 2 2 


BINS USED:
1 1 2 2 2 3 2 2 4 3 3 5 6 5 6 5 6 5 6 4 5 4 2 4 5 3 4 3 4 1 6 3 1 1 1 0 


TRANSITION SEQUENCE:
-1 -1 0 0.202381 0 0.22619 0 -1 -1 -1 -1 0.380952 -1 0.392857 0.607143 -1 0.571429 -1 1 -1 0.428571 -1 0.178571 -1 -1 -1 -1 -1 -1 -1 -1 -1 0 -1 0 0 


CORRELATION COEFFICIENT:          0.521303
DETECTION POWER:                  0.608508

