
Cycle found:
------------
030253141521351242054332234455001104
------------
Valid sequence 


NORMALIZED NEURAL MODEL:
-1.000000 -1.000000 -1.000000 -1.000000 -1.000000 -1.000000 
-1.000000 0.000000 0.392857 0.571429 0.773810 1.000000 
-1.000000 -1.000000 0.000000 0.178571 0.380952 0.607143 
-1.000000 -1.000000 -1.000000 0.000000 0.202381 0.428571 
-1.000000 -1.000000 -1.000000 -1.000000 0.000000 0.226190 
-1.000000 -1.000000 -1.000000 -1.000000 -1.000000 0.000000 

NORMALIZED GUIDE FUNCTION:
0.373887 0.486133 0.598822 0.706301 0.803153 0.884493 0.946247 0.985368 1 0.989573 0.954819 0.897715 0.821358 0.729776 0.627687 0.520224 0.412647 0.310039 0.217036 0.137576 0.0747016 0.030414 0.00559606 0 0.012302 0.0402183 0.0806743 0.130014 0.18424 0.239258 0.291128 0.336292 0.371766 0.395299 0.405471 0.401745 


BIN SEQUENCE:
3 4 4 5 5 5 6 6 6 6 6 6 5 5 5 4 4 3 2 2 1 1 1 1 1 1 2 2 2 2 3 3 3 3 4 4 


SEQUENCE OF PREFERRED BINS:
33  44  44  55  55  55  66  66  66  66  66  66  55  55  55  44  44  33  22  22  11  11  11  11  11  11  22  22  22  22  ...
42  53  53  64  64  64  55  55  55  55  55  55  64  64  64  53  53  42  31  31  22  22  22  22  22  22  31  31  31  31  ...
51  62  62  33  33  33  44  44  44  44  44  44  33  33  33  62  62  51  44  44  33  33  33  33  33  33  44  44  44  44  ...
66  11  11  22  22  22  33  33  33  33  33  33  22  22  22  11  11  66  55  55  44  44  44  44  44  44  55  55  55  55  ...
00  00  00  11  11  11  22  22  22  22  22  22  11  11  11  00  00  00  66  66  55  55  55  55  55  55  66  66  66  66  ...
00  00  00  00  00  00  11  11  11  11  11  11  00  00  00  00  00  00  00  00  66  66  66  66  66  66  00  00  00  00  ...


BIN ALLOCATION OF DISTANCES:
5 6 4 3 5 1 
3 1 4 5 6 6 
2 4 1 2 3 5 
4 5 3 1 2 5 
4 6 3 1 2 3 
1 4 6 6 2 2 


BINS USED:
3 4 4 5 6 5 6 6 6 6 4 5 5 4 4 3 3 2 1 2 1 1 3 1 2 2 2 3 2 1 5 6 1 3 5 0 


TRANSITION SEQUENCE:
-1 -1 -1 0.607143 -1 -1 0.77381 -1 1 -1 -1 0.571429 0.428571 -1 0.392857 0.380952 -1 -1 -1 -1 -1 0 -1 0 0.178571 0.202381 0 0.22619 0 -1 -1 -1 0 -1 -1 0 


CORRELATION COEFFICIENT:          0.621907
DETECTION POWER:                  0.587147

