
Cycle found:
------------
422334455405032430213520014151253110
------------
Valid sequence 


NORMALIZED NEURAL MODEL:
-1.000000 -1.000000 -1.000000 -1.000000 -1.000000 -1.000000 
-1.000000 0.000000 0.392857 0.571429 0.773810 1.000000 
-1.000000 -1.000000 0.000000 0.178571 0.380952 0.607143 
-1.000000 -1.000000 -1.000000 0.000000 0.202381 0.428571 
-1.000000 -1.000000 -1.000000 -1.000000 0.000000 0.226190 
-1.000000 -1.000000 -1.000000 -1.000000 -1.000000 0.000000 

NORMALIZED GUIDE FUNCTION:
0 0.0356692 0.0758782 0.120134 0.167903 0.218622 0.2717 0.326531 0.382498 0.438981 0.495366 0.551051 0.605453 0.658016 0.708214 0.75556 0.799609 0.839965 0.876281 0.908264 0.935678 0.958344 0.976142 0.989011 0.996946 1 0.998279 0.99194 0.981189 0.966273 0.947482 0.925136 0.899588 0.871213 0.840403 0.807564 


BIN SEQUENCE:
1 1 1 1 1 1 2 2 2 2 2 2 3 3 3 3 3 4 4 4 5 5 5 6 6 6 6 6 6 5 5 5 4 4 4 3 


SEQUENCE OF PREFERRED BINS:
11  11  11  11  11  11  22  22  22  22  22  22  33  33  33  33  33  44  44  44  55  55  55  66  66  66  66  66  66  55  ...
22  22  22  22  22  22  31  31  31  31  31  31  42  42  42  42  42  53  53  53  64  64  64  55  55  55  55  55  55  64  ...
33  33  33  33  33  33  44  44  44  44  44  44  51  51  51  51  51  62  62  62  33  33  33  44  44  44  44  44  44  33  ...
44  44  44  44  44  44  55  55  55  55  55  55  66  66  66  66  66  11  11  11  22  22  22  33  33  33  33  33  33  22  ...
55  55  55  55  55  55  66  66  66  66  66  66  00  00  00  00  00  00  00  00  11  11  11  22  22  22  22  22  22  11  ...
66  66  66  66  66  66  00  00  00  00  00  00  00  00  00  00  00  00  00  00  00  00  00  11  11  11  11  11  11  00  ...


BIN ALLOCATION OF DISTANCES:
6 6 5 1 2 1 
3 1 3 4 5 5 
5 4 1 2 3 5 
4 4 3 2 2 4 
5 6 1 6 2 3 
3 6 4 6 1 2 


BINS USED:
1 1 2 2 2 2 3 2 1 5 1 3 1 3 3 6 4 5 4 4 4 4 5 6 6 5 6 5 6 3 5 6 4 1 3 0 


TRANSITION SEQUENCE:
-1 0 0.178571 0 0.202381 0 0.22619 0 -1 -1 -1 -1 -1 -1 0.380952 -1 -1 -1 -1 0.571429 0.428571 -1 -1 -1 -1 0.77381 -1 1 -1 0.392857 0.607143 -1 -1 0 -1 0 


CORRELATION COEFFICIENT:          0.51898
DETECTION POWER:                  0.625319

