
Cycle found:
------------
223344540535010041315143255242030211
------------
Valid sequence 


NORMALIZED NEURAL MODEL:
-1.000000 -1.000000 -1.000000 -1.000000 -1.000000 -1.000000 
-1.000000 0.000000 0.392857 0.571429 0.773810 1.000000 
-1.000000 -1.000000 0.000000 0.178571 0.380952 0.607143 
-1.000000 -1.000000 -1.000000 0.000000 0.202381 0.428571 
-1.000000 -1.000000 -1.000000 -1.000000 0.000000 0.226190 
-1.000000 -1.000000 -1.000000 -1.000000 -1.000000 0.000000 

NORMALIZED GUIDE FUNCTION:
0 0.0585948 0.121402 0.187485 0.255885 0.32564 0.395796 0.465417 0.533604 0.599499 0.662302 0.721278 0.775766 0.825186 0.869048 0.906952 0.938598 0.963781 0.982397 0.99444 1 0.999258 0.992485 0.980032 0.962323 0.939852 0.913168 0.882869 0.849589 0.813994 0.776761 0.738578 0.700124 0.662068 0.62505 0.589676 


BIN SEQUENCE:
1 1 1 1 1 1 2 2 2 2 3 3 3 4 4 5 5 5 6 6 6 6 6 6 5 5 5 4 4 4 4 3 3 3 2 2 


SEQUENCE OF PREFERRED BINS:
11  11  11  11  11  11  22  22  22  22  33  33  33  44  44  55  55  55  66  66  66  66  66  66  55  55  55  44  44  44  ...
22  22  22  22  22  22  31  31  31  31  42  42  42  53  53  64  64  64  55  55  55  55  55  55  64  64  64  53  53  53  ...
33  33  33  33  33  33  44  44  44  44  51  51  51  62  62  33  33  33  44  44  44  44  44  44  33  33  33  62  62  62  ...
44  44  44  44  44  44  55  55  55  55  66  66  66  11  11  22  22  22  33  33  33  33  33  33  22  22  22  11  11  11  ...
55  55  55  55  55  55  66  66  66  66  00  00  00  00  00  11  11  11  22  22  22  22  22  22  11  11  11  00  00  00  ...
66  66  66  66  66  66  00  00  00  00  00  00  00  00  00  00  00  00  11  11  11  11  11  11  00  00  00  00  00  00  ...


BIN ALLOCATION OF DISTANCES:
5 4 6 6 6 3 
4 1 3 5 5 5 
3 4 1 1 3 5 
2 3 2 1 2 3 
5 6 6 6 1 2 
4 4 4 2 2 1 


BINS USED:
1 1 1 2 1 2 2 5 3 2 3 4 4 4 5 6 6 5 3 5 4 5 6 2 5 1 4 3 6 3 6 2 6 4 1 0 


TRANSITION SEQUENCE:
0 0.178571 0 0.202381 0 0.22619 -1 -1 -1 -1 0.428571 -1 -1 -1 -1 -1 -1 0.571429 -1 1 -1 0.77381 -1 -1 0.607143 0 -1 0.380952 -1 -1 -1 -1 -1 -1 0 0 


CORRELATION COEFFICIENT:          0.544723
DETECTION POWER:                  0.59529

