Unable to find a valid Hamiltonian Circuit.
Elapsed time: 2 seconds. Trying again...

Cycle found:
------------
520401243514132502100545534422330311
------------
Valid sequence 


NORMALIZED NEURAL MODEL:
-1.000000 -1.000000 -1.000000 -1.000000 -1.000000 -1.000000 
-1.000000 0.000000 0.392857 0.571429 0.773810 1.000000 
-1.000000 -1.000000 0.000000 0.178571 0.380952 0.607143 
-1.000000 -1.000000 -1.000000 0.000000 0.202381 0.428571 
-1.000000 -1.000000 -1.000000 -1.000000 0.000000 0.226190 
-1.000000 -1.000000 -1.000000 -1.000000 -1.000000 0.000000 

NORMALIZED GUIDE FUNCTION:
0.663692 0.713922 0.760993 0.804582 0.844389 0.880139 0.911586 0.938514 0.960737 0.9781 0.990483 0.9978 1 0.997066 0.989017 0.975907 0.957824 0.934893 0.907268 0.875139 0.838726 0.798276 0.754067 0.706402 0.655607 0.602029 0.546036 0.488011 0.428352 0.367467 0.305774 0.243695 0.181655 0.120079 0.0593892 0 


BIN SEQUENCE:
3 3 3 4 4 4 5 5 5 6 6 6 6 6 6 5 5 5 4 4 4 3 3 3 2 2 2 2 2 2 1 1 1 1 1 1 


SEQUENCE OF PREFERRED BINS:
33  33  33  44  44  44  55  55  55  66  66  66  66  66  66  55  55  55  44  44  44  33  33  33  22  22  22  22  22  22  ...
42  42  42  53  53  53  64  64  64  55  55  55  55  55  55  64  64  64  53  53  53  42  42  42  31  31  31  31  31  31  ...
51  51  51  62  62  62  33  33  33  44  44  44  44  44  44  33  33  33  62  62  62  51  51  51  44  44  44  44  44  44  ...
66  66  66  11  11  11  22  22  22  33  33  33  33  33  33  22  22  22  11  11  11  66  66  66  55  55  55  55  55  55  ...
00  00  00  00  00  00  11  11  11  22  22  22  22  22  22  11  11  11  00  00  00  00  00  00  66  66  66  66  66  66  ...
00  00  00  00  00  00  00  00  00  11  11  11  11  11  11  00  00  00  00  00  00  00  00  00  00  00  00  00  00  00  ...


BIN ALLOCATION OF DISTANCES:
4 4 5 1 3 4 
2 1 5 6 6 6 
4 4 1 2 5 6 
3 1 4 1 2 6 
3 5 5 5 1 2 
3 6 3 2 3 2 


BINS USED:
3 4 3 3 4 5 5 5 6 6 6 5 6 4 6 3 5 4 2 4 4 3 2 2 2 2 1 5 1 2 1 3 1 1 1 0 


TRANSITION SEQUENCE:
-1 -1 -1 -1 -1 0.392857 0.380952 -1 0.428571 -1 0.77381 -1 0.571429 -1 0.607143 -1 -1 -1 -1 -1 -1 -1 0.22619 0 -1 0.202381 0 -1 0 0.178571 0 -1 -1 -1 0 0 


CORRELATION COEFFICIENT:          0.582757
DETECTION POWER:                  0.615838

