
Cycle found:
------------
425350455130324344052331121002201415
------------
Valid sequence 


NORMALIZED NEURAL MODEL:
-1.000000 -1.000000 -1.000000 -1.000000 -1.000000 -1.000000 
-1.000000 0.000000 0.392857 0.571429 0.773810 1.000000 
-1.000000 -1.000000 0.000000 0.178571 0.380952 0.607143 
-1.000000 -1.000000 -1.000000 0.000000 0.202381 0.428571 
-1.000000 -1.000000 -1.000000 -1.000000 0.000000 0.226190 
-1.000000 -1.000000 -1.000000 -1.000000 -1.000000 0.000000 

NORMALIZED GUIDE FUNCTION:
1 0.955656 0.909298 0.861214 0.811701 0.761071 0.709643 0.657746 0.605713 0.553878 0.502578 0.45215 0.402924 0.355228 0.30938 0.265689 0.224452 0.185951 0.150453 0.118207 0.0894438 0.0643703 0.0431731 0.0260139 0.0130295 0.00433037 0 9.3999e-05 0.00463965 0.0136355 0.0270514 0.0448281 0.066878 0.093085 0.123305 0.157369 


BIN SEQUENCE:
6 6 6 6 6 6 5 5 5 5 5 5 4 4 4 4 4 4 3 3 3 2 2 2 1 1 1 1 1 1 2 2 2 3 3 3 


SEQUENCE OF PREFERRED BINS:
66  66  66  66  66  66  55  55  55  55  55  55  44  44  44  44  44  44  33  33  33  22  22  22  11  11  11  11  11  11  ...
55  55  55  55  55  55  64  64  64  64  64  64  53  53  53  53  53  53  42  42  42  31  31  31  22  22  22  22  22  22  ...
44  44  44  44  44  44  33  33  33  33  33  33  62  62  62  62  62  62  51  51  51  44  44  44  33  33  33  33  33  33  ...
33  33  33  33  33  33  22  22  22  22  22  22  11  11  11  11  11  11  66  66  66  55  55  55  44  44  44  44  44  44  ...
22  22  22  22  22  22  11  11  11  11  11  11  00  00  00  00  00  00  00  00  00  66  66  66  55  55  55  55  55  55  ...
11  11  11  11  11  11  00  00  00  00  00  00  00  00  00  00  00  00  00  00  00  00  00  00  66  66  66  66  66  66  ...


BIN ALLOCATION OF DISTANCES:
1 5 5 5 6 3 
4 2 4 5 6 6 
2 1 2 3 4 5 
4 1 4 2 3 5 
1 1 6 3 3 4 
6 2 1 6 2 3 


BINS USED:
6 5 6 5 6 6 4 3 2 5 4 5 4 4 3 3 3 1 3 1 3 2 1 2 4 1 4 1 5 2 2 5 6 1 6 0 


TRANSITION SEQUENCE:
-1 0.607143 -1 0.428571 -1 -1 0.22619 0 -1 0.571429 -1 -1 -1 0.380952 -1 0.202381 0 -1 -1 -1 0.178571 0 -1 0 0.392857 -1 -1 -1 -1 0 -1 -1 0.77381 -1 1 0 


CORRELATION COEFFICIENT:          0.120266
DETECTION POWER:                  0.31902

