
Cycle found:
------------
055223310113454004351244153203021425
------------
Valid sequence 


NORMALIZED NEURAL MODEL:
-1.000000 -1.000000 -1.000000 -1.000000 -1.000000 -1.000000 
-1.000000 0.000000 0.392857 0.571429 0.773810 1.000000 
-1.000000 -1.000000 0.000000 0.178571 0.380952 0.607143 
-1.000000 -1.000000 -1.000000 0.000000 0.202381 0.428571 
-1.000000 -1.000000 -1.000000 -1.000000 0.000000 0.226190 
-1.000000 -1.000000 -1.000000 -1.000000 -1.000000 0.000000 

NORMALIZED GUIDE FUNCTION:
0.0414313 0.0259724 0.0140374 0.00570023 0.00101193 0 0.0026684 0.00899753 0.0189444 0.0324427 0.0494038 0.0697166 0.0932487 0.119847 0.14934 0.181536 0.216227 0.253189 0.292185 0.332963 0.37526 0.418806 0.463319 0.508515 0.554104 0.599794 0.645291 0.690305 0.734548 0.777737 0.819596 0.859859 0.898269 0.93458 0.968562 1 


BIN SEQUENCE:
2 2 1 1 1 1 1 1 2 2 2 2 3 3 3 3 3 3 4 4 4 4 4 4 5 5 5 5 5 5 6 6 6 6 6 6 


SEQUENCE OF PREFERRED BINS:
22  22  11  11  11  11  11  11  22  22  22  22  33  33  33  33  33  33  44  44  44  44  44  44  55  55  55  55  55  55  ...
31  31  22  22  22  22  22  22  31  31  31  31  42  42  42  42  42  42  53  53  53  53  53  53  64  64  64  64  64  64  ...
44  44  33  33  33  33  33  33  44  44  44  44  51  51  51  51  51  51  62  62  62  62  62  62  33  33  33  33  33  33  ...
55  55  44  44  44  44  44  44  55  55  55  55  66  66  66  66  66  66  11  11  11  11  11  11  22  22  22  22  22  22  ...
66  66  55  55  55  55  55  55  66  66  66  66  00  00  00  00  00  00  00  00  00  00  00  00  11  11  11  11  11  11  ...
00  00  66  66  66  66  66  66  00  00  00  00  00  00  00  00  00  00  00  00  00  00  00  00  00  00  00  00  00  00  ...


BIN ALLOCATION OF DISTANCES:
3 1 5 6 5 2 
1 1 4 4 5 5 
6 2 1 2 4 5 
3 1 3 1 2 4 
3 6 6 3 2 3 
4 6 4 6 5 2 


BINS USED:
2 2 4 1 2 1 1 1 1 1 4 2 3 5 3 3 5 3 4 6 4 4 2 6 5 6 3 6 6 3 5 2 5 6 5 0 


TRANSITION SEQUENCE:
-1 0 -1 0 0.178571 0 -1 -1 -1 0 0.571429 0.202381 0.22619 -1 -1 -1 -1 -1 0.428571 -1 0.392857 0.380952 0 -1 1 -1 -1 -1 -1 -1 -1 -1 0.77381 -1 0.607143 0 


CORRELATION COEFFICIENT:          0.31222
DETECTION POWER:                  0.3173

