
Cycle found:
------------
233411013120402243055154450035214253
------------
Valid sequence 


NORMALIZED NEURAL MODEL:
-1.000000 -1.000000 -1.000000 -1.000000 -1.000000 -1.000000 
-1.000000 0.000000 0.392857 0.571429 0.773810 1.000000 
-1.000000 -1.000000 0.000000 0.178571 0.380952 0.607143 
-1.000000 -1.000000 -1.000000 0.000000 0.202381 0.428571 
-1.000000 -1.000000 -1.000000 -1.000000 0.000000 0.226190 
-1.000000 -1.000000 -1.000000 -1.000000 -1.000000 0.000000 

NORMALIZED GUIDE FUNCTION:
0.311346 0.247068 0.189997 0.140322 0.0981637 0.0635817 0.0365708 0.0170642 0.00493531 0 0.00201964 0.0107042 0.0257161 0.0466737 0.0731563 0.104708 0.140843 0.18105 0.224797 0.271538 0.320717 0.371772 0.424145 0.477279 0.53063 0.583671 0.635892 0.686809 0.735966 0.782939 0.827339 0.868817 0.907065 0.941816 0.972852 1 


BIN SEQUENCE:
4 3 3 3 2 2 2 1 1 1 1 1 1 2 2 2 3 3 3 4 4 4 4 4 5 5 5 5 5 5 6 6 6 6 6 6 


SEQUENCE OF PREFERRED BINS:
44  33  33  33  22  22  22  11  11  11  11  11  11  22  22  22  33  33  33  44  44  44  44  44  55  55  55  55  55  55  ...
53  42  42  42  31  31  31  22  22  22  22  22  22  31  31  31  42  42  42  53  53  53  53  53  64  64  64  64  64  64  ...
62  51  51  51  44  44  44  33  33  33  33  33  33  44  44  44  51  51  51  62  62  62  62  62  33  33  33  33  33  33  ...
11  66  66  66  55  55  55  44  44  44  44  44  44  55  55  55  66  66  66  11  11  11  11  11  22  22  22  22  22  22  ...
00  00  00  00  66  66  66  55  55  55  55  55  55  66  66  66  00  00  00  00  00  00  00  00  11  11  11  11  11  11  ...
00  00  00  00  00  00  00  66  66  66  66  66  66  00  00  00  00  00  00  00  00  00  00  00  00  00  00  00  00  00  ...


BIN ALLOCATION OF DISTANCES:
6 2 1 6 1 5 
3 2 5 5 6 6 
3 6 3 4 5 5 
1 1 3 3 4 5 
1 3 1 2 4 4 
6 4 2 2 2 4 


BINS USED:
4 3 4 3 2 3 2 5 1 5 3 1 1 1 3 5 2 1 5 4 4 6 2 4 4 6 6 6 5 2 6 6 1 5 2 0 


TRANSITION SEQUENCE:
0.178571 0 0.202381 -1 0 -1 -1 0.571429 -1 0.392857 -1 -1 -1 -1 0 0.380952 -1 -1 -1 0 -1 1 -1 0 0.22619 -1 -1 -1 0.428571 -1 -1 0.77381 -1 0.607143 -1 0 


CORRELATION COEFFICIENT:          0.139821
DETECTION POWER:                  0.269499

