
Cycle found:
------------
524150351345423204055312101144330022
------------
Valid sequence 


NORMALIZED NEURAL MODEL:
-1.000000 -1.000000 -1.000000 -1.000000 -1.000000 -1.000000 
-1.000000 0.000000 0.392857 0.571429 0.773810 1.000000 
-1.000000 -1.000000 0.000000 0.178571 0.380952 0.607143 
-1.000000 -1.000000 -1.000000 0.000000 0.202381 0.428571 
-1.000000 -1.000000 -1.000000 -1.000000 0.000000 0.226190 
-1.000000 -1.000000 -1.000000 -1.000000 -1.000000 0.000000 

NORMALIZED GUIDE FUNCTION:
0.961737 0.976494 0.987759 0.995461 0.99955 1 0.996808 0.989994 0.979603 0.965701 0.948376 0.927741 0.903926 0.877085 0.84739 0.815031 0.780214 0.743164 0.704118 0.663324 0.621046 0.577553 0.533125 0.488045 0.442603 0.397089 0.351795 0.307011 0.263024 0.220115 0.17856 0.138624 0.100564 0.0646218 0.0310289 0 


BIN SEQUENCE:
5 5 6 6 6 6 6 6 5 5 5 5 4 4 4 4 4 4 3 3 3 3 3 3 2 2 2 2 2 2 1 1 1 1 1 1 


SEQUENCE OF PREFERRED BINS:
55  55  66  66  66  66  66  66  55  55  55  55  44  44  44  44  44  44  33  33  33  33  33  33  22  22  22  22  22  22  ...
64  64  55  55  55  55  55  55  64  64  64  64  53  53  53  53  53  53  42  42  42  42  42  42  31  31  31  31  31  31  ...
33  33  44  44  44  44  44  44  33  33  33  33  62  62  62  62  62  62  51  51  51  51  51  51  44  44  44  44  44  44  ...
22  22  33  33  33  33  33  33  22  22  22  22  11  11  11  11  11  11  66  66  66  66  66  66  55  55  55  55  55  55  ...
11  11  22  22  22  22  22  22  11  11  11  11  00  00  00  00  00  00  00  00  00  00  00  00  66  66  66  66  66  66  ...
00  00  11  11  11  11  11  11  00  00  00  00  00  00  00  00  00  00  00  00  00  00  00  00  00  00  00  00  00  00  ...


BIN ALLOCATION OF DISTANCES:
5 2 1 6 5 2 
1 1 4 5 6 6 
3 2 1 3 4 5 
3 3 3 1 4 5 
2 6 4 6 1 4 
6 4 5 2 3 2 


BINS USED:
5 4 6 6 6 6 5 4 5 4 4 3 4 3 3 3 5 2 2 2 2 3 4 2 1 2 1 6 1 6 1 3 5 1 1 0 


TRANSITION SEQUENCE:
-1 0.380952 -1 1 -1 -1 0.428571 -1 0.571429 0.202381 0.22619 -1 -1 0.178571 -1 -1 -1 -1 -1 0 -1 -1 0.392857 -1 -1 -1 0 0.77381 0 -1 0 -1 -1 -1 0 0 


CORRELATION COEFFICIENT:          0.358965
DETECTION POWER:                  0.29042

