
Cycle found:
------------
422110205015434003525312414455132330
------------
Valid sequence 


NORMALIZED NEURAL MODEL:
-1.000000 -1.000000 -1.000000 -1.000000 -1.000000 -1.000000 
-1.000000 0.000000 0.392857 0.571429 0.773810 1.000000 
-1.000000 -1.000000 0.000000 0.178571 0.380952 0.607143 
-1.000000 -1.000000 -1.000000 0.000000 0.202381 0.428571 
-1.000000 -1.000000 -1.000000 -1.000000 0.000000 0.226190 
-1.000000 -1.000000 -1.000000 -1.000000 -1.000000 0.000000 

NORMALIZED GUIDE FUNCTION:
0 0.0823989 0.164075 0.244506 0.323174 0.399575 0.473218 0.54363 0.610357 0.672971 0.731067 0.78427 0.832238 0.87466 0.91126 0.941802 0.966085 0.983951 0.995281 1 0.998073 0.989508 0.974358 0.952714 0.924713 0.89053 0.850379 0.804517 0.753232 0.69685 0.63573 0.57026 0.500858 0.427966 0.352049 0.273591 


BIN SEQUENCE:
1 1 1 1 1 2 2 2 3 3 3 4 4 4 5 5 5 6 6 6 6 6 6 5 5 5 4 4 4 3 3 3 2 2 2 1 


SEQUENCE OF PREFERRED BINS:
11  11  11  11  11  22  22  22  33  33  33  44  44  44  55  55  55  66  66  66  66  66  66  55  55  55  44  44  44  33  ...
22  22  22  22  22  31  31  31  42  42  42  53  53  53  64  64  64  55  55  55  55  55  55  64  64  64  53  53  53  42  ...
33  33  33  33  33  44  44  44  51  51  51  62  62  62  33  33  33  44  44  44  44  44  44  33  33  33  62  62  62  51  ...
44  44  44  44  44  55  55  55  66  66  66  11  11  11  22  22  22  33  33  33  33  33  33  22  22  22  11  11  11  66  ...
55  55  55  55  55  66  66  66  00  00  00  00  00  00  11  11  11  22  22  22  22  22  22  11  11  11  00  00  00  00  ...
66  66  66  66  66  00  00  00  00  00  00  00  00  00  00  00  00  11  11  11  11  11  11  00  00  00  00  00  00  00  ...


BIN ALLOCATION OF DISTANCES:
4 4 2 1 4 1 
2 1 6 6 6 6 
3 2 2 4 5 6 
1 3 2 2 4 6 
5 5 1 5 3 5 
3 1 5 3 4 3 


BINS USED:
1 2 2 1 2 2 3 1 3 4 6 4 5 4 5 4 1 6 5 6 3 3 6 5 5 6 3 5 3 1 6 2 4 2 1 0 


TRANSITION SEQUENCE:
-1 0 -1 0 -1 -1 -1 -1 -1 -1 1 -1 -1 0.202381 -1 -1 -1 0.428571 -1 0.607143 -1 -1 0.392857 0.380952 -1 0.77381 0 0.22619 0 -1 0.571429 -1 0.178571 0 -1 0 


CORRELATION COEFFICIENT:          0.349323
DETECTION POWER:                  0.339523

