
Cycle found:
------------
044221123413302452035015325400551431
------------
Valid sequence 


NORMALIZED NEURAL MODEL:
-1.000000 -1.000000 -1.000000 -1.000000 -1.000000 -1.000000 
-1.000000 0.000000 0.392857 0.571429 0.773810 1.000000 
-1.000000 -1.000000 0.000000 0.178571 0.380952 0.607143 
-1.000000 -1.000000 -1.000000 0.000000 0.202381 0.428571 
-1.000000 -1.000000 -1.000000 -1.000000 0.000000 0.226190 
-1.000000 -1.000000 -1.000000 -1.000000 -1.000000 0.000000 

NORMALIZED GUIDE FUNCTION:
0 0.037424 0.0771568 0.118944 0.162519 0.207601 0.253903 0.301129 0.348975 0.397135 0.445302 0.493165 0.54042 0.586763 0.631897 0.675533 0.717392 0.757205 0.794717 0.829688 0.861894 0.891127 0.917201 0.939949 0.959224 0.974903 0.986885 0.995093 0.999474 1 0.996667 0.989497 0.978534 0.96385 0.945537 0.923713 


BIN SEQUENCE:
1 1 1 1 1 1 2 2 2 2 2 2 3 3 3 3 3 3 4 4 4 4 4 5 5 5 6 6 6 6 6 6 5 5 5 4 


SEQUENCE OF PREFERRED BINS:
11  11  11  11  11  11  22  22  22  22  22  22  33  33  33  33  33  33  44  44  44  44  44  55  55  55  66  66  66  66  ...
22  22  22  22  22  22  31  31  31  31  31  31  42  42  42  42  42  42  53  53  53  53  53  64  64  64  55  55  55  55  ...
33  33  33  33  33  33  44  44  44  44  44  44  51  51  51  51  51  51  62  62  62  62  62  33  33  33  44  44  44  44  ...
44  44  44  44  44  44  55  55  55  55  55  55  66  66  66  66  66  66  11  11  11  11  11  22  22  22  33  33  33  33  ...
55  55  55  55  55  55  66  66  66  66  66  66  00  00  00  00  00  00  00  00  00  00  00  11  11  11  22  22  22  22  ...
66  66  66  66  66  66  00  00  00  00  00  00  00  00  00  00  00  00  00  00  00  00  00  00  00  00  11  11  11  11  ...


BIN ALLOCATION OF DISTANCES:
6 5 4 4 3 5 
2 1 4 4 6 6 
5 2 1 2 3 6 
3 5 5 1 2 4 
3 2 1 3 1 3 
5 2 4 6 6 1 


BINS USED:
3 1 1 1 2 1 4 2 2 2 4 1 3 4 3 3 4 5 4 4 5 5 6 6 5 6 6 3 6 5 1 2 6 3 5 0 


TRANSITION SEQUENCE:
-1 0 -1 0 -1 0 0.392857 0.178571 0.202381 -1 0.571429 0 -1 -1 0.380952 0.22619 -1 -1 -1 0.428571 -1 -1 1 -1 -1 0.607143 -1 -1 -1 -1 0 -1 0.77381 -1 -1 0 


CORRELATION COEFFICIENT:          0.319642
DETECTION POWER:                  0.340591

