
Cycle found:
------------
204345440230331122410053501325514215
------------
Valid sequence 


NORMALIZED NEURAL MODEL:
-1.000000 -1.000000 -1.000000 -1.000000 -1.000000 -1.000000 
-1.000000 0.000000 0.392857 0.571429 0.773810 1.000000 
-1.000000 -1.000000 0.000000 0.178571 0.380952 0.607143 
-1.000000 -1.000000 -1.000000 0.000000 0.202381 0.428571 
-1.000000 -1.000000 -1.000000 -1.000000 0.000000 0.226190 
-1.000000 -1.000000 -1.000000 -1.000000 -1.000000 0.000000 

NORMALIZED GUIDE FUNCTION:
0.303754 0.256986 0.213342 0.173107 0.136548 0.103906 0.0754008 0.0512234 0.0315385 0.0164822 0.00616109 0.000651775 0 0.00422047 0.0132966 0.0271808 0.0457941 0.0690275 0.0967418 0.128769 0.164912 0.204949 0.248631 0.295685 0.345817 0.398712 0.454036 0.511439 0.570558 0.631017 0.69243 0.754407 0.81655 0.878461 0.939742 1 


BIN SEQUENCE:
4 4 4 3 3 3 2 2 2 1 1 1 1 1 1 2 2 2 3 3 3 4 4 4 5 5 5 5 5 5 6 6 6 6 6 6 


SEQUENCE OF PREFERRED BINS:
44  44  44  33  33  33  22  22  22  11  11  11  11  11  11  22  22  22  33  33  33  44  44  44  55  55  55  55  55  55  ...
53  53  53  42  42  42  31  31  31  22  22  22  22  22  22  31  31  31  42  42  42  53  53  53  64  64  64  64  64  64  ...
62  62  62  51  51  51  44  44  44  33  33  33  33  33  33  44  44  44  51  51  51  62  62  62  33  33  33  33  33  33  ...
11  11  11  66  66  66  55  55  55  44  44  44  44  44  44  55  55  55  66  66  66  11  11  11  22  22  22  22  22  22  ...
00  00  00  00  00  00  66  66  66  55  55  55  55  55  55  66  66  66  00  00  00  00  00  00  11  11  11  11  11  11  ...
00  00  00  00  00  00  00  00  00  66  66  66  66  66  66  00  00  00  00  00  00  00  00  00  00  00  00  00  00  00  ...


BIN ALLOCATION OF DISTANCES:
4 1 1 1 4 6 
4 2 3 5 6 6 
4 3 2 2 3 6 
1 4 6 2 3 5 
1 5 5 4 2 3 
5 1 6 5 3 2 


BINS USED:
4 4 4 3 3 3 2 1 1 2 1 1 2 4 2 3 2 3 5 4 4 6 5 5 5 1 5 6 6 2 1 6 5 3 6 0 


TRANSITION SEQUENCE:
-1 -1 -1 0.202381 0.22619 -1 0 -1 -1 0.178571 -1 -1 0 -1 0 0.392857 0 0.380952 -1 -1 -1 -1 -1 0.428571 -1 -1 0.571429 -1 0.607143 0 -1 0.77381 -1 -1 1 0 


CORRELATION COEFFICIENT:          0.372934
DETECTION POWER:                  0.307877

