
Cycle found:
------------
331040022344245055213254353015141120
------------
Valid sequence 


NORMALIZED NEURAL MODEL:
-1.000000 -1.000000 -1.000000 -1.000000 -1.000000 -1.000000 
-1.000000 0.000000 0.392857 0.571429 0.773810 1.000000 
-1.000000 -1.000000 0.000000 0.178571 0.380952 0.607143 
-1.000000 -1.000000 -1.000000 0.000000 0.202381 0.428571 
-1.000000 -1.000000 -1.000000 -1.000000 0.000000 0.226190 
-1.000000 -1.000000 -1.000000 -1.000000 -1.000000 0.000000 

NORMALIZED GUIDE FUNCTION:
0 0.022534 0.047893 0.0759176 0.106431 0.13924 0.174137 0.210901 0.249297 0.289083 0.330003 0.371797 0.414198 0.456936 0.499735 0.542323 0.584426 0.625774 0.6661 0.705146 0.74266 0.7784 0.812134 0.843645 0.872729 0.899196 0.922874 0.943608 0.961263 0.975723 0.98689 0.994691 0.999071 1 0.997467 0.991486 


BIN SEQUENCE:
1 1 1 1 1 1 2 2 2 2 2 2 3 3 3 3 3 3 4 4 4 4 4 4 5 5 5 5 5 5 6 6 6 6 6 6 


SEQUENCE OF PREFERRED BINS:
11  11  11  11  11  11  22  22  22  22  22  22  33  33  33  33  33  33  44  44  44  44  44  44  55  55  55  55  55  55  ...
22  22  22  22  22  22  31  31  31  31  31  31  42  42  42  42  42  42  53  53  53  53  53  53  64  64  64  64  64  64  ...
33  33  33  33  33  33  44  44  44  44  44  44  51  51  51  51  51  51  62  62  62  62  62  62  33  33  33  33  33  33  ...
44  44  44  44  44  44  55  55  55  55  55  55  66  66  66  66  66  66  11  11  11  11  11  11  22  22  22  22  22  22  ...
55  55  55  55  55  55  66  66  66  66  66  66  00  00  00  00  00  00  00  00  00  00  00  00  11  11  11  11  11  11  ...
66  66  66  66  66  66  00  00  00  00  00  00  00  00  00  00  00  00  00  00  00  00  00  00  00  00  00  00  00  00  ...


BIN ALLOCATION OF DISTANCES:
3 6 4 2 1 6 
2 2 5 5 6 6 
1 5 2 3 4 5 
5 3 4 2 3 5 
1 4 1 4 2 4 
3 1 1 6 6 3 


BINS USED:
2 3 2 1 1 3 4 2 3 3 2 1 4 4 3 6 3 1 5 5 4 5 6 4 5 6 5 6 6 1 6 4 2 5 1 0 


TRANSITION SEQUENCE:
0 -1 -1 -1 -1 -1 -1 0 0.178571 0.202381 0 -1 0.380952 0.22619 -1 -1 0 -1 -1 0.571429 -1 0.607143 -1 -1 0.428571 -1 -1 -1 1 -1 0.77381 -1 0 0.392857 -1 0 


CORRELATION COEFFICIENT:          0.321415
DETECTION POWER:                  0.421243

