
Cycle found:
------------
553044112233134542035240250051014321
------------
Valid sequence 


NORMALIZED NEURAL MODEL:
-1.000000 -1.000000 -1.000000 -1.000000 -1.000000 -1.000000 
-1.000000 0.000000 0.392857 0.571429 0.773810 1.000000 
-1.000000 -1.000000 0.000000 0.178571 0.380952 0.607143 
-1.000000 -1.000000 -1.000000 0.000000 0.202381 0.428571 
-1.000000 -1.000000 -1.000000 -1.000000 0.000000 0.226190 
-1.000000 -1.000000 -1.000000 -1.000000 -1.000000 0.000000 

NORMALIZED GUIDE FUNCTION:
0 0.0264541 0.0556263 0.0873304 0.121364 0.15751 0.195536 0.235201 0.27625 0.318421 0.361443 0.405043 0.44894 0.492853 0.536501 0.579604 0.621887 0.663078 0.702913 0.741137 0.777504 0.811781 0.843748 0.8732 0.899947 0.923817 0.944657 0.962333 0.97673 0.987755 0.995338 0.999429 1 0.997047 0.990589 0.980666 


BIN SEQUENCE:
1 1 1 1 1 1 2 2 2 2 2 2 3 3 3 3 3 3 4 4 4 4 4 4 5 5 5 5 5 6 6 6 6 6 6 5 


SEQUENCE OF PREFERRED BINS:
11  11  11  11  11  11  22  22  22  22  22  22  33  33  33  33  33  33  44  44  44  44  44  44  55  55  55  55  55  66  ...
22  22  22  22  22  22  31  31  31  31  31  31  42  42  42  42  42  42  53  53  53  53  53  53  64  64  64  64  64  55  ...
33  33  33  33  33  33  44  44  44  44  44  44  51  51  51  51  51  51  62  62  62  62  62  62  33  33  33  33  33  44  ...
44  44  44  44  44  44  55  55  55  55  55  55  66  66  66  66  66  66  11  11  11  11  11  11  22  22  22  22  22  33  ...
55  55  55  55  55  55  66  66  66  66  66  66  00  00  00  00  00  00  00  00  00  00  00  00  11  11  11  11  11  22  ...
66  66  66  66  66  66  00  00  00  00  00  00  00  00  00  00  00  00  00  00  00  00  00  00  00  00  00  00  00  11  ...


BIN ALLOCATION OF DISTANCES:
3 1 3 3 1 1 
6 1 4 5 5 5 
4 1 2 2 4 5 
1 2 3 2 3 4 
6 3 6 6 2 4 
6 6 5 4 5 2 


BINS USED:
2 4 1 1 2 3 1 4 2 2 2 2 5 3 4 5 6 4 3 4 5 4 6 3 5 6 3 1 6 6 1 5 6 3 1 0 


TRANSITION SEQUENCE:
0 -1 -1 -1 0 -1 0 0.392857 0 0.178571 0 -1 0.571429 0.202381 0.22619 -1 -1 -1 -1 0.428571 -1 0.380952 -1 -1 0.607143 -1 -1 -1 -1 -1 -1 0.77381 -1 -1 -1 0 


CORRELATION COEFFICIENT:          0.355555
DETECTION POWER:                  0.335401

