
Cycle found:
------------
411221334314055251001535450232442030
------------
Valid sequence 


NORMALIZED NEURAL MODEL:
-1.000000 -1.000000 -1.000000 -1.000000 -1.000000 -1.000000 
-1.000000 0.000000 0.392857 0.571429 0.773810 1.000000 
-1.000000 -1.000000 0.000000 0.178571 0.380952 0.607143 
-1.000000 -1.000000 -1.000000 0.000000 0.202381 0.428571 
-1.000000 -1.000000 -1.000000 -1.000000 0.000000 0.226190 
-1.000000 -1.000000 -1.000000 -1.000000 -1.000000 0.000000 

NORMALIZED GUIDE FUNCTION:
0.364779 0.437041 0.506632 0.573107 0.636038 0.695024 0.749685 0.799673 0.844666 0.884376 0.918549 0.946965 0.969443 0.985839 0.996046 1 0.997675 0.989086 0.974287 0.953374 0.926479 0.893776 0.855472 0.811815 0.763082 0.709586 0.651669 0.589702 0.524083 0.45523 0.383586 0.309608 0.233771 0.15656 0.0784697 0 


BIN SEQUENCE:
1 2 2 2 3 3 3 4 4 4 5 5 5 6 6 6 6 6 6 5 5 5 4 4 4 3 3 3 2 2 2 1 1 1 1 1 


SEQUENCE OF PREFERRED BINS:
11  22  22  22  33  33  33  44  44  44  55  55  55  66  66  66  66  66  66  55  55  55  44  44  44  33  33  33  22  22  ...
22  31  31  31  42  42  42  53  53  53  64  64  64  55  55  55  55  55  55  64  64  64  53  53  53  42  42  42  31  31  ...
33  44  44  44  51  51  51  62  62  62  33  33  33  44  44  44  44  44  44  33  33  33  62  62  62  51  51  51  44  44  ...
44  55  55  55  66  66  66  11  11  11  22  22  22  33  33  33  33  33  33  22  22  22  11  11  11  66  66  66  55  55  ...
55  66  66  66  00  00  00  00  00  00  11  11  11  22  22  22  22  22  22  11  11  11  00  00  00  00  00  00  66  66  ...
66  00  00  00  00  00  00  00  00  00  00  00  00  11  11  11  11  11  11  00  00  00  00  00  00  00  00  00  00  00  ...


BIN ALLOCATION OF DISTANCES:
3 2 1 1 2 5 
6 2 5 5 6 6 
1 3 2 4 5 6 
6 4 6 3 4 5 
5 1 3 4 3 4 
1 2 3 2 1 4 


BINS USED:
1 2 5 2 3 5 3 4 4 4 6 5 5 4 3 6 2 6 3 2 6 2 5 1 4 1 1 4 6 5 3 3 1 1 6 0 


TRANSITION SEQUENCE:
-1 0 0.392857 0 -1 0.571429 0 0.202381 -1 -1 0.77381 -1 -1 0 -1 0.607143 -1 -1 -1 -1 1 -1 0.428571 -1 0.22619 -1 -1 0.178571 -1 0.380952 0 -1 -1 -1 -1 0 


CORRELATION COEFFICIENT:          0.313969
DETECTION POWER:                  0.269351

