
Cycle found:
------------
005110413450243525401442032122315533
------------
Valid sequence 


NORMALIZED NEURAL MODEL:
-1.000000 -1.000000 -1.000000 -1.000000 -1.000000 -1.000000 
-1.000000 0.000000 0.392857 0.571429 0.773810 1.000000 
-1.000000 -1.000000 0.000000 0.178571 0.380952 0.607143 
-1.000000 -1.000000 -1.000000 0.000000 0.202381 0.428571 
-1.000000 -1.000000 -1.000000 -1.000000 0.000000 0.226190 
-1.000000 -1.000000 -1.000000 -1.000000 -1.000000 0.000000 

NORMALIZED GUIDE FUNCTION:
0 0.0926156 0.183506 0.272087 0.357791 0.440067 0.518386 0.592244 0.661166 0.724708 0.782459 0.834047 0.879139 0.917441 0.948705 0.972726 0.989348 0.99846 1 0.993953 0.980356 0.95929 0.930887 0.895325 0.852828 0.803666 0.748148 0.686629 0.619499 0.547184 0.470147 0.388877 0.303893 0.215739 0.124976 0.0321852 


BIN SEQUENCE:
1 1 1 2 2 2 3 3 3 4 4 4 5 5 5 6 6 6 6 6 6 5 5 5 4 4 4 3 3 3 2 2 2 1 1 1 


SEQUENCE OF PREFERRED BINS:
11  11  11  22  22  22  33  33  33  44  44  44  55  55  55  66  66  66  66  66  66  55  55  55  44  44  44  33  33  33  ...
22  22  22  31  31  31  42  42  42  53  53  53  64  64  64  55  55  55  55  55  55  64  64  64  53  53  53  42  42  42  ...
33  33  33  44  44  44  51  51  51  62  62  62  33  33  33  44  44  44  44  44  44  33  33  33  62  62  62  51  51  51  ...
44  44  44  55  55  55  66  66  66  11  11  11  22  22  22  33  33  33  33  33  33  22  22  22  11  11  11  66  66  66  ...
55  55  55  66  66  66  00  00  00  00  00  00  11  11  11  22  22  22  22  22  22  11  11  11  00  00  00  00  00  00  ...
66  66  66  00  00  00  00  00  00  00  00  00  00  00  00  11  11  11  11  11  11  00  00  00  00  00  00  00  00  00  ...


BIN ALLOCATION OF DISTANCES:
1 6 4 5 3 3 
4 1 5 5 6 6 
4 3 1 2 5 6 
4 2 4 1 3 5 
2 3 2 5 1 3 
4 1 6 2 6 2 


BINS USED:
1 3 1 1 4 3 3 5 3 3 4 4 5 5 5 6 6 6 2 6 6 1 2 4 5 4 3 5 1 2 2 6 2 2 1 0 


TRANSITION SEQUENCE:
-1 -1 -1 0 -1 -1 -1 0.571429 0.202381 0.22619 -1 -1 0.380952 -1 0.428571 -1 0.607143 -1 -1 -1 0.77381 0 -1 -1 -1 -1 -1 0.392857 0 0.178571 -1 1 0 -1 0 0 


CORRELATION COEFFICIENT:          0.261756
DETECTION POWER:                  0.190999

