
Cycle found:
------------
522112334432045024253551314005410301
------------
Valid sequence 


NORMALIZED NEURAL MODEL:
-1.000000 -1.000000 -1.000000 -1.000000 -1.000000 -1.000000 
-1.000000 0.000000 0.392857 0.571429 0.773810 1.000000 
-1.000000 -1.000000 0.000000 0.178571 0.380952 0.607143 
-1.000000 -1.000000 -1.000000 0.000000 0.202381 0.428571 
-1.000000 -1.000000 -1.000000 -1.000000 0.000000 0.226190 
-1.000000 -1.000000 -1.000000 -1.000000 -1.000000 0.000000 

NORMALIZED GUIDE FUNCTION:
0 0.0446263 0.0912239 0.139496 0.189135 0.239823 0.291238 0.34305 0.394927 0.446537 0.497549 0.547636 0.596476 0.643755 0.689169 0.732424 0.773242 0.811359 0.846528 0.878522 0.907132 0.932172 0.95348 0.970913 0.984359 0.993727 0.998953 1 0.996858 0.989544 0.9781 0.962596 0.943129 0.919818 0.892812 0.862278 


BIN SEQUENCE:
1 1 1 1 1 1 2 2 2 2 2 2 3 3 3 3 3 3 4 4 4 5 5 5 6 6 6 6 6 6 5 5 5 4 4 4 


SEQUENCE OF PREFERRED BINS:
11  11  11  11  11  11  22  22  22  22  22  22  33  33  33  33  33  33  44  44  44  55  55  55  66  66  66  66  66  66  ...
22  22  22  22  22  22  31  31  31  31  31  31  42  42  42  42  42  42  53  53  53  64  64  64  55  55  55  55  55  55  ...
33  33  33  33  33  33  44  44  44  44  44  44  51  51  51  51  51  51  62  62  62  33  33  33  44  44  44  44  44  44  ...
44  44  44  44  44  44  55  55  55  55  55  55  66  66  66  66  66  66  11  11  11  22  22  22  33  33  33  33  33  33  ...
55  55  55  55  55  55  66  66  66  66  66  66  00  00  00  00  00  00  00  00  00  11  11  11  22  22  22  22  22  22  ...
66  66  66  66  66  66  00  00  00  00  00  00  00  00  00  00  00  00  00  00  00  00  00  00  11  11  11  11  11  11  ...


BIN ALLOCATION OF DISTANCES:
6 1 3 1 3 4 
6 1 4 5 6 6 
3 2 1 2 4 6 
5 5 4 1 4 5 
6 5 5 3 2 4 
3 2 1 3 2 2 


BINS USED:
1 1 2 1 4 2 1 4 2 3 4 3 3 4 3 3 4 5 6 3 5 2 2 5 5 6 6 6 4 2 5 6 1 5 1 0 


TRANSITION SEQUENCE:
-1 0 -1 0 0.392857 0.178571 0 0.202381 0 -1 -1 -1 -1 0.22619 -1 -1 0.380952 -1 0.607143 -1 0.428571 0 -1 0.571429 -1 0.77381 -1 -1 -1 -1 -1 -1 -1 -1 -1 0 


CORRELATION COEFFICIENT:          0.371937
DETECTION POWER:                  0.431026

