
Cycle found:
------------
430445112232133425535415003140201052
------------
Valid sequence 


NORMALIZED NEURAL MODEL:
-1.000000 -1.000000 -1.000000 -1.000000 -1.000000 -1.000000 
-1.000000 0.000000 0.392857 0.571429 0.773810 1.000000 
-1.000000 -1.000000 0.000000 0.178571 0.380952 0.607143 
-1.000000 -1.000000 -1.000000 0.000000 0.202381 0.428571 
-1.000000 -1.000000 -1.000000 -1.000000 0.000000 0.226190 
-1.000000 -1.000000 -1.000000 -1.000000 -1.000000 0.000000 

NORMALIZED GUIDE FUNCTION:
0 0.0208997 0.0446681 0.0711557 0.100196 0.131604 0.165182 0.200717 0.237982 0.276741 0.316746 0.357743 0.39947 0.44166 0.484043 0.526348 0.568304 0.609641 0.650093 0.689402 0.727313 0.763582 0.797976 0.830273 0.860262 0.88775 0.912559 0.934526 0.953509 0.969382 0.982042 0.991403 0.997403 1 0.999174 0.994928 


BIN SEQUENCE:
1 1 1 1 1 1 2 2 2 2 2 2 3 3 3 3 3 3 4 4 4 4 4 4 5 5 5 5 5 5 6 6 6 6 6 6 


SEQUENCE OF PREFERRED BINS:
11  11  11  11  11  11  22  22  22  22  22  22  33  33  33  33  33  33  44  44  44  44  44  44  55  55  55  55  55  55  ...
22  22  22  22  22  22  31  31  31  31  31  31  42  42  42  42  42  42  53  53  53  53  53  53  64  64  64  64  64  64  ...
33  33  33  33  33  33  44  44  44  44  44  44  51  51  51  51  51  51  62  62  62  62  62  62  33  33  33  33  33  33  ...
44  44  44  44  44  44  55  55  55  55  55  55  66  66  66  66  66  66  11  11  11  11  11  11  22  22  22  22  22  22  ...
55  55  55  55  55  55  66  66  66  66  66  66  00  00  00  00  00  00  00  00  00  00  00  00  11  11  11  11  11  11  ...
66  66  66  66  66  66  00  00  00  00  00  00  00  00  00  00  00  00  00  00  00  00  00  00  00  00  00  00  00  00  ...


BIN ALLOCATION OF DISTANCES:
6 1 2 2 1 1 
6 1 4 5 6 6 
6 4 2 3 4 5 
2 5 2 3 4 5 
6 5 5 3 3 4 
2 1 1 4 3 3 


BINS USED:
3 2 1 3 4 1 1 4 2 3 2 4 5 3 4 5 5 3 4 5 3 5 6 2 6 2 5 6 6 2 6 1 6 1 1 0 


TRANSITION SEQUENCE:
-1 -1 -1 0 0.22619 -1 0 0.392857 0 0.178571 -1 -1 0.571429 0 0.202381 -1 0.607143 0 -1 0.428571 -1 -1 1 -1 -1 -1 -1 0.77381 -1 -1 -1 -1 -1 -1 -1 0 


CORRELATION COEFFICIENT:          0.240633
DETECTION POWER:                  0.296959

