
Cycle found:
------------
500214553122330324043411351052544201
------------
Valid sequence 


NORMALIZED NEURAL MODEL:
-1.000000 -1.000000 -1.000000 -1.000000 -1.000000 -1.000000 
-1.000000 0.000000 0.392857 0.571429 0.773810 1.000000 
-1.000000 -1.000000 0.000000 0.178571 0.380952 0.607143 
-1.000000 -1.000000 -1.000000 0.000000 0.202381 0.428571 
-1.000000 -1.000000 -1.000000 -1.000000 0.000000 0.226190 
-1.000000 -1.000000 -1.000000 -1.000000 -1.000000 0.000000 

NORMALIZED GUIDE FUNCTION:
1 0.911017 0.823417 0.737758 0.654588 0.574437 0.497817 0.425216 0.357095 0.293887 0.235993 0.18378 0.137579 0.0976799 0.0643342 0.0377505 0.018094 0.0054853 0 0.00166789 0.010473 0.0263536 0.0492027 0.078869 0.115157 0.15783 0.20661 0.26118 0.321185 0.386239 0.45592 0.529779 0.607341 0.688104 0.771551 0.857144 


BIN SEQUENCE:
6 6 6 6 5 5 5 4 4 4 3 3 3 2 2 2 1 1 1 1 1 1 2 2 2 3 3 3 4 4 4 5 5 5 6 6 


SEQUENCE OF PREFERRED BINS:
66  66  66  66  55  55  55  44  44  44  33  33  33  22  22  22  11  11  11  11  11  11  22  22  22  33  33  33  44  44  ...
55  55  55  55  64  64  64  53  53  53  42  42  42  31  31  31  22  22  22  22  22  22  31  31  31  42  42  42  53  53  ...
44  44  44  44  33  33  33  62  62  62  51  51  51  44  44  44  33  33  33  33  33  33  44  44  44  51  51  51  62  62  ...
33  33  33  33  22  22  22  11  11  11  66  66  66  55  55  55  44  44  44  44  44  44  55  55  55  66  66  66  11  11  ...
22  22  22  22  11  11  11  00  00  00  00  00  00  66  66  66  55  55  55  55  55  55  66  66  66  00  00  00  00  00  ...
11  11  11  11  00  00  00  00  00  00  00  00  00  00  00  00  66  66  66  66  66  66  00  00  00  00  00  00  00  00  ...


BIN ALLOCATION OF DISTANCES:
6 5 5 3 1 4 
6 1 4 5 5 6 
6 6 3 3 4 5 
2 4 1 3 4 5 
1 1 2 1 3 4 
6 2 2 2 2 3 


BINS USED:
6 6 5 6 5 4 3 2 4 4 3 3 3 2 3 1 4 1 1 1 4 1 1 5 5 2 6 4 2 5 2 3 2 6 5 0 


TRANSITION SEQUENCE:
-1 -1 -1 -1 0.77381 0.22619 0 -1 -1 0.392857 0 0.178571 0 -1 -1 -1 0.380952 -1 -1 -1 0.202381 -1 0 0.571429 0.428571 -1 -1 -1 -1 0.607143 -1 0 -1 -1 -1 0 


CORRELATION COEFFICIENT:          -0.0208301
DETECTION POWER:                  0.201567

