
Cycle found:
------------
505110131220402452354434214153300325
------------
Valid sequence 


NORMALIZED NEURAL MODEL:
-1.000000 -1.000000 -1.000000 -1.000000 -1.000000 -1.000000 
-1.000000 0.000000 0.392857 0.571429 0.773810 1.000000 
-1.000000 -1.000000 0.000000 0.178571 0.380952 0.607143 
-1.000000 -1.000000 -1.000000 0.000000 0.202381 0.428571 
-1.000000 -1.000000 -1.000000 -1.000000 0.000000 0.226190 
-1.000000 -1.000000 -1.000000 -1.000000 -1.000000 0.000000 

NORMALIZED GUIDE FUNCTION:
0 0.0583506 0.117872 0.178184 0.238899 0.299629 0.359986 0.419582 0.478035 0.534971 0.590025 0.642845 0.693091 0.740441 0.784591 0.825259 0.862183 0.895126 0.923877 0.94825 0.968089 0.983266 0.993684 0.999274 1 0.995857 0.98687 0.973097 0.954625 0.931571 0.904082 0.872335 0.83653 0.796898 0.753692 0.707187 


BIN SEQUENCE:
1 1 1 1 1 1 2 2 2 2 2 2 3 3 3 4 4 4 5 5 5 6 6 6 6 6 6 5 5 5 4 4 4 3 3 3 


SEQUENCE OF PREFERRED BINS:
11  11  11  11  11  11  22  22  22  22  22  22  33  33  33  44  44  44  55  55  55  66  66  66  66  66  66  55  55  55  ...
22  22  22  22  22  22  31  31  31  31  31  31  42  42  42  53  53  53  64  64  64  55  55  55  55  55  55  64  64  64  ...
33  33  33  33  33  33  44  44  44  44  44  44  51  51  51  62  62  62  33  33  33  44  44  44  44  44  44  33  33  33  ...
44  44  44  44  44  44  55  55  55  55  55  55  66  66  66  11  11  11  22  22  22  33  33  33  33  33  33  22  22  22  ...
55  55  55  55  55  55  66  66  66  66  66  66  00  00  00  00  00  00  11  11  11  22  22  22  22  22  22  11  11  11  ...
66  66  66  66  66  66  00  00  00  00  00  00  00  00  00  00  00  00  00  00  00  11  11  11  11  11  11  00  00  00  ...


BIN ALLOCATION OF DISTANCES:
6 2 5 6 3 1 
3 2 5 5 6 6 
3 6 2 4 4 6 
1 2 1 3 4 5 
3 1 1 1 3 4 
2 2 4 5 5 4 


BINS USED:
2 1 2 2 3 2 5 2 5 2 3 3 3 5 4 4 4 4 5 5 3 1 4 1 6 6 1 6 5 3 1 6 6 1 6 0 


TRANSITION SEQUENCE:
-1 -1 -1 0 -1 -1 0.571429 -1 0.392857 0 -1 -1 -1 -1 0.380952 0.22619 -1 0.178571 0.428571 -1 0 -1 0.202381 -1 -1 0.77381 -1 1 -1 0 -1 -1 -1 -1 0.607143 0 


CORRELATION COEFFICIENT:          0.117049
DETECTION POWER:                  0.262783

