
Cycle found:
------------
110122023345414252404431503005513532
------------
Valid sequence 


NORMALIZED NEURAL MODEL:
-1.000000 -1.000000 -1.000000 -1.000000 -1.000000 -1.000000 
-1.000000 0.000000 0.392857 0.571429 0.773810 1.000000 
-1.000000 -1.000000 0.000000 0.178571 0.380952 0.607143 
-1.000000 -1.000000 -1.000000 0.000000 0.202381 0.428571 
-1.000000 -1.000000 -1.000000 -1.000000 0.000000 0.226190 
-1.000000 -1.000000 -1.000000 -1.000000 -1.000000 0.000000 

NORMALIZED GUIDE FUNCTION:
0 0.0762921 0.152405 0.22785 0.302144 0.37481 0.445382 0.513407 0.578447 0.640084 0.69792 0.751584 0.800729 0.845037 0.884222 0.918031 0.946242 0.968673 0.985175 0.995641 1 0.99822 0.990309 0.976314 0.956322 0.930457 0.898881 0.861794 0.81943 0.772058 0.719978 0.663521 0.603046 0.538939 0.471608 0.401483 


BIN SEQUENCE:
1 1 1 1 1 1 2 2 2 3 3 3 4 4 4 5 5 5 6 6 6 6 6 6 5 5 5 4 4 4 3 3 3 2 2 2 


SEQUENCE OF PREFERRED BINS:
11  11  11  11  11  11  22  22  22  33  33  33  44  44  44  55  55  55  66  66  66  66  66  66  55  55  55  44  44  44  ...
22  22  22  22  22  22  31  31  31  42  42  42  53  53  53  64  64  64  55  55  55  55  55  55  64  64  64  53  53  53  ...
33  33  33  33  33  33  44  44  44  51  51  51  62  62  62  33  33  33  44  44  44  44  44  44  33  33  33  62  62  62  ...
44  44  44  44  44  44  55  55  55  66  66  66  11  11  11  22  22  22  33  33  33  33  33  33  22  22  22  11  11  11  ...
55  55  55  55  55  55  66  66  66  00  00  00  00  00  00  11  11  11  22  22  22  22  22  22  11  11  11  00  00  00  ...
66  66  66  66  66  66  00  00  00  00  00  00  00  00  00  00  00  00  11  11  11  11  11  11  00  00  00  00  00  00  ...


BIN ALLOCATION OF DISTANCES:
6 1 3 5 6 6 
2 1 3 4 4 6 
2 5 1 2 3 4 
4 5 5 1 3 4 
6 5 3 2 2 3 
6 1 5 1 4 2 


BINS USED:
1 2 1 3 1 2 3 2 1 3 3 4 5 4 3 4 5 3 6 6 2 2 5 6 6 5 4 6 6 2 1 4 4 1 5 0 


TRANSITION SEQUENCE:
0 -1 -1 0.392857 0 -1 -1 0.178571 0 0.202381 0.22619 -1 -1 0.77381 -1 0.607143 -1 0.380952 -1 -1 0 -1 -1 1 -1 -1 -1 -1 -1 0 -1 0.571429 0.428571 -1 -1 0 


CORRELATION COEFFICIENT:          0.314637
DETECTION POWER:                  0.321935

