
Cycle found:
------------
420503551253452430041102132233154014
------------
Valid sequence 


NORMALIZED NEURAL MODEL:
-1.000000 -1.000000 -1.000000 -1.000000 -1.000000 -1.000000 
-1.000000 0.000000 0.392857 0.571429 0.773810 1.000000 
-1.000000 -1.000000 0.000000 0.178571 0.380952 0.607143 
-1.000000 -1.000000 -1.000000 0.000000 0.202381 0.428571 
-1.000000 -1.000000 -1.000000 -1.000000 0.000000 0.226190 
-1.000000 -1.000000 -1.000000 -1.000000 -1.000000 0.000000 

NORMALIZED GUIDE FUNCTION:
1 0.93786 0.874809 0.81125 0.747592 0.684242 0.621604 0.560082 0.500068 0.441946 0.38609 0.332856 0.282586 0.235601 0.192202 0.152667 0.11725 0.0861761 0.0596451 0.0378267 0.0208604 0.00885473 0.00188644 0 0.00320734 0.0114878 0.0247881 0.0430229 0.0660754 0.0937977 0.126012 0.162512 0.203064 0.247408 0.295259 0.346312 


BIN SEQUENCE:
6 6 6 6 6 6 5 5 5 5 5 4 4 4 3 3 3 2 2 2 1 1 1 1 1 1 2 2 2 3 3 3 4 4 4 5 


SEQUENCE OF PREFERRED BINS:
66  66  66  66  66  66  55  55  55  55  55  44  44  44  33  33  33  22  22  22  11  11  11  11  11  11  22  22  22  33  ...
55  55  55  55  55  55  64  64  64  64  64  53  53  53  42  42  42  31  31  31  22  22  22  22  22  22  31  31  31  42  ...
44  44  44  44  44  44  33  33  33  33  33  62  62  62  51  51  51  44  44  44  33  33  33  33  33  33  44  44  44  51  ...
33  33  33  33  33  33  22  22  22  22  22  11  11  11  66  66  66  55  55  55  44  44  44  44  44  44  55  55  55  66  ...
22  22  22  22  22  22  11  11  11  11  11  00  00  00  00  00  00  66  66  66  55  55  55  55  55  55  66  66  66  00  ...
11  11  11  11  11  11  00  00  00  00  00  00  00  00  00  00  00  00  00  00  66  66  66  66  66  66  00  00  00  00  ...


BIN ALLOCATION OF DISTANCES:
3 1 1 5 1 6 
2 2 5 5 6 6 
6 1 2 4 4 5 
3 3 3 3 4 5 
6 2 6 3 4 4 
5 2 1 2 1 4 


BINS USED:
6 6 6 5 5 5 4 2 5 5 2 4 4 1 4 3 3 3 1 2 2 2 1 1 5 3 2 4 3 3 6 1 6 1 6 0 


TRANSITION SEQUENCE:
-1 -1 -1 -1 -1 0.428571 0 -1 0.392857 0.607143 -1 0.202381 0.22619 -1 0.380952 -1 -1 -1 -1 -1 0 -1 -1 -1 0.571429 -1 0 0.178571 0 -1 1 -1 -1 -1 0.77381 0 


CORRELATION COEFFICIENT:          0.0300464
DETECTION POWER:                  0.167706

