Unable to find a valid Hamiltonian Circuit.
Elapsed time: 2 seconds. Trying again...

Cycle found:
------------
445510052431253541321501140234220330
------------
Valid sequence 


NORMALIZED NEURAL MODEL:
-1.000000 -1.000000 -1.000000 -1.000000 -1.000000 -1.000000 
-1.000000 0.000000 0.392857 0.571429 0.773810 1.000000 
-1.000000 -1.000000 0.000000 0.178571 0.380952 0.607143 
-1.000000 -1.000000 -1.000000 0.000000 0.202381 0.428571 
-1.000000 -1.000000 -1.000000 -1.000000 0.000000 0.226190 
-1.000000 -1.000000 -1.000000 -1.000000 -1.000000 0.000000 

NORMALIZED GUIDE FUNCTION:
0.369736 0.441887 0.51132 0.577593 0.640281 0.698986 0.753332 0.802973 0.847594 0.88691 0.920673 0.948667 0.970716 0.986681 0.996463 1 0.997273 0.988302 0.973147 0.951907 0.924721 0.891764 0.853251 0.809431 0.760585 0.707029 0.649108 0.587193 0.521685 0.453002 0.381586 0.307896 0.232405 0.155596 0.0779617 0 


BIN SEQUENCE:
1 2 2 2 3 3 3 4 4 4 5 5 5 6 6 6 6 6 6 5 5 5 4 4 4 3 3 3 2 2 2 1 1 1 1 1 


SEQUENCE OF PREFERRED BINS:
11  22  22  22  33  33  33  44  44  44  55  55  55  66  66  66  66  66  66  55  55  55  44  44  44  33  33  33  22  22  ...
22  31  31  31  42  42  42  53  53  53  64  64  64  55  55  55  55  55  55  64  64  64  53  53  53  42  42  42  31  31  ...
33  44  44  44  51  51  51  62  62  62  33  33  33  44  44  44  44  44  44  33  33  33  62  62  62  51  51  51  44  44  ...
44  55  55  55  66  66  66  11  11  11  22  22  22  33  33  33  33  33  33  22  22  22  11  11  11  66  66  66  55  55  ...
55  66  66  66  00  00  00  00  00  00  11  11  11  22  22  22  22  22  22  11  11  11  00  00  00  00  00  00  66  66  ...
66  00  00  00  00  00  00  00  00  00  00  00  00  11  11  11  11  11  11  00  00  00  00  00  00  00  00  00  00  00  ...


BIN ALLOCATION OF DISTANCES:
4 5 2 1 2 2 
3 1 5 6 6 6 
2 3 1 2 5 6 
3 5 3 1 2 6 
4 6 5 4 1 3 
4 3 4 5 4 1 


BINS USED:
1 3 1 3 3 4 2 4 5 4 5 5 6 5 6 4 6 6 3 3 6 4 5 1 6 4 2 2 2 5 1 2 1 1 3 0 


TRANSITION SEQUENCE:
0 0.22619 0 -1 -1 -1 -1 -1 0.380952 -1 -1 0.392857 0.607143 -1 0.428571 -1 -1 0.571429 -1 -1 1 -1 -1 0 0.77381 -1 -1 0.178571 0.202381 -1 0 -1 -1 0 -1 0 


CORRELATION COEFFICIENT:          0.508895
DETECTION POWER:                  0.414067

