
Cycle found:
------------
223302450321004125351315434055201144
------------
Valid sequence 


NORMALIZED NEURAL MODEL:
-1.000000 -1.000000 -1.000000 -1.000000 -1.000000 -1.000000 
-1.000000 0.000000 0.392857 0.571429 0.773810 1.000000 
-1.000000 -1.000000 0.000000 0.178571 0.380952 0.607143 
-1.000000 -1.000000 -1.000000 0.000000 0.202381 0.428571 
-1.000000 -1.000000 -1.000000 -1.000000 0.000000 0.226190 
-1.000000 -1.000000 -1.000000 -1.000000 -1.000000 0.000000 

NORMALIZED GUIDE FUNCTION:
0 0.0475872 0.0969869 0.147883 0.199948 0.252849 0.306247 0.359801 0.413166 0.466002 0.51797 0.568737 0.617979 0.66538 0.710638 0.753463 0.793582 0.830737 0.864693 0.895231 0.922157 0.9453 0.964512 0.979671 0.99068 0.997471 1 0.998252 0.99224 0.982003 0.967607 0.949145 0.926737 0.900527 0.870683 0.837398 


BIN SEQUENCE:
1 1 1 1 1 1 2 2 2 2 2 2 3 3 3 3 3 3 4 4 4 5 5 5 6 6 6 6 6 6 5 5 5 4 4 4 


SEQUENCE OF PREFERRED BINS:
11  11  11  11  11  11  22  22  22  22  22  22  33  33  33  33  33  33  44  44  44  55  55  55  66  66  66  66  66  66  ...
22  22  22  22  22  22  31  31  31  31  31  31  42  42  42  42  42  42  53  53  53  64  64  64  55  55  55  55  55  55  ...
33  33  33  33  33  33  44  44  44  44  44  44  51  51  51  51  51  51  62  62  62  33  33  33  44  44  44  44  44  44  ...
44  44  44  44  44  44  55  55  55  55  55  55  66  66  66  66  66  66  11  11  11  22  22  22  33  33  33  33  33  33  ...
55  55  55  55  55  55  66  66  66  66  66  66  00  00  00  00  00  00  00  00  00  11  11  11  22  22  22  22  22  22  ...
66  66  66  66  66  66  00  00  00  00  00  00  00  00  00  00  00  00  00  00  00  00  00  00  11  11  11  11  11  11  ...


BIN ALLOCATION OF DISTANCES:
5 6 1 2 5 6 
2 1 4 4 5 5 
6 4 1 3 3 5 
2 5 2 1 3 4 
3 3 4 6 1 3 
2 2 6 4 6 1 


BINS USED:
1 3 1 2 1 3 3 2 2 2 4 2 5 5 3 4 5 4 4 2 4 5 5 6 6 3 3 6 1 6 6 6 1 5 1 0 


TRANSITION SEQUENCE:
0 0.178571 0 -1 -1 0.380952 0.22619 -1 -1 -1 -1 -1 -1 -1 -1 0.392857 0.607143 -1 0.428571 -1 0.571429 -1 1 -1 -1 0.202381 -1 -1 0 -1 -1 -1 0 0.77381 0 0 


CORRELATION COEFFICIENT:          0.249519
DETECTION POWER:                  0.406216

