
Cycle found:
------------
004223202452125131415354344011055033
------------
Valid sequence 


NORMALIZED NEURAL MODEL:
-1.000000 -1.000000 -1.000000 -1.000000 -1.000000 -1.000000 
-1.000000 0.000000 0.392857 0.571429 0.773810 1.000000 
-1.000000 -1.000000 0.000000 0.178571 0.380952 0.607143 
-1.000000 -1.000000 -1.000000 0.000000 0.202381 0.428571 
-1.000000 -1.000000 -1.000000 -1.000000 0.000000 0.226190 
-1.000000 -1.000000 -1.000000 -1.000000 -1.000000 0.000000 

NORMALIZED GUIDE FUNCTION:
0 0.0859864 0.170988 0.254455 0.335843 0.41462 0.490271 0.562296 0.630217 0.693581 0.751964 0.80497 0.852236 0.893438 0.928286 0.956532 0.977968 0.99243 0.999799 1 0.993004 0.978828 0.957537 0.92924 0.894093 0.852295 0.80409 0.749764 0.689643 0.624093 0.553514 0.478341 0.39904 0.316106 0.230059 0.14144 


BIN SEQUENCE:
1 1 1 1 2 2 2 3 3 3 4 4 4 5 5 5 6 6 6 6 6 6 5 5 5 4 4 4 3 3 3 2 2 2 1 1 


SEQUENCE OF PREFERRED BINS:
11  11  11  11  22  22  22  33  33  33  44  44  44  55  55  55  66  66  66  66  66  66  55  55  55  44  44  44  33  33  ...
22  22  22  22  31  31  31  42  42  42  53  53  53  64  64  64  55  55  55  55  55  55  64  64  64  53  53  53  42  42  ...
33  33  33  33  44  44  44  51  51  51  62  62  62  33  33  33  44  44  44  44  44  44  33  33  33  62  62  62  51  51  ...
44  44  44  44  55  55  55  66  66  66  11  11  11  22  22  22  33  33  33  33  33  33  22  22  22  11  11  11  66  66  ...
55  55  55  55  66  66  66  00  00  00  00  00  00  11  11  11  22  22  22  22  22  22  11  11  11  00  00  00  00  00  ...
66  66  66  66  00  00  00  00  00  00  00  00  00  00  00  00  11  11  11  11  11  11  00  00  00  00  00  00  00  00  ...


BIN ALLOCATION OF DISTANCES:
1 2 4 6 1 2 
4 1 4 5 6 6 
3 4 1 3 3 6 
1 5 2 1 3 4 
3 6 2 5 2 3 
5 5 4 6 5 2 


BINS USED:
1 1 2 1 3 2 3 4 3 3 4 4 4 6 5 5 5 6 6 6 6 4 5 5 3 2 3 2 1 4 2 2 5 6 1 0 


TRANSITION SEQUENCE:
-1 -1 -1 0 0.178571 -1 -1 -1 0.380952 0.22619 -1 -1 0.392857 0.607143 -1 0.571429 -1 0.77381 -1 1 -1 0.428571 -1 -1 0.202381 0 -1 -1 0 -1 -1 0 -1 -1 0 0 


CORRELATION COEFFICIENT:          0.459557
DETECTION POWER:                  0.568162

