
Cycle found:
------------
223451203543253015210240550044113314
------------
Valid sequence 


NORMALIZED NEURAL MODEL:
-1.000000 -1.000000 -1.000000 -1.000000 -1.000000 -1.000000 
-1.000000 0.000000 0.392857 0.571429 0.773810 1.000000 
-1.000000 -1.000000 0.000000 0.178571 0.380952 0.607143 
-1.000000 -1.000000 -1.000000 0.000000 0.202381 0.428571 
-1.000000 -1.000000 -1.000000 -1.000000 0.000000 0.226190 
-1.000000 -1.000000 -1.000000 -1.000000 -1.000000 0.000000 

NORMALIZED GUIDE FUNCTION:
0.244955 0.325649 0.403789 0.478879 0.550443 0.618026 0.681201 0.739571 0.792768 0.840458 0.882344 0.918164 0.947699 0.970768 0.987231 0.996993 1 0.996242 0.985752 0.968607 0.944925 0.914868 0.878636 0.83647 0.788648 0.735483 0.677324 0.61455 0.547569 0.476816 0.402749 0.325846 0.246604 0.165533 0.0831555 0 


BIN SEQUENCE:
1 1 2 2 3 3 3 4 4 4 5 5 5 6 6 6 6 6 6 5 5 5 4 4 4 3 3 3 2 2 2 2 1 1 1 1 


SEQUENCE OF PREFERRED BINS:
11  11  22  22  33  33  33  44  44  44  55  55  55  66  66  66  66  66  66  55  55  55  44  44  44  33  33  33  22  22  ...
22  22  31  31  42  42  42  53  53  53  64  64  64  55  55  55  55  55  55  64  64  64  53  53  53  42  42  42  31  31  ...
33  33  44  44  51  51  51  62  62  62  33  33  33  44  44  44  44  44  44  33  33  33  62  62  62  51  51  51  44  44  ...
44  44  55  55  66  66  66  11  11  11  22  22  22  33  33  33  33  33  33  22  22  22  11  11  11  66  66  66  55  55  ...
55  55  66  66  00  00  00  00  00  00  11  11  11  22  22  22  22  22  22  11  11  11  00  00  00  00  00  00  66  66  ...
66  66  00  00  00  00  00  00  00  00  00  00  00  11  11  11  11  11  11  00  00  00  00  00  00  00  00  00  00  00  ...


BIN ALLOCATION OF DISTANCES:
3 6 5 5 1 5 
5 1 3 4 6 6 
3 6 1 2 3 6 
4 3 5 1 2 4 
4 3 1 5 1 2 
2 2 4 6 4 2 


BINS USED:
1 2 2 2 2 3 3 5 4 4 5 5 6 6 4 6 6 4 6 5 5 3 4 5 2 2 3 1 1 3 1 4 1 3 6 0 


TRANSITION SEQUENCE:
0 0.178571 0.202381 0.22619 -1 0.392857 -1 -1 0.428571 -1 -1 -1 0.607143 -1 -1 -1 1 -1 -1 -1 -1 0.380952 -1 -1 0 -1 -1 -1 0 -1 0 0.571429 0 -1 0.77381 0 


CORRELATION COEFFICIENT:          0.276224
DETECTION POWER:                  0.272574

