
Cycle found:
------------
504013120053541021155223324430342514
------------
Valid sequence 


NORMALIZED NEURAL MODEL:
-1.000000 -1.000000 -1.000000 -1.000000 -1.000000 -1.000000 
-1.000000 0.000000 0.392857 0.571429 0.773810 1.000000 
-1.000000 -1.000000 0.000000 0.178571 0.380952 0.607143 
-1.000000 -1.000000 -1.000000 0.000000 0.202381 0.428571 
-1.000000 -1.000000 -1.000000 -1.000000 0.000000 0.226190 
-1.000000 -1.000000 -1.000000 -1.000000 -1.000000 0.000000 

NORMALIZED GUIDE FUNCTION:
1 0.935545 0.870339 0.804801 0.739349 0.674403 0.61038 0.547689 0.486732 0.427899 0.371569 0.318102 0.267842 0.22111 0.178207 0.139408 0.104963 0.0750925 0.0499891 0.0298142 0.0146982 0.00473851 0 0.000513896 0.00627783 0.0172558 0.0333784 0.0545432 0.0806156 0.111429 0.146788 0.186466 0.23021 0.27774 0.328752 0.382921 


BIN SEQUENCE:
6 6 6 6 6 6 5 5 5 5 5 4 4 4 3 3 3 2 2 2 1 1 1 1 1 1 2 2 2 3 3 3 4 4 4 5 


SEQUENCE OF PREFERRED BINS:
66  66  66  66  66  66  55  55  55  55  55  44  44  44  33  33  33  22  22  22  11  11  11  11  11  11  22  22  22  33  ...
55  55  55  55  55  55  64  64  64  64  64  53  53  53  42  42  42  31  31  31  22  22  22  22  22  22  31  31  31  42  ...
44  44  44  44  44  44  33  33  33  33  33  62  62  62  51  51  51  44  44  44  33  33  33  33  33  33  44  44  44  51  ...
33  33  33  33  33  33  22  22  22  22  22  11  11  11  66  66  66  55  55  55  44  44  44  44  44  44  55  55  55  66  ...
22  22  22  22  22  22  11  11  11  11  11  00  00  00  00  00  00  66  66  66  55  55  55  55  55  55  66  66  66  00  ...
11  11  11  11  11  11  00  00  00  00  00  00  00  00  00  00  00  00  00  00  66  66  66  66  66  66  00  00  00  00  ...


BIN ALLOCATION OF DISTANCES:
3 4 2 1 4 3 
4 1 5 6 6 6 
5 3 1 2 2 6 
3 6 1 1 2 5 
5 4 4 3 1 2 
6 5 3 5 4 2 


BINS USED:
6 4 5 4 6 6 5 5 3 3 5 5 4 4 4 2 3 1 6 2 3 1 2 1 1 2 1 3 3 1 2 4 6 5 6 0 


TRANSITION SEQUENCE:
-1 -1 -1 -1 0.571429 -1 0.392857 -1 -1 -1 -1 0.428571 -1 -1 -1 -1 -1 0 1 0 -1 0 0.178571 0 -1 0.380952 0 -1 -1 -1 0.202381 -1 0.607143 -1 0.77381 0 


CORRELATION COEFFICIENT:          0.179138
DETECTION POWER:                  0.232781

