
Cycle found:
------------
515300414025442435013105522112332034
------------
Valid sequence 


NORMALIZED NEURAL MODEL:
-1.000000 -1.000000 -1.000000 -1.000000 -1.000000 -1.000000 
-1.000000 0.000000 0.392857 0.571429 0.773810 1.000000 
-1.000000 -1.000000 0.000000 0.178571 0.380952 0.607143 
-1.000000 -1.000000 -1.000000 0.000000 0.202381 0.428571 
-1.000000 -1.000000 -1.000000 -1.000000 0.000000 0.226190 
-1.000000 -1.000000 -1.000000 -1.000000 -1.000000 0.000000 

NORMALIZED GUIDE FUNCTION:
0.942802 0.961399 0.976473 0.987931 0.9957 0.999731 1 0.996507 0.989275 0.978352 0.963809 0.945741 0.924264 0.899518 0.871661 0.840874 0.807354 0.771317 0.732995 0.692634 0.650493 0.606842 0.561962 0.516141 0.469672 0.422853 0.375984 0.329365 0.283295 0.238067 0.193973 0.151293 0.1103 0.0712564 0.0344114 0 


BIN SEQUENCE:
5 5 5 6 6 6 6 6 6 5 5 5 4 4 4 4 4 4 3 3 3 3 3 3 2 2 2 2 2 2 1 1 1 1 1 1 


SEQUENCE OF PREFERRED BINS:
55  55  55  66  66  66  66  66  66  55  55  55  44  44  44  44  44  44  33  33  33  33  33  33  22  22  22  22  22  22  ...
64  64  64  55  55  55  55  55  55  64  64  64  53  53  53  53  53  53  42  42  42  42  42  42  31  31  31  31  31  31  ...
33  33  33  44  44  44  44  44  44  33  33  33  62  62  62  62  62  62  51  51  51  51  51  51  44  44  44  44  44  44  ...
22  22  22  33  33  33  33  33  33  22  22  22  11  11  11  11  11  11  66  66  66  66  66  66  55  55  55  55  55  55  ...
11  11  11  22  22  22  22  22  22  11  11  11  00  00  00  00  00  00  00  00  00  00  00  00  66  66  66  66  66  66  ...
00  00  00  11  11  11  11  11  11  00  00  00  00  00  00  00  00  00  00  00  00  00  00  00  00  00  00  00  00  00  ...


BIN ALLOCATION OF DISTANCES:
6 1 2 1 6 1 
4 1 4 4 5 5 
5 1 2 3 4 5 
6 3 6 2 3 4 
6 6 2 1 2 3 
3 5 2 5 4 3 


BINS USED:
5 5 5 6 6 6 6 5 6 2 5 4 2 2 4 1 4 3 1 4 3 4 1 3 2 2 1 1 4 3 2 6 5 1 3 0 


TRANSITION SEQUENCE:
-1 1 -1 -1 -1 -1 -1 0.77381 -1 -1 0.607143 -1 0 -1 0.380952 -1 0.428571 -1 -1 0.571429 -1 -1 -1 0 -1 0 -1 0 0.392857 0.178571 0 -1 -1 -1 0.202381 0 


CORRELATION COEFFICIENT:          0.434233
DETECTION POWER:                  0.30766

