
Cycle found:
------------
223311014132030443451535240255005421
------------
Valid sequence 


NORMALIZED NEURAL MODEL:
-1.000000 -1.000000 -1.000000 -1.000000 -1.000000 -1.000000 
-1.000000 0.000000 0.392857 0.571429 0.773810 1.000000 
-1.000000 -1.000000 0.000000 0.178571 0.380952 0.607143 
-1.000000 -1.000000 -1.000000 0.000000 0.202381 0.428571 
-1.000000 -1.000000 -1.000000 -1.000000 0.000000 0.226190 
-1.000000 -1.000000 -1.000000 -1.000000 -1.000000 0.000000 

NORMALIZED GUIDE FUNCTION:
0.121597 0.0932355 0.0683787 0.0471845 0.0297876 0.0162982 0.00680164 0.00135768 0 0.00273614 0.00954741 0.0203891 0.0351905 0.0538559 0.0762645 0.102272 0.13171 0.16439 0.200102 0.238615 0.279683 0.323042 0.368413 0.415506 0.464017 0.513637 0.564047 0.614924 0.665943 0.716775 0.767097 0.816586 0.864925 0.911805 0.956926 1 


BIN SEQUENCE:
3 3 2 2 2 1 1 1 1 1 1 2 2 2 3 3 3 3 4 4 4 4 4 4 5 5 5 5 5 5 6 6 6 6 6 6 


SEQUENCE OF PREFERRED BINS:
33  33  22  22  22  11  11  11  11  11  11  22  22  22  33  33  33  33  44  44  44  44  44  44  55  55  55  55  55  55  ...
42  42  31  31  31  22  22  22  22  22  22  31  31  31  42  42  42  42  53  53  53  53  53  53  64  64  64  64  64  64  ...
51  51  44  44  44  33  33  33  33  33  33  44  44  44  51  51  51  51  62  62  62  62  62  62  33  33  33  33  33  33  ...
66  66  55  55  55  44  44  44  44  44  44  55  55  55  66  66  66  66  11  11  11  11  11  11  22  22  22  22  22  22  ...
00  00  66  66  66  55  55  55  55  55  55  66  66  66  00  00  00  00  00  00  00  00  00  00  11  11  11  11  11  11  ...
00  00  00  00  00  66  66  66  66  66  66  00  00  00  00  00  00  00  00  00  00  00  00  00  00  00  00  00  00  00  ...


BIN ALLOCATION OF DISTANCES:
6 1 4 3 3 4 
5 2 5 6 6 6 
1 5 2 4 5 6 
2 2 1 2 4 6 
5 1 1 3 3 4 
2 4 3 5 1 3 


BINS USED:
2 4 2 2 2 5 1 6 1 6 1 1 3 2 3 3 3 4 4 4 6 5 6 3 5 5 4 6 3 2 6 4 1 1 5 0 


TRANSITION SEQUENCE:
0 0.178571 0 -1 0 -1 -1 0.77381 -1 0.571429 -1 -1 -1 -1 -1 0 -1 0.202381 0.22619 -1 1 -1 0.428571 -1 0.380952 -1 -1 0.607143 0 -1 -1 -1 -1 -1 -1 0 


CORRELATION COEFFICIENT:          -0.0554693
DETECTION POWER:                  0.410849

