
Cycle found:
------------
520025314135121055445043303223424011
------------
Valid sequence 


NORMALIZED NEURAL MODEL:
-1.000000 -1.000000 -1.000000 -1.000000 -1.000000 -1.000000 
-1.000000 0.000000 0.392857 0.571429 0.773810 1.000000 
-1.000000 -1.000000 0.000000 0.178571 0.380952 0.607143 
-1.000000 -1.000000 -1.000000 0.000000 0.202381 0.428571 
-1.000000 -1.000000 -1.000000 -1.000000 0.000000 0.226190 
-1.000000 -1.000000 -1.000000 -1.000000 -1.000000 0.000000 

NORMALIZED GUIDE FUNCTION:
1 0.951058 0.900379 0.848288 0.79512 0.741216 0.686921 0.632582 0.578549 0.525167 0.472777 0.421714 0.372304 0.324863 0.279694 0.237084 0.197304 0.160609 0.12723 0.097381 0.0712496 0.0490015 0.0307768 0.0166901 0.00682916 0.00125471 0 0.00307061 0.0104444 0.0220717 0.0378757 0.0577527 0.0815731 0.109182 0.140401 0.175028 


BIN SEQUENCE:
6 6 6 6 6 6 5 5 5 5 5 5 4 4 4 4 4 3 3 3 2 2 2 1 1 1 1 1 1 2 2 2 3 3 3 4 


SEQUENCE OF PREFERRED BINS:
66  66  66  66  66  66  55  55  55  55  55  55  44  44  44  44  44  33  33  33  22  22  22  11  11  11  11  11  11  22  ...
55  55  55  55  55  55  64  64  64  64  64  64  53  53  53  53  53  42  42  42  31  31  31  22  22  22  22  22  22  31  ...
44  44  44  44  44  44  33  33  33  33  33  33  62  62  62  62  62  51  51  51  44  44  44  33  33  33  33  33  33  44  ...
33  33  33  33  33  33  22  22  22  22  22  22  11  11  11  11  11  66  66  66  55  55  55  44  44  44  44  44  44  55  ...
22  22  22  22  22  22  11  11  11  11  11  11  00  00  00  00  00  00  00  00  66  66  66  55  55  55  55  55  55  66  ...
11  11  11  11  11  11  00  00  00  00  00  00  00  00  00  00  00  00  00  00  00  00  00  66  66  66  66  66  66  00  ...


BIN ALLOCATION OF DISTANCES:
4 2 3 2 2 2 
2 1 4 6 6 6 
6 4 1 3 4 6 
2 5 3 1 3 5 
5 5 5 1 3 4 
1 4 6 5 1 3 


BINS USED:
6 6 4 3 6 5 5 6 5 6 5 4 4 4 2 2 3 1 3 4 1 2 1 1 2 2 3 1 3 3 5 4 5 2 1 0 


TRANSITION SEQUENCE:
-1 -1 -1 -1 0.607143 -1 -1 0.77381 -1 0.571429 0.428571 -1 0.392857 -1 -1 -1 0 -1 0 0.22619 -1 -1 -1 0 -1 -1 -1 0 0.178571 0.202381 -1 0.380952 -1 -1 0 0 


CORRELATION COEFFICIENT:          0.408436
DETECTION POWER:                  0.518153

