
Cycle found:
------------
014354052530041031122023324455134215
------------
Valid sequence 


NORMALIZED NEURAL MODEL:
-1.000000 -1.000000 -1.000000 -1.000000 -1.000000 -1.000000 
-1.000000 0.000000 0.392857 0.571429 0.773810 1.000000 
-1.000000 -1.000000 0.000000 0.178571 0.380952 0.607143 
-1.000000 -1.000000 -1.000000 0.000000 0.202381 0.428571 
-1.000000 -1.000000 -1.000000 -1.000000 0.000000 0.226190 
-1.000000 -1.000000 -1.000000 -1.000000 -1.000000 0.000000 

NORMALIZED GUIDE FUNCTION:
1 0.927628 0.855116 0.782927 0.711524 0.641365 0.572899 0.506565 0.442788 0.381978 0.324525 0.270798 0.221141 0.175873 0.135286 0.0996401 0.0691649 0.0440568 0.0244778 0.0105545 0.00237739 0 0.00343886 0.0126732 0.0276451 0.04826 0.074387 0.10586 0.142478 0.184009 0.230186 0.280716 0.335276 0.393516 0.455066 0.51953 


BIN SEQUENCE:
6 6 6 6 6 6 5 5 5 4 4 4 3 3 3 2 2 2 1 1 1 1 1 1 2 2 2 3 3 3 4 4 4 5 5 5 


SEQUENCE OF PREFERRED BINS:
66  66  66  66  66  66  55  55  55  44  44  44  33  33  33  22  22  22  11  11  11  11  11  11  22  22  22  33  33  33  ...
55  55  55  55  55  55  64  64  64  53  53  53  42  42  42  31  31  31  22  22  22  22  22  22  31  31  31  42  42  42  ...
44  44  44  44  44  44  33  33  33  62  62  62  51  51  51  44  44  44  33  33  33  33  33  33  44  44  44  51  51  51  ...
33  33  33  33  33  33  22  22  22  11  11  11  66  66  66  55  55  55  44  44  44  44  44  44  55  55  55  66  66  66  ...
22  22  22  22  22  22  11  11  11  00  00  00  00  00  00  66  66  66  55  55  55  55  55  55  66  66  66  00  00  00  ...
11  11  11  11  11  11  00  00  00  00  00  00  00  00  00  00  00  00  66  66  66  66  66  66  00  00  00  00  00  00  ...


BIN ALLOCATION OF DISTANCES:
3 6 1 2 2 5 
2 1 4 5 6 6 
2 6 1 3 4 5 
3 2 2 1 3 4 
5 4 5 6 1 4 
1 3 5 4 6 3 


BINS USED:
6 6 6 4 6 5 5 5 5 4 3 3 2 4 2 2 2 1 4 1 2 1 3 1 2 4 1 4 3 3 5 3 5 6 6 0 


TRANSITION SEQUENCE:
-1 0.77381 -1 0.428571 -1 -1 -1 -1 0.607143 -1 -1 -1 -1 -1 -1 -1 -1 0 0.392857 0 -1 -1 0.178571 0 -1 0.380952 0 0.22619 0 -1 0.571429 0.202381 -1 -1 1 0 


CORRELATION COEFFICIENT:          0.382352
DETECTION POWER:                  0.303765

