
Cycle found:
------------
124554220110232521350534043003314415
------------
Valid sequence 


NORMALIZED NEURAL MODEL:
-1.000000 -1.000000 -1.000000 -1.000000 -1.000000 -1.000000 
-1.000000 0.000000 0.392857 0.571429 0.773810 1.000000 
-1.000000 -1.000000 0.000000 0.178571 0.380952 0.607143 
-1.000000 -1.000000 -1.000000 0.000000 0.202381 0.428571 
-1.000000 -1.000000 -1.000000 -1.000000 0.000000 0.226190 
-1.000000 -1.000000 -1.000000 -1.000000 -1.000000 0.000000 

NORMALIZED GUIDE FUNCTION:
0.141564 0.108796 0.0801161 0.0556697 0.0355739 0.0199161 0.00875431 0.00211622 0 0.0023743 0.0091788 0.0203249 0.0356964 0.0551509 0.0785206 0.105614 0.136217 0.170095 0.206994 0.246644 0.288758 0.333037 0.379171 0.426841 0.47572 0.52548 0.575787 0.626309 0.676715 0.726679 0.775883 0.824014 0.870772 0.91587 0.959032 1 


BIN SEQUENCE:
3 3 3 2 2 1 1 1 1 1 1 2 2 2 2 3 3 3 4 4 4 4 4 4 5 5 5 5 5 5 6 6 6 6 6 6 


SEQUENCE OF PREFERRED BINS:
33  33  33  22  22  11  11  11  11  11  11  22  22  22  22  33  33  33  44  44  44  44  44  44  55  55  55  55  55  55  ...
42  42  42  31  31  22  22  22  22  22  22  31  31  31  31  42  42  42  53  53  53  53  53  53  64  64  64  64  64  64  ...
51  51  51  44  44  33  33  33  33  33  33  44  44  44  44  51  51  51  62  62  62  62  62  62  33  33  33  33  33  33  ...
66  66  66  55  55  44  44  44  44  44  44  55  55  55  55  66  66  66  11  11  11  11  11  11  22  22  22  22  22  22  ...
00  00  00  66  66  55  55  55  55  55  55  66  66  66  66  00  00  00  00  00  00  00  00  00  11  11  11  11  11  11  ...
00  00  00  00  00  66  66  66  66  66  66  00  00  00  00  00  00  00  00  00  00  00  00  00  00  00  00  00  00  00  ...


BIN ALLOCATION OF DISTANCES:
4 1 4 5 5 4 
4 1 3 5 6 6 
1 6 1 2 3 5 
3 1 2 2 3 5 
4 6 2 6 2 3 
4 6 3 5 1 2 


BINS USED:
3 3 3 2 1 2 1 1 1 1 4 4 2 2 5 3 6 5 5 4 4 5 3 4 5 6 3 4 5 2 1 6 2 6 6 0 


TRANSITION SEQUENCE:
0.392857 0.380952 0.22619 0 -1 -1 0 -1 -1 0 -1 -1 0.178571 -1 0.607143 -1 -1 0.571429 0.428571 -1 -1 -1 0.202381 -1 -1 -1 -1 -1 -1 0 -1 0.77381 0 -1 1 0 


CORRELATION COEFFICIENT:          0.146087
DETECTION POWER:                  0.219838

