
Cycle found:
------------
104055220244233432125453035001413115
------------
Valid sequence 


NORMALIZED NEURAL MODEL:
-1.000000 -1.000000 -1.000000 -1.000000 -1.000000 -1.000000 
-1.000000 0.000000 0.392857 0.571429 0.773810 1.000000 
-1.000000 -1.000000 0.000000 0.178571 0.380952 0.607143 
-1.000000 -1.000000 -1.000000 0.000000 0.202381 0.428571 
-1.000000 -1.000000 -1.000000 -1.000000 0.000000 0.226190 
-1.000000 -1.000000 -1.000000 -1.000000 -1.000000 0.000000 

NORMALIZED GUIDE FUNCTION:
0 0.0309791 0.0645321 0.100441 0.138474 0.178383 0.219912 0.262793 0.306749 0.351497 0.396751 0.44222 0.487612 0.532637 0.577007 0.620439 0.662657 0.703391 0.742382 0.779383 0.814159 0.846491 0.876175 0.903024 0.92687 0.947563 0.964975 0.978999 0.98955 0.996564 1 0.999841 0.996094 0.988785 0.977967 0.963713 


BIN SEQUENCE:
1 1 1 1 1 1 2 2 2 2 2 2 3 3 3 3 3 3 4 4 4 4 4 4 5 5 5 5 6 6 6 6 6 6 5 5 


SEQUENCE OF PREFERRED BINS:
11  11  11  11  11  11  22  22  22  22  22  22  33  33  33  33  33  33  44  44  44  44  44  44  55  55  55  55  66  66  ...
22  22  22  22  22  22  31  31  31  31  31  31  42  42  42  42  42  42  53  53  53  53  53  53  64  64  64  64  55  55  ...
33  33  33  33  33  33  44  44  44  44  44  44  51  51  51  51  51  51  62  62  62  62  62  62  33  33  33  33  44  44  ...
44  44  44  44  44  44  55  55  55  55  55  55  66  66  66  66  66  66  11  11  11  11  11  11  22  22  22  22  33  33  ...
55  55  55  55  55  55  66  66  66  66  66  66  00  00  00  00  00  00  00  00  00  00  00  00  11  11  11  11  22  22  ...
66  66  66  66  66  66  00  00  00  00  00  00  00  00  00  00  00  00  00  00  00  00  00  00  00  00  00  00  11  11  ...


BIN ALLOCATION OF DISTANCES:
4 6 3 5 1 2 
1 2 4 6 6 6 
1 5 2 4 4 6 
5 1 1 2 4 5 
1 6 3 3 2 4 
5 2 3 3 5 3 


BINS USED:
1 1 1 2 3 3 2 1 3 4 2 3 4 2 4 3 1 5 4 6 5 4 3 5 5 5 5 4 6 6 6 6 1 2 6 0 


TRANSITION SEQUENCE:
-1 -1 -1 -1 0 -1 0 -1 -1 0.380952 0 -1 0.178571 0 0.202381 -1 -1 -1 0.392857 0.607143 -1 0.22619 -1 -1 -1 0.428571 -1 -1 -1 0.77381 -1 0.571429 -1 0 1 0 


CORRELATION COEFFICIENT:          0.308418
DETECTION POWER:                  0.310531

