
Cycle found:
------------
511041331221401554453430242003523250
------------
Valid sequence 


NORMALIZED NEURAL MODEL:
-1.000000 -1.000000 -1.000000 -1.000000 -1.000000 -1.000000 
-1.000000 0.000000 0.392857 0.571429 0.773810 1.000000 
-1.000000 -1.000000 0.000000 0.178571 0.380952 0.607143 
-1.000000 -1.000000 -1.000000 0.000000 0.202381 0.428571 
-1.000000 -1.000000 -1.000000 -1.000000 0.000000 0.226190 
-1.000000 -1.000000 -1.000000 -1.000000 -1.000000 0.000000 

NORMALIZED GUIDE FUNCTION:
0 0.0317817 0.066098 0.102729 0.141442 0.181988 0.224108 0.267534 0.311986 0.35718 0.402828 0.448636 0.494312 0.539563 0.584099 0.627634 0.66989 0.710595 0.749489 0.786322 0.820858 0.852875 0.882167 0.908546 0.931844 0.951909 0.968613 0.981848 0.991529 0.997593 1 0.998734 0.993804 0.985238 0.973092 0.957443 


BIN SEQUENCE:
1 1 1 1 1 1 2 2 2 2 2 2 3 3 3 3 3 3 4 4 4 4 4 4 5 5 5 5 6 6 6 6 6 6 5 5 


SEQUENCE OF PREFERRED BINS:
11  11  11  11  11  11  22  22  22  22  22  22  33  33  33  33  33  33  44  44  44  44  44  44  55  55  55  55  66  66  ...
22  22  22  22  22  22  31  31  31  31  31  31  42  42  42  42  42  42  53  53  53  53  53  53  64  64  64  64  55  55  ...
33  33  33  33  33  33  44  44  44  44  44  44  51  51  51  51  51  51  62  62  62  62  62  62  33  33  33  33  44  44  ...
44  44  44  44  44  44  55  55  55  55  55  55  66  66  66  66  66  66  11  11  11  11  11  11  22  22  22  22  33  33  ...
55  55  55  55  55  55  66  66  66  66  66  66  00  00  00  00  00  00  00  00  00  00  00  00  11  11  11  11  22  22  ...
66  66  66  66  66  66  00  00  00  00  00  00  00  00  00  00  00  00  00  00  00  00  00  00  00  00  00  00  11  11  ...


BIN ALLOCATION OF DISTANCES:
6 3 5 1 1 4 
2 2 5 5 6 6 
5 2 2 3 5 6 
4 1 4 2 4 5 
3 1 1 6 3 4 
2 1 6 4 3 3 


BINS USED:
1 2 2 1 1 5 2 1 5 2 2 6 3 3 6 3 3 3 4 4 4 6 4 5 5 1 5 6 1 5 6 3 4 6 2 0 


TRANSITION SEQUENCE:
-1 0 -1 -1 -1 0.571429 0 -1 0.392857 0 -1 0.77381 -1 -1 1 0 -1 0 0.22619 -1 0.202381 -1 -1 -1 0.380952 -1 -1 -1 -1 0.428571 -1 0.178571 -1 0.607143 -1 0 


CORRELATION COEFFICIENT:          0.0406803
DETECTION POWER:                  0.20759

