
Cycle found:
------------
432454423411033005212040225013155351
------------
Valid sequence 


NORMALIZED NEURAL MODEL:
-1.000000 -1.000000 -1.000000 -1.000000 -1.000000 -1.000000 
-1.000000 0.000000 0.392857 0.571429 0.773810 1.000000 
-1.000000 -1.000000 0.000000 0.178571 0.380952 0.607143 
-1.000000 -1.000000 -1.000000 0.000000 0.202381 0.428571 
-1.000000 -1.000000 -1.000000 -1.000000 0.000000 0.226190 
-1.000000 -1.000000 -1.000000 -1.000000 -1.000000 0.000000 

NORMALIZED GUIDE FUNCTION:
0.310582 0.26414 0.220616 0.180304 0.143483 0.110407 0.0813082 0.0563949 0.035849 0.0198251 0.00844948 0.00181888 0 0.00302878 0.01091 0.0236172 0.0410924 0.0632469 0.0899611 0.121085 0.156441 0.195821 0.238991 0.285692 0.335639 0.388528 0.444032 0.501805 0.561486 0.6227 0.68506 0.74817 0.811627 0.875023 0.93795 1 


BIN SEQUENCE:
4 4 4 3 3 3 2 2 2 1 1 1 1 1 1 2 2 2 3 3 3 4 4 4 5 5 5 5 5 5 6 6 6 6 6 6 


SEQUENCE OF PREFERRED BINS:
44  44  44  33  33  33  22  22  22  11  11  11  11  11  11  22  22  22  33  33  33  44  44  44  55  55  55  55  55  55  ...
53  53  53  42  42  42  31  31  31  22  22  22  22  22  22  31  31  31  42  42  42  53  53  53  64  64  64  64  64  64  ...
62  62  62  51  51  51  44  44  44  33  33  33  33  33  33  44  44  44  51  51  51  62  62  62  33  33  33  33  33  33  ...
11  11  11  66  66  66  55  55  55  44  44  44  44  44  44  55  55  55  66  66  66  11  11  11  22  22  22  22  22  22  ...
00  00  00  00  00  00  66  66  66  55  55  55  55  55  55  66  66  66  00  00  00  00  00  00  11  11  11  11  11  11  ...
00  00  00  00  00  00  00  00  00  66  66  66  66  66  66  00  00  00  00  00  00  00  00  00  00  00  00  00  00  00  ...


BIN ALLOCATION OF DISTANCES:
3 6 5 1 4 4 
3 1 4 6 6 6 
1 3 1 2 3 6 
5 5 5 1 2 6 
5 5 1 4 2 3 
4 4 2 2 3 2 


BINS USED:
4 5 3 3 3 2 1 2 2 5 1 3 1 1 5 3 4 2 3 4 1 4 5 5 1 6 4 6 6 5 6 2 2 6 4 0 


TRANSITION SEQUENCE:
-1 -1 0.380952 0.22619 -1 0 -1 0.178571 0.202381 -1 0 -1 -1 0 -1 -1 -1 -1 -1 0.392857 -1 -1 -1 -1 0 0.607143 -1 -1 0.571429 -1 1 0 -1 0.428571 -1 0 


CORRELATION COEFFICIENT:          0.196422
DETECTION POWER:                  0.309309

