
Cycle found:
------------
514354020312152413230110055044533422
------------
Valid sequence 


NORMALIZED NEURAL MODEL:
-1.000000 -1.000000 -1.000000 -1.000000 -1.000000 -1.000000 
-1.000000 0.000000 0.392857 0.571429 0.773810 1.000000 
-1.000000 -1.000000 0.000000 0.178571 0.380952 0.607143 
-1.000000 -1.000000 -1.000000 0.000000 0.202381 0.428571 
-1.000000 -1.000000 -1.000000 -1.000000 0.000000 0.226190 
-1.000000 -1.000000 -1.000000 -1.000000 -1.000000 0.000000 

NORMALIZED GUIDE FUNCTION:
1 0.953851 0.90581 0.856184 0.80529 0.753455 0.701009 0.648288 0.595631 0.543374 0.491853 0.441397 0.39233 0.344966 0.29961 0.256553 0.21607 0.178423 0.143852 0.11258 0.0848085 0.0607161 0.040458 0.024165 0.0119425 0.00386994 0 0.000358611 0.00494457 0.0137296 0.0266585 0.0436496 0.0645951 0.0893618 0.117792 0.149705 


BIN SEQUENCE:
6 6 6 6 6 6 5 5 5 5 5 5 4 4 4 4 4 4 3 3 3 2 2 2 1 1 1 1 1 1 2 2 2 3 3 3 


SEQUENCE OF PREFERRED BINS:
66  66  66  66  66  66  55  55  55  55  55  55  44  44  44  44  44  44  33  33  33  22  22  22  11  11  11  11  11  11  ...
55  55  55  55  55  55  64  64  64  64  64  64  53  53  53  53  53  53  42  42  42  31  31  31  22  22  22  22  22  22  ...
44  44  44  44  44  44  33  33  33  33  33  33  62  62  62  62  62  62  51  51  51  44  44  44  33  33  33  33  33  33  ...
33  33  33  33  33  33  22  22  22  22  22  22  11  11  11  11  11  11  66  66  66  55  55  55  44  44  44  44  44  44  ...
22  22  22  22  22  22  11  11  11  11  11  11  00  00  00  00  00  00  00  00  00  66  66  66  55  55  55  55  55  55  ...
11  11  11  11  11  11  00  00  00  00  00  00  00  00  00  00  00  00  00  00  00  00  00  00  66  66  66  66  66  66  ...


BIN ALLOCATION OF DISTANCES:
2 3 5 5 4 2 
1 1 4 6 6 6 
5 6 1 2 3 6 
3 5 3 1 2 6 
4 4 4 5 1 2 
2 5 3 3 4 1 


BINS USED:
5 6 5 6 4 4 5 5 5 5 4 6 6 3 3 4 6 3 2 3 3 1 1 2 2 1 2 4 1 2 3 1 2 4 1 0 


TRANSITION SEQUENCE:
-1 0.77381 -1 0.428571 -1 -1 -1 -1 -1 -1 0.392857 -1 1 -1 0.380952 -1 0.571429 -1 0.178571 -1 -1 0 -1 -1 -1 0 -1 -1 0 0.22619 -1 0 0.202381 -1 0 0 


CORRELATION COEFFICIENT:          0.404937
DETECTION POWER:                  0.40966

