
Cycle found:
------------
211223344024350545513103042532001415
------------
Valid sequence 


NORMALIZED NEURAL MODEL:
-1.000000 -1.000000 -1.000000 -1.000000 -1.000000 -1.000000 
-1.000000 0.000000 0.392857 0.571429 0.773810 1.000000 
-1.000000 -1.000000 0.000000 0.178571 0.380952 0.607143 
-1.000000 -1.000000 -1.000000 0.000000 0.202381 0.428571 
-1.000000 -1.000000 -1.000000 -1.000000 0.000000 0.226190 
-1.000000 -1.000000 -1.000000 -1.000000 -1.000000 0.000000 

NORMALIZED GUIDE FUNCTION:
0 0.0227001 0.0482239 0.0764099 0.10708 0.140039 0.175077 0.211973 0.25049 0.290383 0.331399 0.373273 0.41574 0.458528 0.501362 0.543968 0.586073 0.627407 0.667704 0.706706 0.744161 0.779828 0.813478 0.844893 0.873871 0.900223 0.92378 0.944387 0.961911 0.976238 0.987272 0.994942 0.999194 1 0.997352 0.991263 


BIN SEQUENCE:
1 1 1 1 1 1 2 2 2 2 2 2 3 3 3 3 3 3 4 4 4 4 4 4 5 5 5 5 5 5 6 6 6 6 6 6 


SEQUENCE OF PREFERRED BINS:
11  11  11  11  11  11  22  22  22  22  22  22  33  33  33  33  33  33  44  44  44  44  44  44  55  55  55  55  55  55  ...
22  22  22  22  22  22  31  31  31  31  31  31  42  42  42  42  42  42  53  53  53  53  53  53  64  64  64  64  64  64  ...
33  33  33  33  33  33  44  44  44  44  44  44  51  51  51  51  51  51  62  62  62  62  62  62  33  33  33  33  33  33  ...
44  44  44  44  44  44  55  55  55  55  55  55  66  66  66  66  66  66  11  11  11  11  11  11  22  22  22  22  22  22  ...
55  55  55  55  55  55  66  66  66  66  66  66  00  00  00  00  00  00  00  00  00  00  00  00  11  11  11  11  11  11  ...
66  66  66  66  66  66  00  00  00  00  00  00  00  00  00  00  00  00  00  00  00  00  00  00  00  00  00  00  00  00  ...


BIN ALLOCATION OF DISTANCES:
1 1 2 3 5 3 
5 1 4 5 6 6 
5 1 2 3 4 5 
4 4 5 2 3 4 
1 6 6 3 2 4 
3 6 1 6 2 2 


BINS USED:
1 1 4 2 3 2 3 2 1 2 4 3 4 3 3 2 4 2 6 5 4 5 3 4 5 6 5 6 5 5 1 1 6 6 6 0 


TRANSITION SEQUENCE:
-1 0 0.392857 0 0.178571 0 0.202381 0 -1 -1 0.380952 -1 0.428571 -1 -1 -1 0.22619 0 -1 0.571429 -1 -1 -1 -1 -1 -1 0.607143 -1 -1 -1 -1 -1 0.77381 -1 1 0 


CORRELATION COEFFICIENT:          0.42086
DETECTION POWER:                  0.401704

