
Cycle found:
------------
531404124232110513343002015445522503
------------
Valid sequence 


NORMALIZED NEURAL MODEL:
-1.000000 -1.000000 -1.000000 -1.000000 -1.000000 -1.000000 
-1.000000 0.000000 0.392857 0.571429 0.773810 1.000000 
-1.000000 -1.000000 0.000000 0.178571 0.380952 0.607143 
-1.000000 -1.000000 -1.000000 0.000000 0.202381 0.428571 
-1.000000 -1.000000 -1.000000 -1.000000 0.000000 0.226190 
-1.000000 -1.000000 -1.000000 -1.000000 -1.000000 0.000000 

NORMALIZED GUIDE FUNCTION:
1 0.922831 0.845908 0.769723 0.694767 0.621521 0.550456 0.482031 0.416686 0.354846 0.29691 0.243253 0.194226 0.150148 0.111306 0.0779568 0.0503196 0.0285784 0.0128795 0.00333062 0 0.00291626 0.012068 0.0274037 0.0488323 0.0762236 0.109409 0.148182 0.192301 0.241489 0.295437 0.353805 0.416223 0.482297 0.551606 0.62371 


BIN SEQUENCE:
6 6 6 6 6 5 5 5 5 4 4 4 3 3 3 2 2 2 1 1 1 1 1 1 2 2 2 3 3 3 4 4 4 5 5 6 


SEQUENCE OF PREFERRED BINS:
66  66  66  66  66  55  55  55  55  44  44  44  33  33  33  22  22  22  11  11  11  11  11  11  22  22  22  33  33  33  ...
55  55  55  55  55  64  64  64  64  53  53  53  42  42  42  31  31  31  22  22  22  22  22  22  31  31  31  42  42  42  ...
44  44  44  44  44  33  33  33  33  62  62  62  51  51  51  44  44  44  33  33  33  33  33  33  44  44  44  51  51  51  ...
33  33  33  33  33  22  22  22  22  11  11  11  66  66  66  55  55  55  44  44  44  44  44  44  55  55  55  66  66  66  ...
22  22  22  22  22  11  11  11  11  00  00  00  00  00  00  66  66  66  55  55  55  55  55  55  66  66  66  00  00  00  ...
11  11  11  11  11  00  00  00  00  00  00  00  00  00  00  00  00  00  66  66  66  66  66  66  00  00  00  00  00  00  ...


BIN ALLOCATION OF DISTANCES:
1 4 2 1 5 2 
1 1 5 6 6 6 
1 2 2 3 5 6 
4 6 4 3 3 5 
5 5 4 2 3 3 
4 2 4 6 1 3 


BINS USED:
6 6 6 5 5 5 5 5 4 3 4 2 1 1 2 2 6 3 3 2 4 1 2 1 4 6 1 3 3 3 4 2 6 4 1 0 


TRANSITION SEQUENCE:
-1 -1 0.77381 -1 -1 -1 0.392857 0.380952 -1 0.178571 -1 -1 0 -1 -1 -1 0.571429 0 0.202381 -1 -1 -1 -1 -1 -1 1 -1 0 0.22619 0 -1 0 0.607143 -1 -1 0 


CORRELATION COEFFICIENT:          0.0970687
DETECTION POWER:                  0.20291

