
Cycle found:
------------
052513140353210124230433411554450220
------------
Valid sequence 


NORMALIZED NEURAL MODEL:
-1.000000 -1.000000 -1.000000 -1.000000 -1.000000 -1.000000 
-1.000000 0.000000 0.392857 0.571429 0.773810 1.000000 
-1.000000 -1.000000 0.000000 0.178571 0.380952 0.607143 
-1.000000 -1.000000 -1.000000 0.000000 0.202381 0.428571 
-1.000000 -1.000000 -1.000000 -1.000000 0.000000 0.226190 
-1.000000 -1.000000 -1.000000 -1.000000 -1.000000 0.000000 

NORMALIZED GUIDE FUNCTION:
0.901816 0.926916 0.948516 0.966478 0.980686 0.991049 0.997501 1 0.99853 0.993101 0.983747 0.970528 0.953529 0.932857 0.908647 0.881051 0.850248 0.816434 0.779826 0.740658 0.699181 0.655661 0.610375 0.563615 0.51568 0.466876 0.417517 0.367917 0.318396 0.26927 0.220853 0.173456 0.127383 0.0829278 0.040376 0 


BIN SEQUENCE:
4 4 5 5 5 6 6 6 6 6 6 5 5 5 4 4 4 4 3 3 3 3 3 3 2 2 2 2 2 2 1 1 1 1 1 1 


SEQUENCE OF PREFERRED BINS:
44  44  55  55  55  66  66  66  66  66  66  55  55  55  44  44  44  44  33  33  33  33  33  33  22  22  22  22  22  22  ...
53  53  64  64  64  55  55  55  55  55  55  64  64  64  53  53  53  53  42  42  42  42  42  42  31  31  31  31  31  31  ...
62  62  33  33  33  44  44  44  44  44  44  33  33  33  62  62  62  62  51  51  51  51  51  51  44  44  44  44  44  44  ...
11  11  22  22  22  33  33  33  33  33  33  22  22  22  11  11  11  11  66  66  66  66  66  66  55  55  55  55  55  55  ...
00  00  11  11  11  22  22  22  22  22  22  11  11  11  00  00  00  00  00  00  00  00  00  00  66  66  66  66  66  66  ...
00  00  00  00  00  11  11  11  11  11  11  00  00  00  00  00  00  00  00  00  00  00  00  00  00  00  00  00  00  00  ...


BIN ALLOCATION OF DISTANCES:
3 3 6 6 1 5 
5 1 4 5 6 6 
2 4 1 2 3 5 
3 6 4 1 2 5 
5 2 4 3 1 3 
2 4 4 6 1 2 


BINS USED:
5 4 5 4 5 6 6 5 6 5 6 4 4 5 3 4 3 4 2 3 1 3 1 2 2 1 6 2 1 1 3 2 6 1 2 0 


TRANSITION SEQUENCE:
-1 -1 0.607143 -1 0.571429 -1 0.77381 -1 -1 0.428571 -1 -1 -1 -1 -1 0.392857 0.380952 -1 0.178571 -1 -1 -1 0 0.202381 -1 0 1 0 -1 0 0.22619 -1 -1 0 -1 0 


CORRELATION COEFFICIENT:          0.38273
DETECTION POWER:                  0.323046

