
Cycle found:
------------
034431122102335414524053200425155013
------------
Valid sequence 


NORMALIZED NEURAL MODEL:
-1.000000 -1.000000 -1.000000 -1.000000 -1.000000 -1.000000 
-1.000000 0.000000 0.392857 0.571429 0.773810 1.000000 
-1.000000 -1.000000 0.000000 0.178571 0.380952 0.607143 
-1.000000 -1.000000 -1.000000 0.000000 0.202381 0.428571 
-1.000000 -1.000000 -1.000000 -1.000000 0.000000 0.226190 
-1.000000 -1.000000 -1.000000 -1.000000 -1.000000 0.000000 

NORMALIZED GUIDE FUNCTION:
0.0906582 0.0677278 0.0478985 0.0313261 0.0181464 0.00847407 0.00240195 0 0.00131483 0.00636912 0.0151613 0.0276654 0.0438309 0.063583 0.0868229 0.113428 0.143253 0.176131 0.211872 0.250268 0.29109 0.334092 0.379014 0.425578 0.473495 0.522465 0.572178 0.622317 0.672561 0.722583 0.772059 0.820661 0.868069 0.913966 0.958043 1 


BIN SEQUENCE:
3 3 2 2 2 1 1 1 1 1 1 2 2 2 3 3 3 3 4 4 4 4 4 4 5 5 5 5 5 5 6 6 6 6 6 6 


SEQUENCE OF PREFERRED BINS:
33  33  22  22  22  11  11  11  11  11  11  22  22  22  33  33  33  33  44  44  44  44  44  44  55  55  55  55  55  55  ...
42  42  31  31  31  22  22  22  22  22  22  31  31  31  42  42  42  42  53  53  53  53  53  53  64  64  64  64  64  64  ...
51  51  44  44  44  33  33  33  33  33  33  44  44  44  51  51  51  51  62  62  62  62  62  62  33  33  33  33  33  33  ...
66  66  55  55  55  44  44  44  44  44  44  55  55  55  66  66  66  66  11  11  11  11  11  11  22  22  22  22  22  22  ...
00  00  66  66  66  55  55  55  55  55  55  66  66  66  00  00  00  00  00  00  00  00  00  00  11  11  11  11  11  11  ...
00  00  00  00  00  66  66  66  66  66  66  00  00  00  00  00  00  00  00  00  00  00  00  00  00  00  00  00  00  00  ...


BIN ALLOCATION OF DISTANCES:
3 2 1 3 3 5 
5 1 5 6 6 6 
5 2 1 4 4 6 
3 2 6 1 4 5 
5 4 1 3 1 4 
2 6 4 2 3 2 


BINS USED:
3 4 1 3 2 1 5 1 2 5 1 4 1 5 3 4 6 4 4 4 5 5 2 6 5 3 3 1 6 6 6 2 2 2 6 0 


TRANSITION SEQUENCE:
-1 0.202381 0 -1 -1 0 0.392857 0 -1 -1 -1 0.178571 0 0.428571 -1 -1 0.77381 0.22619 -1 0.380952 -1 -1 -1 -1 -1 -1 -1 -1 0.607143 -1 1 0 -1 -1 0.571429 0 


CORRELATION COEFFICIENT:          0.216087
DETECTION POWER:                  0.307161

