
Cycle found:
------------
035025532041301452434233105112215440
------------
Valid sequence 


NORMALIZED NEURAL MODEL:
-1.000000 -1.000000 -1.000000 -1.000000 -1.000000 -1.000000 
-1.000000 0.000000 0.392857 0.571429 0.773810 1.000000 
-1.000000 -1.000000 0.000000 0.178571 0.380952 0.607143 
-1.000000 -1.000000 -1.000000 0.000000 0.202381 0.428571 
-1.000000 -1.000000 -1.000000 -1.000000 0.000000 0.226190 
-1.000000 -1.000000 -1.000000 -1.000000 -1.000000 0.000000 

NORMALIZED GUIDE FUNCTION:
1 0.972538 0.942411 0.909802 0.874914 0.837963 0.79918 0.758808 0.717102 0.674325 0.630749 0.586651 0.542313 0.498019 0.454053 0.4107 0.368239 0.326946 0.28709 0.248932 0.212721 0.178698 0.147088 0.1181 0.0919292 0.068753 0.0487292 0.0319962 0.0186719 0.00885225 0.00261125 0 0.00104647 0.00575517 0.0141071 0.0260598 


BIN SEQUENCE:
6 6 6 6 6 6 5 5 5 5 5 5 4 4 4 4 4 4 3 3 3 3 3 3 2 2 2 2 2 1 1 1 1 1 1 2 


SEQUENCE OF PREFERRED BINS:
66  66  66  66  66  66  55  55  55  55  55  55  44  44  44  44  44  44  33  33  33  33  33  33  22  22  22  22  22  11  ...
55  55  55  55  55  55  64  64  64  64  64  64  53  53  53  53  53  53  42  42  42  42  42  42  31  31  31  31  31  22  ...
44  44  44  44  44  44  33  33  33  33  33  33  62  62  62  62  62  62  51  51  51  51  51  51  44  44  44  44  44  33  ...
33  33  33  33  33  33  22  22  22  22  22  22  11  11  11  11  11  11  66  66  66  66  66  66  55  55  55  55  55  44  ...
22  22  22  22  22  22  11  11  11  11  11  11  00  00  00  00  00  00  00  00  00  00  00  00  66  66  66  66  66  55  ...
11  11  11  11  11  11  00  00  00  00  00  00  00  00  00  00  00  00  00  00  00  00  00  00  00  00  00  00  00  66  ...


BIN ALLOCATION OF DISTANCES:
5 3 5 5 4 2 
2 1 6 6 6 6 
5 4 1 3 4 6 
4 2 5 1 3 6 
1 5 4 3 2 4 
3 1 2 2 1 3 


BINS USED:
5 6 3 5 6 3 2 5 5 4 5 6 4 3 6 4 2 4 3 3 4 3 1 2 2 2 1 1 6 1 4 6 1 2 1 0 


TRANSITION SEQUENCE:
-1 0.428571 -1 -1 0.607143 0 -1 -1 -1 -1 -1 0.571429 -1 -1 0.77381 0.22619 -1 0.380952 -1 0.202381 -1 0.178571 0 -1 -1 -1 -1 0 0.392857 0 -1 1 -1 0 -1 0 


CORRELATION COEFFICIENT:          0.16646
DETECTION POWER:                  0.203676

