
Cycle found:
------------
035320255124013450441005421152231433
------------
Valid sequence 


NORMALIZED NEURAL MODEL:
-1.000000 -1.000000 -1.000000 -1.000000 -1.000000 -1.000000 
-1.000000 0.000000 0.392857 0.571429 0.773810 1.000000 
-1.000000 -1.000000 0.000000 0.178571 0.380952 0.607143 
-1.000000 -1.000000 -1.000000 0.000000 0.202381 0.428571 
-1.000000 -1.000000 -1.000000 -1.000000 0.000000 0.226190 
-1.000000 -1.000000 -1.000000 -1.000000 -1.000000 0.000000 

NORMALIZED GUIDE FUNCTION:
1 0.949485 0.897319 0.843833 0.789373 0.734285 0.678922 0.62364 0.568792 0.51473 0.461799 0.41034 0.360681 0.313141 0.268025 0.225622 0.186204 0.150023 0.117311 0.0882793 0.0631129 0.0419736 0.0249973 0.012293 0.00394266 0 0.000490734 0.00541212 0.0147331 0.0283942 0.0463086 0.0683617 0.0944127 0.124295 0.157818 0.194767 


BIN SEQUENCE:
6 6 6 6 6 6 5 5 5 5 5 5 4 4 4 4 4 3 3 3 2 2 2 1 1 1 1 1 1 2 2 2 3 3 3 4 


SEQUENCE OF PREFERRED BINS:
66  66  66  66  66  66  55  55  55  55  55  55  44  44  44  44  44  33  33  33  22  22  22  11  11  11  11  11  11  22  ...
55  55  55  55  55  55  64  64  64  64  64  64  53  53  53  53  53  42  42  42  31  31  31  22  22  22  22  22  22  31  ...
44  44  44  44  44  44  33  33  33  33  33  33  62  62  62  62  62  51  51  51  44  44  44  33  33  33  33  33  33  44  ...
33  33  33  33  33  33  22  22  22  22  22  22  11  11  11  11  11  66  66  66  55  55  55  44  44  44  44  44  44  55  ...
22  22  22  22  22  22  11  11  11  11  11  11  00  00  00  00  00  00  00  00  66  66  66  55  55  55  55  55  55  66  ...
11  11  11  11  11  11  00  00  00  00  00  00  00  00  00  00  00  00  00  00  00  00  00  66  66  66  66  66  66  00  ...


BIN ALLOCATION OF DISTANCES:
1 2 3 6 2 1 
2 1 5 5 6 6 
6 2 3 4 5 5 
2 3 5 3 4 5 
4 4 1 6 3 4 
2 3 1 6 1 4 


BINS USED:
6 5 6 5 6 3 5 4 3 5 5 4 2 5 4 4 2 2 3 4 2 1 1 1 1 2 1 6 1 3 4 3 6 6 3 0 


TRANSITION SEQUENCE:
-1 0.428571 -1 -1 -1 -1 0.607143 0 -1 0.392857 0.380952 -1 -1 0.571429 0.202381 0.22619 -1 -1 0 -1 -1 -1 -1 -1 -1 -1 0 1 -1 0 0.178571 -1 0.77381 -1 0 0 


CORRELATION COEFFICIENT:          0.0765584
DETECTION POWER:                  0.0905534

