
Cycle found:
------------
243534544042330325513120214100501152
------------
Valid sequence 


NORMALIZED NEURAL MODEL:
-1.000000 -1.000000 -1.000000 -1.000000 -1.000000 -1.000000 
-1.000000 0.000000 0.392857 0.571429 0.773810 1.000000 
-1.000000 -1.000000 0.000000 0.178571 0.380952 0.607143 
-1.000000 -1.000000 -1.000000 0.000000 0.202381 0.428571 
-1.000000 -1.000000 -1.000000 -1.000000 0.000000 0.226190 
-1.000000 -1.000000 -1.000000 -1.000000 -1.000000 0.000000 

NORMALIZED GUIDE FUNCTION:
0.271585 0.227649 0.186901 0.14961 0.11602 0.0863559 0.0608145 0.0395682 0.0227616 0.0105113 0.00290481 0 0.00182475 0.0083766 0.0196228 0.0355003 0.0559163 0.0807488 0.109847 0.143033 0.180101 0.220821 0.264939 0.312179 0.362243 0.414817 0.469567 0.526147 0.584197 0.643348 0.703222 0.763437 0.823607 0.883346 0.94227 1 


BIN SEQUENCE:
4 4 4 3 3 3 2 2 2 1 1 1 1 1 1 2 2 2 3 3 3 4 4 4 5 5 5 5 5 5 6 6 6 6 6 6 


SEQUENCE OF PREFERRED BINS:
44  44  44  33  33  33  22  22  22  11  11  11  11  11  11  22  22  22  33  33  33  44  44  44  55  55  55  55  55  55  ...
53  53  53  42  42  42  31  31  31  22  22  22  22  22  22  31  31  31  42  42  42  53  53  53  64  64  64  64  64  64  ...
62  62  62  51  51  51  44  44  44  33  33  33  33  33  33  44  44  44  51  51  51  62  62  62  33  33  33  33  33  33  ...
11  11  11  66  66  66  55  55  55  44  44  44  44  44  44  55  55  55  66  66  66  11  11  11  22  22  22  22  22  22  ...
00  00  00  00  00  00  66  66  66  55  55  55  55  55  55  66  66  66  00  00  00  00  00  00  11  11  11  11  11  11  ...
00  00  00  00  00  00  00  00  00  66  66  66  66  66  66  00  00  00  00  00  00  00  00  00  00  00  00  00  00  00  ...


BIN ALLOCATION OF DISTANCES:
5 6 4 2 2 6 
5 1 4 4 5 5 
5 6 1 3 3 5 
2 6 4 1 3 4 
3 6 1 4 2 3 
1 1 6 3 2 2 


BINS USED:
3 4 4 3 3 3 2 2 3 2 1 3 1 2 2 4 5 2 1 4 6 4 5 4 6 5 6 5 5 6 1 6 1 5 6 0 


TRANSITION SEQUENCE:
0.380952 -1 0.428571 -1 0.202381 0.22619 -1 0 -1 -1 -1 0.178571 0 -1 -1 -1 0.607143 0 -1 0.571429 -1 0.392857 -1 -1 -1 0.77381 -1 -1 -1 -1 -1 -1 0 1 -1 0 


CORRELATION COEFFICIENT:          0.121873
DETECTION POWER:                  0.171989

