
Cycle found:
------------
334451055304324031215250023541422011
------------
Valid sequence 


NORMALIZED NEURAL MODEL:
-1.000000 -1.000000 -1.000000 -1.000000 -1.000000 -1.000000 
-1.000000 0.000000 0.392857 0.571429 0.773810 1.000000 
-1.000000 -1.000000 0.000000 0.178571 0.380952 0.607143 
-1.000000 -1.000000 -1.000000 0.000000 0.202381 0.428571 
-1.000000 -1.000000 -1.000000 -1.000000 0.000000 0.226190 
-1.000000 -1.000000 -1.000000 -1.000000 -1.000000 0.000000 

NORMALIZED GUIDE FUNCTION:
0 0.0396269 0.0814642 0.125243 0.170683 0.217493 0.265372 0.314013 0.363105 0.412333 0.461382 0.509938 0.557691 0.604333 0.649568 0.693106 0.734669 0.773991 0.810821 0.844924 0.876082 0.904097 0.92879 0.950004 0.967605 0.98148 0.991543 0.997729 1 0.998343 0.99277 0.983318 0.970048 0.953047 0.932424 0.908312 


BIN SEQUENCE:
1 1 1 1 1 1 2 2 2 2 2 2 3 3 3 3 3 3 4 4 4 4 4 5 5 5 6 6 6 6 6 6 5 5 5 4 


SEQUENCE OF PREFERRED BINS:
11  11  11  11  11  11  22  22  22  22  22  22  33  33  33  33  33  33  44  44  44  44  44  55  55  55  66  66  66  66  ...
22  22  22  22  22  22  31  31  31  31  31  31  42  42  42  42  42  42  53  53  53  53  53  64  64  64  55  55  55  55  ...
33  33  33  33  33  33  44  44  44  44  44  44  51  51  51  51  51  51  62  62  62  62  62  33  33  33  44  44  44  44  ...
44  44  44  44  44  44  55  55  55  55  55  55  66  66  66  66  66  66  11  11  11  11  11  22  22  22  33  33  33  33  ...
55  55  55  55  55  55  66  66  66  66  66  66  00  00  00  00  00  00  00  00  00  00  00  11  11  11  22  22  22  22  ...
66  66  66  66  66  66  00  00  00  00  00  00  00  00  00  00  00  00  00  00  00  00  00  00  00  00  11  11  11  11  ...


BIN ALLOCATION OF DISTANCES:
5 6 6 4 4 1 
1 1 5 5 6 6 
1 2 1 2 3 6 
3 4 4 2 2 5 
4 6 5 4 2 3 
3 1 3 3 5 2 


BINS USED:
2 2 2 3 1 1 1 2 3 3 4 4 4 3 4 4 4 5 2 6 3 6 3 5 6 2 5 5 6 6 5 1 1 6 1 0 


TRANSITION SEQUENCE:
0 0.202381 0 0.22619 -1 -1 -1 0 -1 -1 -1 -1 -1 0.380952 -1 -1 -1 0.392857 -1 1 -1 0.607143 -1 -1 -1 0.178571 0.428571 -1 -1 0.77381 -1 0 -1 -1 0 0 


CORRELATION COEFFICIENT:          0.294009
DETECTION POWER:                  0.465453

