
Cycle found:
------------
043241013450033112351442530215220554
------------
Valid sequence 


NORMALIZED NEURAL MODEL:
-1.000000 -1.000000 -1.000000 -1.000000 -1.000000 -1.000000 
-1.000000 0.000000 0.392857 0.571429 0.773810 1.000000 
-1.000000 -1.000000 0.000000 0.178571 0.380952 0.607143 
-1.000000 -1.000000 -1.000000 0.000000 0.202381 0.428571 
-1.000000 -1.000000 -1.000000 -1.000000 0.000000 0.226190 
-1.000000 -1.000000 -1.000000 -1.000000 -1.000000 0.000000 

NORMALIZED GUIDE FUNCTION:
0.490207 0.427644 0.368088 0.311918 0.259491 0.211141 0.167173 0.127868 0.0934733 0.0642056 0.0402491 0.0217535 0.00883358 0.00156818 0 0.00413519 0.0139434 0.0293579 0.0502762 0.0765605 0.108039 0.144506 0.185726 0.23143 0.281324 0.335084 0.392365 0.452796 0.515989 0.581537 0.649018 0.718001 0.788041 0.858689 0.929493 1 


BIN SEQUENCE:
5 5 4 4 4 3 3 3 2 2 2 1 1 1 1 1 1 2 2 2 3 3 3 4 4 4 5 5 5 5 6 6 6 6 6 6 


SEQUENCE OF PREFERRED BINS:
55  55  44  44  44  33  33  33  22  22  22  11  11  11  11  11  11  22  22  22  33  33  33  44  44  44  55  55  55  55  ...
64  64  53  53  53  42  42  42  31  31  31  22  22  22  22  22  22  31  31  31  42  42  42  53  53  53  64  64  64  64  ...
33  33  62  62  62  51  51  51  44  44  44  33  33  33  33  33  33  44  44  44  51  51  51  62  62  62  33  33  33  33  ...
22  22  11  11  11  66  66  66  55  55  55  44  44  44  44  44  44  55  55  55  66  66  66  11  11  11  22  22  22  22  ...
11  11  00  00  00  00  00  00  66  66  66  55  55  55  55  55  55  66  66  66  00  00  00  00  00  00  11  11  11  11  ...
00  00  00  00  00  00  00  00  00  00  00  66  66  66  66  66  66  00  00  00  00  00  00  00  00  00  00  00  00  00  ...


BIN ALLOCATION OF DISTANCES:
2 3 6 2 4 6 
3 1 4 4 5 5 
1 6 1 2 4 5 
6 3 4 1 2 4 
3 2 6 6 1 2 
3 3 5 5 5 1 


BINS USED:
4 6 4 4 2 3 3 4 2 2 3 2 2 1 3 1 4 2 4 3 5 1 6 5 5 6 6 6 5 5 1 1 6 1 5 0 


TRANSITION SEQUENCE:
-1 -1 -1 0.380952 -1 -1 -1 0.571429 0.202381 0.22619 -1 -1 -1 0 -1 0 0.392857 0.178571 0.428571 -1 0.77381 0 -1 0.607143 -1 -1 -1 -1 1 -1 0 -1 -1 0 -1 0 


CORRELATION COEFFICIENT:          -0.121286
DETECTION POWER:                  0.257815

