
Cycle found:
------------
340124145251535021004423113055432203
------------
Valid sequence 


NORMALIZED NEURAL MODEL:
-1.000000 -1.000000 -1.000000 -1.000000 -1.000000 -1.000000 
-1.000000 0.000000 0.392857 0.571429 0.773810 1.000000 
-1.000000 -1.000000 0.000000 0.178571 0.380952 0.607143 
-1.000000 -1.000000 -1.000000 0.000000 0.202381 0.428571 
-1.000000 -1.000000 -1.000000 -1.000000 0.000000 0.226190 
-1.000000 -1.000000 -1.000000 -1.000000 -1.000000 0.000000 

NORMALIZED GUIDE FUNCTION:
0.754735 0.796909 0.835697 0.870853 0.902153 0.929398 0.952416 0.971061 0.985216 0.994792 0.99973 1 0.995603 0.986568 0.972956 0.954856 0.932386 0.905691 0.874945 0.840346 0.802117 0.760505 0.715778 0.668224 0.618148 0.565871 0.511731 0.456074 0.399258 0.341646 0.283609 0.225517 0.167743 0.110656 0.0546225 0 


BIN SEQUENCE:
3 3 4 4 4 5 5 5 6 6 6 6 6 6 5 5 5 4 4 4 3 3 3 3 2 2 2 2 2 2 1 1 1 1 1 1 


SEQUENCE OF PREFERRED BINS:
33  33  44  44  44  55  55  55  66  66  66  66  66  66  55  55  55  44  44  44  33  33  33  33  22  22  22  22  22  22  ...
42  42  53  53  53  64  64  64  55  55  55  55  55  55  64  64  64  53  53  53  42  42  42  42  31  31  31  31  31  31  ...
51  51  62  62  62  33  33  33  44  44  44  44  44  44  33  33  33  62  62  62  51  51  51  51  44  44  44  44  44  44  ...
66  66  11  11  11  22  22  22  33  33  33  33  33  33  22  22  22  11  11  11  66  66  66  66  55  55  55  55  55  55  ...
00  00  00  00  00  11  11  11  22  22  22  22  22  22  11  11  11  00  00  00  00  00  00  00  66  66  66  66  66  66  ...
00  00  00  00  00  00  00  00  11  11  11  11  11  11  00  00  00  00  00  00  00  00  00  00  00  00  00  00  00  00  ...


BIN ALLOCATION OF DISTANCES:
3 4 5 1 5 2 
3 1 4 6 6 6 
6 5 1 3 4 6 
1 5 5 1 3 6 
3 4 2 1 2 4 
2 4 5 3 2 2 


BINS USED:
3 3 4 4 4 4 6 4 5 6 4 6 3 6 2 5 5 3 3 5 2 2 3 5 1 6 1 2 2 2 1 5 1 6 1 0 


TRANSITION SEQUENCE:
0.202381 -1 -1 0.392857 0.380952 -1 0.77381 0.22619 -1 0.607143 -1 1 -1 0.428571 -1 -1 -1 -1 -1 -1 0 -1 0.178571 -1 0 0.571429 -1 -1 0 -1 -1 -1 0 -1 -1 0 


CORRELATION COEFFICIENT:          0.403945
DETECTION POWER:                  0.42082

