
Cycle found:
------------
102050325304001245513422335211543144
------------
Valid sequence 


NORMALIZED NEURAL MODEL:
-1.000000 -1.000000 -1.000000 -1.000000 -1.000000 -1.000000 
-1.000000 0.000000 0.392857 0.571429 0.773810 1.000000 
-1.000000 -1.000000 0.000000 0.178571 0.380952 0.607143 
-1.000000 -1.000000 -1.000000 0.000000 0.202381 0.428571 
-1.000000 -1.000000 -1.000000 -1.000000 0.000000 0.226190 
-1.000000 -1.000000 -1.000000 -1.000000 -1.000000 0.000000 

NORMALIZED GUIDE FUNCTION:
0.877682 0.905548 0.930103 0.951176 0.968621 0.982314 0.992155 0.998067 1 0.997928 0.991851 0.981794 0.967811 0.949977 0.928394 0.90319 0.874513 0.842538 0.807459 0.76949 0.728868 0.685844 0.640687 0.59368 0.545119 0.495311 0.444573 0.393228 0.341602 0.290028 0.238836 0.188356 0.138916 0.0908365 0.0444299 0 


BIN SEQUENCE:
4 4 5 5 5 6 6 6 6 6 6 5 5 5 4 4 4 4 3 3 3 3 3 3 2 2 2 2 2 2 1 1 1 1 1 1 


SEQUENCE OF PREFERRED BINS:
44  44  55  55  55  66  66  66  66  66  66  55  55  55  44  44  44  44  33  33  33  33  33  33  22  22  22  22  22  22  ...
53  53  64  64  64  55  55  55  55  55  55  64  64  64  53  53  53  53  42  42  42  42  42  42  31  31  31  31  31  31  ...
62  62  33  33  33  44  44  44  44  44  44  33  33  33  62  62  62  62  51  51  51  51  51  51  44  44  44  44  44  44  ...
11  11  22  22  22  33  33  33  33  33  33  22  22  22  11  11  11  11  66  66  66  66  66  66  55  55  55  55  55  55  ...
00  00  11  11  11  22  22  22  22  22  22  11  11  11  00  00  00  00  00  00  00  00  00  00  66  66  66  66  66  66  ...
00  00  00  00  00  11  11  11  11  11  11  00  00  00  00  00  00  00  00  00  00  00  00  00  00  00  00  00  00  00  ...


BIN ALLOCATION OF DISTANCES:
3 1 4 6 4 5 
5 1 3 5 6 6 
5 2 2 2 3 6 
4 4 5 2 3 4 
6 5 3 1 2 3 
4 1 1 6 1 2 


BINS USED:
5 4 5 5 4 6 5 6 6 4 4 6 3 1 3 3 3 2 1 5 3 3 2 2 2 4 1 2 1 6 1 1 4 6 2 0 


TRANSITION SEQUENCE:
-1 -1 -1 -1 -1 -1 -1 0.607143 -1 -1 -1 -1 -1 -1 0.392857 0.380952 0.22619 0 -1 0.571429 0.202381 -1 0 0.178571 0 0.428571 -1 -1 0 1 -1 -1 -1 0.77381 0 0 


CORRELATION COEFFICIENT:          0.0313436
DETECTION POWER:                  0.197957

