
Cycle found:
------------
105022304403345200124255351314115432
------------
Valid sequence 


NORMALIZED NEURAL MODEL:
-1.000000 -1.000000 -1.000000 -1.000000 -1.000000 -1.000000 
-1.000000 0.000000 0.392857 0.571429 0.773810 1.000000 
-1.000000 -1.000000 0.000000 0.178571 0.380952 0.607143 
-1.000000 -1.000000 -1.000000 0.000000 0.202381 0.428571 
-1.000000 -1.000000 -1.000000 -1.000000 0.000000 0.226190 
-1.000000 -1.000000 -1.000000 -1.000000 -1.000000 0.000000 

NORMALIZED GUIDE FUNCTION:
0.197003 0.161006 0.128126 0.0985898 0.0726056 0.0503589 0.032012 0.0177032 0.00754511 0.0016242 0 0.0027046 0.00974229 0.0210894 0.0366942 0.0564775 0.0803324 0.108125 0.139697 0.174862 0.213411 0.255113 0.299715 0.346943 0.396506 0.448095 0.501389 0.556051 0.611737 0.668092 0.724757 0.781367 0.837559 0.892968 0.947233 1 


BIN SEQUENCE:
4 3 3 3 2 2 2 1 1 1 1 1 1 2 2 2 3 3 3 4 4 4 4 4 5 5 5 5 5 5 6 6 6 6 6 6 


SEQUENCE OF PREFERRED BINS:
44  33  33  33  22  22  22  11  11  11  11  11  11  22  22  22  33  33  33  44  44  44  44  44  55  55  55  55  55  55  ...
53  42  42  42  31  31  31  22  22  22  22  22  22  31  31  31  42  42  42  53  53  53  53  53  64  64  64  64  64  64  ...
62  51  51  51  44  44  44  33  33  33  33  33  33  44  44  44  51  51  51  62  62  62  62  62  33  33  33  33  33  33  ...
11  66  66  66  55  55  55  44  44  44  44  44  44  55  55  55  66  66  66  11  11  11  11  11  22  22  22  22  22  22  ...
00  00  00  00  66  66  66  55  55  55  55  55  55  66  66  66  00  00  00  00  00  00  00  00  11  11  11  11  11  11  ...
00  00  00  00  00  00  00  66  66  66  66  66  66  00  00  00  00  00  00  00  00  00  00  00  00  00  00  00  00  00  ...


BIN ALLOCATION OF DISTANCES:
1 6 2 1 1 3 
4 1 4 5 6 6 
1 1 2 3 4 6 
2 4 5 2 4 5 
3 5 5 6 2 4 
3 5 2 3 6 3 


BINS USED:
4 3 3 2 2 3 2 1 2 3 1 2 4 4 2 1 1 6 4 4 5 6 3 3 5 5 5 4 6 5 1 6 6 6 5 0 


TRANSITION SEQUENCE:
-1 -1 -1 -1 0 0.178571 -1 -1 0 -1 -1 0 0.202381 0.22619 -1 -1 -1 -1 0.392857 0.380952 -1 0.607143 0 -1 0.428571 -1 0.571429 -1 0.77381 -1 0 1 -1 -1 -1 0 


CORRELATION COEFFICIENT:          0.220315
DETECTION POWER:                  0.317727

