
Cycle found:
------------
025424004351201155323344131450305221
------------
Valid sequence 


NORMALIZED NEURAL MODEL:
-1.000000 -1.000000 -1.000000 -1.000000 -1.000000 -1.000000 
-1.000000 0.000000 0.392857 0.571429 0.773810 1.000000 
-1.000000 -1.000000 0.000000 0.178571 0.380952 0.607143 
-1.000000 -1.000000 -1.000000 0.000000 0.202381 0.428571 
-1.000000 -1.000000 -1.000000 -1.000000 0.000000 0.226190 
-1.000000 -1.000000 -1.000000 -1.000000 -1.000000 0.000000 

NORMALIZED GUIDE FUNCTION:
1 0.935033 0.86936 0.8034 0.737578 0.672313 0.608023 0.545121 0.484009 0.425076 0.3687 0.315242 0.265041 0.21842 0.175675 0.137078 0.102876 0.0732863 0.0484964 0.0286638 0.0139139 0.00433941 0 0.00092174 0.00709701 0.0184845 0.0350097 0.056565 0.0830108 0.114176 0.14986 0.189832 0.233835 0.281586 0.332777 0.387081 


BIN SEQUENCE:
6 6 6 6 6 6 5 5 5 5 5 4 4 4 3 3 3 2 2 2 1 1 1 1 1 1 2 2 2 3 3 3 4 4 4 5 


SEQUENCE OF PREFERRED BINS:
66  66  66  66  66  66  55  55  55  55  55  44  44  44  33  33  33  22  22  22  11  11  11  11  11  11  22  22  22  33  ...
55  55  55  55  55  55  64  64  64  64  64  53  53  53  42  42  42  31  31  31  22  22  22  22  22  22  31  31  31  42  ...
44  44  44  44  44  44  33  33  33  33  33  62  62  62  51  51  51  44  44  44  33  33  33  33  33  33  44  44  44  51  ...
33  33  33  33  33  33  22  22  22  22  22  11  11  11  66  66  66  55  55  55  44  44  44  44  44  44  55  55  55  66  ...
22  22  22  22  22  22  11  11  11  11  11  00  00  00  00  00  00  66  66  66  55  55  55  55  55  55  66  66  66  00  ...
11  11  11  11  11  11  00  00  00  00  00  00  00  00  00  00  00  00  00  00  66  66  66  66  66  66  00  00  00  00  ...


BIN ALLOCATION OF DISTANCES:
5 2 6 1 5 2 
4 1 4 6 6 6 
4 3 1 3 4 6 
6 4 3 1 3 5 
4 2 5 3 1 3 
1 5 2 2 5 2 


BINS USED:
6 6 5 5 4 4 5 5 3 5 5 4 4 2 1 6 2 2 3 3 1 3 1 2 6 4 6 3 1 1 6 2 2 1 3 0 


TRANSITION SEQUENCE:
-1 0.607143 -1 -1 0.380952 -1 -1 -1 -1 0.428571 -1 0.392857 -1 -1 0 1 0 -1 -1 0.178571 0 0.202381 0 -1 0.571429 -1 0.77381 0.22619 -1 -1 -1 -1 -1 0 -1 0 


CORRELATION COEFFICIENT:          0.120863
DETECTION POWER:                  0.258404

