
Cycle found:
------------
104015250351344245412311432200553302
------------
Valid sequence 


NORMALIZED NEURAL MODEL:
-1.000000 -1.000000 -1.000000 -1.000000 -1.000000 -1.000000 
-1.000000 0.000000 0.392857 0.571429 0.773810 1.000000 
-1.000000 -1.000000 0.000000 0.178571 0.380952 0.607143 
-1.000000 -1.000000 -1.000000 0.000000 0.202381 0.428571 
-1.000000 -1.000000 -1.000000 -1.000000 0.000000 0.226190 
-1.000000 -1.000000 -1.000000 -1.000000 -1.000000 0.000000 

NORMALIZED GUIDE FUNCTION:
1 0.967864 0.93321 0.896259 0.857244 0.816414 0.774027 0.730356 0.685677 0.640276 0.594444 0.548474 0.50266 0.457296 0.412673 0.369078 0.326791 0.286085 0.247222 0.210452 0.176015 0.144132 0.115011 0.0888409 0.0657924 0.0460164 0.0296428 0.01678 0.00751382 0.00190731 0 0.00180777 0.0073227 0.0165131 0.0293238 0.0456761 


BIN SEQUENCE:
6 6 6 6 6 6 5 5 5 5 5 5 4 4 4 4 4 4 3 3 3 3 3 3 2 2 2 2 1 1 1 1 1 1 2 2 


SEQUENCE OF PREFERRED BINS:
66  66  66  66  66  66  55  55  55  55  55  55  44  44  44  44  44  44  33  33  33  33  33  33  22  22  22  22  11  11  ...
55  55  55  55  55  55  64  64  64  64  64  64  53  53  53  53  53  53  42  42  42  42  42  42  31  31  31  31  22  22  ...
44  44  44  44  44  44  33  33  33  33  33  33  62  62  62  62  62  62  51  51  51  51  51  51  44  44  44  44  33  33  ...
33  33  33  33  33  33  22  22  22  22  22  22  11  11  11  11  11  11  66  66  66  66  66  66  55  55  55  55  44  44  ...
22  22  22  22  22  22  11  11  11  11  11  11  00  00  00  00  00  00  00  00  00  00  00  00  66  66  66  66  55  55  ...
11  11  11  11  11  11  00  00  00  00  00  00  00  00  00  00  00  00  00  00  00  00  00  00  00  00  00  00  66  66  ...


BIN ALLOCATION OF DISTANCES:
1 4 2 4 6 2 
6 1 4 5 6 6 
1 5 2 3 4 5 
2 3 2 2 3 4 
6 1 5 1 3 3 
5 5 6 1 4 3 


BINS USED:
6 6 6 4 6 6 5 5 4 4 5 5 3 3 5 4 3 4 1 4 3 3 1 6 1 2 2 1 1 2 3 1 2 2 2 0 


TRANSITION SEQUENCE:
-1 -1 -1 -1 1 -1 0.607143 -1 -1 0.428571 -1 0.571429 0.202381 0 -1 0.380952 0.22619 -1 -1 0.392857 0.178571 -1 0 0.77381 -1 -1 0 -1 -1 -1 0 -1 0 -1 -1 0 


CORRELATION COEFFICIENT:          0.35767
DETECTION POWER:                  0.335183

