Unable to find a valid Hamiltonian Circuit.
Elapsed time: 2 seconds. Trying again...

Cycle found:
------------
201325154124503140052343355304422110
------------
Valid sequence 


NORMALIZED NEURAL MODEL:
-1.000000 -1.000000 -1.000000 -1.000000 -1.000000 -1.000000 
-1.000000 0.000000 0.392857 0.571429 0.773810 1.000000 
-1.000000 -1.000000 0.000000 0.178571 0.380952 0.607143 
-1.000000 -1.000000 -1.000000 0.000000 0.202381 0.428571 
-1.000000 -1.000000 -1.000000 -1.000000 0.000000 0.226190 
-1.000000 -1.000000 -1.000000 -1.000000 -1.000000 0.000000 

NORMALIZED GUIDE FUNCTION:
0.944848 0.963162 0.977912 0.989009 0.996386 1 0.999833 0.995891 0.988204 0.976826 0.961834 0.943328 0.921433 0.896291 0.868069 0.836951 0.80314 0.766855 0.728332 0.687821 0.645583 0.601892 0.557028 0.51128 0.464943 0.418313 0.37169 0.325372 0.279655 0.234832 0.191187 0.149 0.108537 0.0700558 0.0338005 0 


BIN SEQUENCE:
5 5 5 6 6 6 6 6 6 5 5 5 4 4 4 4 4 4 3 3 3 3 3 3 2 2 2 2 2 2 1 1 1 1 1 1 


SEQUENCE OF PREFERRED BINS:
55  55  55  66  66  66  66  66  66  55  55  55  44  44  44  44  44  44  33  33  33  33  33  33  22  22  22  22  22  22  ...
64  64  64  55  55  55  55  55  55  64  64  64  53  53  53  53  53  53  42  42  42  42  42  42  31  31  31  31  31  31  ...
33  33  33  44  44  44  44  44  44  33  33  33  62  62  62  62  62  62  51  51  51  51  51  51  44  44  44  44  44  44  ...
22  22  22  33  33  33  33  33  33  22  22  22  11  11  11  11  11  11  66  66  66  66  66  66  55  55  55  55  55  55  ...
11  11  11  22  22  22  22  22  22  11  11  11  00  00  00  00  00  00  00  00  00  00  00  00  66  66  66  66  66  66  ...
00  00  00  11  11  11  11  11  11  00  00  00  00  00  00  00  00  00  00  00  00  00  00  00  00  00  00  00  00  00  ...


BIN ALLOCATION OF DISTANCES:
6 6 3 3 1 1 
1 1 4 5 6 6 
5 3 1 3 4 6 
2 4 6 1 3 5 
2 5 2 2 2 4 
4 5 3 4 5 2 


BINS USED:
5 6 5 6 6 5 6 5 5 4 4 4 4 3 4 6 2 6 1 3 3 3 2 1 5 2 4 2 1 2 2 1 3 1 1 0 


TRANSITION SEQUENCE:
-1 -1 0.571429 -1 0.607143 -1 1 -1 -1 0.392857 0.380952 0.22619 -1 -1 -1 0.77381 -1 -1 -1 -1 0.178571 0.202381 -1 0 0.428571 0 -1 -1 -1 0 -1 0 -1 0 -1 0 


CORRELATION COEFFICIENT:          0.528681
DETECTION POWER:                  0.494895

