
Cycle found:
------------
353254120502451310114221552300403443
------------
Valid sequence 


NORMALIZED NEURAL MODEL:
-1.000000 -1.000000 -1.000000 -1.000000 -1.000000 -1.000000 
-1.000000 0.000000 0.392857 0.571429 0.773810 1.000000 
-1.000000 -1.000000 0.000000 0.178571 0.380952 0.607143 
-1.000000 -1.000000 -1.000000 0.000000 0.202381 0.428571 
-1.000000 -1.000000 -1.000000 -1.000000 0.000000 0.226190 
-1.000000 -1.000000 -1.000000 -1.000000 -1.000000 0.000000 

NORMALIZED GUIDE FUNCTION:
1 0.953274 0.904689 0.854556 0.803198 0.750944 0.698128 0.645089 0.592168 0.539701 0.488026 0.437474 0.388366 0.341017 0.29573 0.252793 0.212482 0.175051 0.140741 0.109769 0.0823333 0.0586068 0.0387403 0.0228596 0.0110645 0.00342891 0 0.000797944 0.00581586 0.0150199 0.0283492 0.0457169 0.0670099 0.0920903 0.120796 0.152941 


BIN SEQUENCE:
6 6 6 6 6 6 5 5 5 5 5 5 4 4 4 4 4 4 3 3 3 2 2 2 1 1 1 1 1 1 2 2 2 3 3 3 


SEQUENCE OF PREFERRED BINS:
66  66  66  66  66  66  55  55  55  55  55  55  44  44  44  44  44  44  33  33  33  22  22  22  11  11  11  11  11  11  ...
55  55  55  55  55  55  64  64  64  64  64  64  53  53  53  53  53  53  42  42  42  31  31  31  22  22  22  22  22  22  ...
44  44  44  44  44  44  33  33  33  33  33  33  62  62  62  62  62  62  51  51  51  44  44  44  33  33  33  33  33  33  ...
33  33  33  33  33  33  22  22  22  22  22  22  11  11  11  11  11  11  66  66  66  55  55  55  44  44  44  44  44  44  ...
22  22  22  22  22  22  11  11  11  11  11  11  00  00  00  00  00  00  00  00  00  66  66  66  55  55  55  55  55  55  ...
11  11  11  11  11  11  00  00  00  00  00  00  00  00  00  00  00  00  00  00  00  00  00  00  66  66  66  66  66  66  ...


BIN ALLOCATION OF DISTANCES:
1 2 2 2 2 3 
3 1 5 5 6 6 
5 3 1 3 4 6 
4 4 5 1 4 5 
1 6 4 5 1 4 
3 3 2 6 6 2 


BINS USED:
5 6 5 6 6 6 5 5 3 3 2 4 4 3 5 4 3 2 1 6 4 1 3 6 2 2 3 4 1 2 1 2 4 1 5 0 


TRANSITION SEQUENCE:
0.428571 -1 -1 0.607143 -1 -1 0.392857 -1 -1 -1 -1 0.380952 0.22619 -1 0.571429 -1 -1 -1 0 0.77381 -1 0 -1 1 0 -1 0.178571 -1 -1 -1 -1 -1 0.202381 0 -1 0 


CORRELATION COEFFICIENT:          0.173678
DETECTION POWER:                  0.154265

