
Cycle found:
------------
205221104330023412451544013250355314
------------
Valid sequence 


NORMALIZED NEURAL MODEL:
-1.000000 -1.000000 -1.000000 -1.000000 -1.000000 -1.000000 
-1.000000 0.000000 0.392857 0.571429 0.773810 1.000000 
-1.000000 -1.000000 0.000000 0.178571 0.380952 0.607143 
-1.000000 -1.000000 -1.000000 0.000000 0.202381 0.428571 
-1.000000 -1.000000 -1.000000 -1.000000 0.000000 0.226190 
-1.000000 -1.000000 -1.000000 -1.000000 -1.000000 0.000000 

NORMALIZED GUIDE FUNCTION:
0.000436554 0 0.00282684 0.00890599 0.0182055 0.0306726 0.0462341 0.064797 0.0862484 0.110457 0.137274 0.166531 0.198048 0.231626 0.267054 0.30411 0.342558 0.382155 0.42265 0.463785 0.505296 0.546919 0.588387 0.629432 0.669792 0.709206 0.747419 0.784183 0.819259 0.852419 0.883446 0.912137 0.938302 0.961769 0.982381 1 


BIN SEQUENCE:
1 1 1 1 1 1 2 2 2 2 2 2 3 3 3 3 3 3 4 4 4 4 4 4 5 5 5 5 5 5 6 6 6 6 6 6 


SEQUENCE OF PREFERRED BINS:
11  11  11  11  11  11  22  22  22  22  22  22  33  33  33  33  33  33  44  44  44  44  44  44  55  55  55  55  55  55  ...
22  22  22  22  22  22  31  31  31  31  31  31  42  42  42  42  42  42  53  53  53  53  53  53  64  64  64  64  64  64  ...
33  33  33  33  33  33  44  44  44  44  44  44  51  51  51  51  51  51  62  62  62  62  62  62  33  33  33  33  33  33  ...
44  44  44  44  44  44  55  55  55  55  55  55  66  66  66  66  66  66  11  11  11  11  11  11  22  22  22  22  22  22  ...
55  55  55  55  55  55  66  66  66  66  66  66  00  00  00  00  00  00  00  00  00  00  00  00  11  11  11  11  11  11  ...
66  66  66  66  66  66  00  00  00  00  00  00  00  00  00  00  00  00  00  00  00  00  00  00  00  00  00  00  00  00  ...


BIN ALLOCATION OF DISTANCES:
3 5 3 6 2 2 
1 1 5 6 6 6 
1 3 2 4 5 6 
1 1 5 2 4 5 
6 3 2 2 3 4 
5 4 1 3 4 4 


BINS USED:
1 2 1 2 3 1 1 2 2 2 1 3 3 4 4 3 5 5 4 4 6 4 3 6 5 6 5 6 5 6 5 4 3 1 6 0 


TRANSITION SEQUENCE:
-1 -1 -1 0 -1 0 -1 -1 -1 0 -1 -1 -1 0.178571 0.202381 -1 0.392857 0.380952 0.22619 -1 1 -1 0 -1 -1 0.571429 -1 0.607143 -1 -1 0.428571 0 -1 -1 0.77381 0 


CORRELATION COEFFICIENT:          0.226263
DETECTION POWER:                  0.226888

