Unable to find a valid Hamiltonian Circuit.
Elapsed time: 2 seconds. Trying again...

Cycle found:
------------
102312201152414433403005504542532135
------------
Valid sequence 


NORMALIZED NEURAL MODEL:
-1.000000 -1.000000 -1.000000 -1.000000 -1.000000 -1.000000 
-1.000000 0.000000 0.392857 0.571429 0.773810 1.000000 
-1.000000 -1.000000 0.000000 0.178571 0.380952 0.607143 
-1.000000 -1.000000 -1.000000 0.000000 0.202381 0.428571 
-1.000000 -1.000000 -1.000000 -1.000000 0.000000 0.226190 
-1.000000 -1.000000 -1.000000 -1.000000 -1.000000 0.000000 

NORMALIZED GUIDE FUNCTION:
0.255298 0.211877 0.1719 0.13562 0.103263 0.0750291 0.0510935 0.0316026 0.0166742 0.00639702 0.000829495 0 0.00390649 0.0125166 0.0257678 0.0435682 0.0657966 0.0923039 0.122914 0.157423 0.195606 0.237212 0.281968 0.329585 0.379752 0.432143 0.486421 0.542235 0.599225 0.657024 0.715261 0.773563 0.831555 0.888869 0.945136 1 


BIN SEQUENCE:
4 4 3 3 3 2 2 2 1 1 1 1 1 1 2 2 2 3 3 3 4 4 4 4 5 5 5 5 5 5 6 6 6 6 6 6 


SEQUENCE OF PREFERRED BINS:
44  44  33  33  33  22  22  22  11  11  11  11  11  11  22  22  22  33  33  33  44  44  44  44  55  55  55  55  55  55  ...
53  53  42  42  42  31  31  31  22  22  22  22  22  22  31  31  31  42  42  42  53  53  53  53  64  64  64  64  64  64  ...
62  62  51  51  51  44  44  44  33  33  33  33  33  33  44  44  44  51  51  51  62  62  62  62  33  33  33  33  33  33  ...
11  11  66  66  66  55  55  55  44  44  44  44  44  44  55  55  55  66  66  66  11  11  11  11  22  22  22  22  22  22  ...
00  00  00  00  00  66  66  66  55  55  55  55  55  55  66  66  66  00  00  00  00  00  00  00  11  11  11  11  11  11  ...
00  00  00  00  00  00  00  00  66  66  66  66  66  66  00  00  00  00  00  00  00  00  00  00  00  00  00  00  00  00  ...


BIN ALLOCATION OF DISTANCES:
5 3 3 3 1 1 
5 1 5 6 6 6 
5 6 2 4 5 6 
4 4 2 2 4 6 
3 1 4 3 2 4 
2 5 1 1 2 3 


BINS USED:
5 3 4 4 5 2 5 3 1 6 1 5 1 6 2 3 2 4 3 3 4 5 1 3 2 1 4 2 4 6 1 2 6 6 6 0 


TRANSITION SEQUENCE:
-1 -1 0.178571 -1 0.392857 0 -1 -1 0 1 -1 0.380952 -1 0.77381 0 -1 0 0.202381 -1 -1 -1 -1 -1 0 -1 -1 0.22619 -1 -1 0.607143 -1 -1 -1 0.571429 0.428571 0 


CORRELATION COEFFICIENT:          0.0342527
DETECTION POWER:                  0.232847

