
Cycle found:
------------
254212432304450331105534002013514152
------------
Valid sequence 


NORMALIZED NEURAL MODEL:
-1.000000 -1.000000 -1.000000 -1.000000 -1.000000 -1.000000 
-1.000000 0.000000 0.392857 0.571429 0.773810 1.000000 
-1.000000 -1.000000 0.000000 0.178571 0.380952 0.607143 
-1.000000 -1.000000 -1.000000 0.000000 0.202381 0.428571 
-1.000000 -1.000000 -1.000000 -1.000000 0.000000 0.226190 
-1.000000 -1.000000 -1.000000 -1.000000 -1.000000 0.000000 

NORMALIZED GUIDE FUNCTION:
0.556344 0.489753 0.425917 0.365247 0.308134 0.254948 0.206033 0.161707 0.122258 0.0879438 0.058988 0.0355815 0.0178795 0.00600056 2.61658e-05 0 0.00592766 0.0177766 0.0354763 0.0589186 0.0879586 0.122415 0.162073 0.206681 0.25596 0.309597 0.367253 0.428562 0.493134 0.560558 0.630405 0.70223 0.775573 0.849968 0.924936 1 


BIN SEQUENCE:
5 5 5 4 4 4 3 3 3 2 2 2 1 1 1 1 1 1 2 2 2 3 3 3 4 4 4 5 5 5 6 6 6 6 6 6 


SEQUENCE OF PREFERRED BINS:
55  55  55  44  44  44  33  33  33  22  22  22  11  11  11  11  11  11  22  22  22  33  33  33  44  44  44  55  55  55  ...
64  64  64  53  53  53  42  42  42  31  31  31  22  22  22  22  22  22  31  31  31  42  42  42  53  53  53  64  64  64  ...
33  33  33  62  62  62  51  51  51  44  44  44  33  33  33  33  33  33  44  44  44  51  51  51  62  62  62  33  33  33  ...
22  22  22  11  11  11  66  66  66  55  55  55  44  44  44  44  44  44  55  55  55  66  66  66  11  11  11  22  22  22  ...
11  11  11  00  00  00  00  00  00  66  66  66  55  55  55  55  55  55  66  66  66  00  00  00  00  00  00  11  11  11  ...
00  00  00  00  00  00  00  00  00  00  00  00  66  66  66  66  66  66  00  00  00  00  00  00  00  00  00  00  00  00  ...


BIN ALLOCATION OF DISTANCES:
2 1 2 1 2 2 
5 1 4 5 5 6 
3 4 1 3 4 5 
2 2 3 1 4 5 
6 6 5 3 3 4 
1 6 6 4 6 3 


BINS USED:
5 6 5 4 4 4 3 3 3 2 2 3 4 1 1 1 2 1 5 2 3 4 4 6 2 2 3 1 5 5 6 5 6 6 6 0 


TRANSITION SEQUENCE:
0.607143 -1 -1 -1 0.392857 0.380952 -1 -1 0.178571 -1 -1 0 0.22619 -1 -1 0 -1 0 -1 -1 0 -1 0.202381 -1 -1 -1 -1 -1 0.571429 0.428571 -1 0.77381 -1 1 -1 0 


CORRELATION COEFFICIENT:          0.442419
DETECTION POWER:                  0.438204

