
Cycle found:
------------
300422033440231241321514553501105254
------------
Valid sequence 


NORMALIZED NEURAL MODEL:
-1.000000 -1.000000 -1.000000 -1.000000 -1.000000 -1.000000 
-1.000000 0.000000 0.392857 0.571429 0.773810 1.000000 
-1.000000 -1.000000 0.000000 0.178571 0.380952 0.607143 
-1.000000 -1.000000 -1.000000 0.000000 0.202381 0.428571 
-1.000000 -1.000000 -1.000000 -1.000000 0.000000 0.226190 
-1.000000 -1.000000 -1.000000 -1.000000 -1.000000 0.000000 

NORMALIZED GUIDE FUNCTION:
0 0.0692268 0.13876 0.208148 0.276947 0.344717 0.411031 0.475472 0.537639 0.597152 0.653646 0.706783 0.756246 0.801746 0.843022 0.879842 0.912004 0.93934 0.961712 0.979017 0.991185 0.99818 1 0.996676 0.988273 0.974888 0.956649 0.933715 0.906273 0.87454 0.838756 0.799188 0.756124 0.709872 0.660758 0.609125 


BIN SEQUENCE:
1 1 1 1 1 1 2 2 2 2 2 3 3 4 4 4 5 5 5 6 6 6 6 6 6 5 5 5 4 4 4 3 3 3 3 2 


SEQUENCE OF PREFERRED BINS:
11  11  11  11  11  11  22  22  22  22  22  33  33  44  44  44  55  55  55  66  66  66  66  66  66  55  55  55  44  44  ...
22  22  22  22  22  22  31  31  31  31  31  42  42  53  53  53  64  64  64  55  55  55  55  55  55  64  64  64  53  53  ...
33  33  33  33  33  33  44  44  44  44  44  51  51  62  62  62  33  33  33  44  44  44  44  44  44  33  33  33  62  62  ...
44  44  44  44  44  44  55  55  55  55  55  66  66  11  11  11  22  22  22  33  33  33  33  33  33  22  22  22  11  11  ...
55  55  55  55  55  55  66  66  66  66  66  00  00  00  00  00  11  11  11  22  22  22  22  22  22  11  11  11  00  00  ...
66  66  66  66  66  66  00  00  00  00  00  00  00  00  00  00  00  00  00  11  11  11  11  11  11  00  00  00  00  00  ...


BIN ALLOCATION OF DISTANCES:
1 5 5 4 3 6 
2 1 4 5 6 6 
3 6 2 3 4 5 
1 4 5 2 3 4 
1 5 1 6 2 3 
2 6 1 2 4 3 


BINS USED:
1 1 3 1 2 3 4 2 3 2 1 5 3 4 4 4 5 5 5 6 6 6 6 3 3 2 4 2 5 1 2 6 1 5 4 0 


TRANSITION SEQUENCE:
-1 -1 -1 -1 0 -1 -1 0 0.202381 0 -1 -1 0.178571 -1 0.392857 0.380952 -1 0.571429 -1 -1 1 -1 0.77381 0.22619 0 -1 0.428571 -1 -1 0 -1 -1 -1 0.607143 -1 0 


CORRELATION COEFFICIENT:          0.274986
DETECTION POWER:                  0.38594

