
Cycle found:
------------
412344551101432022152530400503313542
------------
Valid sequence 


NORMALIZED NEURAL MODEL:
-1.000000 -1.000000 -1.000000 -1.000000 -1.000000 -1.000000 
-1.000000 0.000000 0.392857 0.571429 0.773810 1.000000 
-1.000000 -1.000000 0.000000 0.178571 0.380952 0.607143 
-1.000000 -1.000000 -1.000000 0.000000 0.202381 0.428571 
-1.000000 -1.000000 -1.000000 -1.000000 0.000000 0.226190 
-1.000000 -1.000000 -1.000000 -1.000000 -1.000000 0.000000 

NORMALIZED GUIDE FUNCTION:
0.678609 0.604133 0.532136 0.463082 0.397417 0.335566 0.277932 0.224889 0.176782 0.133926 0.0966035 0.0650596 0.0395041 0.0201084 0.00700466 0.000284819 0 0.00616014 0.0187339 0.0376486 0.0627912 0.0940082 0.131107 0.173858 0.221993 0.27521 0.333176 0.395524 0.461861 0.531765 0.604793 0.680482 0.758348 0.837897 0.918619 1 


BIN SEQUENCE:
6 5 5 5 4 4 4 3 3 3 2 2 2 1 1 1 1 1 1 2 2 2 3 3 3 4 4 4 5 5 5 6 6 6 6 6 


SEQUENCE OF PREFERRED BINS:
66  55  55  55  44  44  44  33  33  33  22  22  22  11  11  11  11  11  11  22  22  22  33  33  33  44  44  44  55  55  ...
55  64  64  64  53  53  53  42  42  42  31  31  31  22  22  22  22  22  22  31  31  31  42  42  42  53  53  53  64  64  ...
44  33  33  33  62  62  62  51  51  51  44  44  44  33  33  33  33  33  33  44  44  44  51  51  51  62  62  62  33  33  ...
33  22  22  22  11  11  11  66  66  66  55  55  55  44  44  44  44  44  44  55  55  55  66  66  66  11  11  11  22  22  ...
22  11  11  11  00  00  00  00  00  00  66  66  66  55  55  55  55  55  55  66  66  66  00  00  00  00  00  00  11  11  ...
11  00  00  00  00  00  00  00  00  00  00  00  00  66  66  66  66  66  66  00  00  00  00  00  00  00  00  00  00  00  ...


BIN ALLOCATION OF DISTANCES:
3 3 3 6 3 3 
4 2 5 6 6 6 
1 2 2 4 5 6 
3 4 1 4 5 5 
1 6 2 2 4 5 
1 2 1 1 5 4 


BINS USED:
6 5 4 5 4 5 4 2 2 4 3 6 2 1 1 3 2 2 6 1 6 1 3 3 1 3 3 1 6 4 4 6 5 5 2 0 


TRANSITION SEQUENCE:
-1 0.392857 0.178571 0.202381 0 0.22619 0 -1 0 -1 -1 0.77381 -1 -1 -1 -1 0 -1 1 -1 0.607143 -1 -1 -1 -1 -1 -1 -1 -1 0 -1 0.571429 0.428571 -1 -1 0 


CORRELATION COEFFICIENT:          -0.192296
DETECTION POWER:                  0.328518

