
Cycle found:
------------
415251450434055330320110021231354224
------------
Valid sequence 


NORMALIZED NEURAL MODEL:
-1.000000 -1.000000 -1.000000 -1.000000 -1.000000 -1.000000 
-1.000000 0.000000 0.392857 0.571429 0.773810 1.000000 
-1.000000 -1.000000 0.000000 0.178571 0.380952 0.607143 
-1.000000 -1.000000 -1.000000 0.000000 0.202381 0.428571 
-1.000000 -1.000000 -1.000000 -1.000000 0.000000 0.226190 
-1.000000 -1.000000 -1.000000 -1.000000 -1.000000 0.000000 

NORMALIZED GUIDE FUNCTION:
1 0.923897 0.847926 0.772575 0.698328 0.625665 0.555057 0.486961 0.421821 0.360062 0.302088 0.248282 0.198999 0.154565 0.115279 0.0814041 0.0531715 0.0307761 0.0143757 0.00409005 0 0.00214673 0.0105315 0.0251155 0.04582 0.0725269 0.105079 0.143282 0.186903 0.235676 0.2893 0.347443 0.409741 0.475806 0.545221 0.61755 


BIN SEQUENCE:
6 6 6 6 6 6 5 5 5 4 4 4 3 3 3 2 2 2 1 1 1 1 1 1 2 2 2 3 3 3 4 4 4 5 5 5 


SEQUENCE OF PREFERRED BINS:
66  66  66  66  66  66  55  55  55  44  44  44  33  33  33  22  22  22  11  11  11  11  11  11  22  22  22  33  33  33  ...
55  55  55  55  55  55  64  64  64  53  53  53  42  42  42  31  31  31  22  22  22  22  22  22  31  31  31  42  42  42  ...
44  44  44  44  44  44  33  33  33  62  62  62  51  51  51  44  44  44  33  33  33  33  33  33  44  44  44  51  51  51  ...
33  33  33  33  33  33  22  22  22  11  11  11  66  66  66  55  55  55  44  44  44  44  44  44  55  55  55  66  66  66  ...
22  22  22  22  22  22  11  11  11  00  00  00  00  00  00  66  66  66  55  55  55  55  55  55  66  66  66  00  00  00  ...
11  11  11  11  11  11  00  00  00  00  00  00  00  00  00  00  00  00  66  66  66  66  66  66  00  00  00  00  00  00  ...


BIN ALLOCATION OF DISTANCES:
6 2 4 2 4 3 
3 1 5 5 6 6 
1 2 1 4 5 6 
1 4 3 1 4 5 
3 5 2 3 1 4 
5 6 6 2 2 3 


BINS USED:
5 6 6 6 6 6 4 5 4 3 4 3 3 3 2 1 1 2 3 1 2 1 3 6 4 2 5 4 4 5 5 2 2 1 5 0 


TRANSITION SEQUENCE:
-1 1 -1 0.607143 -1 0.77381 0.22619 -1 -1 -1 0.202381 -1 -1 0 -1 0 -1 -1 -1 -1 -1 0 -1 -1 -1 -1 0.392857 0.178571 -1 0.571429 0.428571 -1 -1 0 0.380952 0 


CORRELATION COEFFICIENT:          0.369683
DETECTION POWER:                  0.365234

