
Cycle found:
------------
332244512341101352025031540421430055
------------
Valid sequence 


NORMALIZED NEURAL MODEL:
-1.000000 -1.000000 -1.000000 -1.000000 -1.000000 -1.000000 
-1.000000 0.000000 0.392857 0.571429 0.773810 1.000000 
-1.000000 -1.000000 0.000000 0.178571 0.380952 0.607143 
-1.000000 -1.000000 -1.000000 0.000000 0.202381 0.428571 
-1.000000 -1.000000 -1.000000 -1.000000 0.000000 0.226190 
-1.000000 -1.000000 -1.000000 -1.000000 -1.000000 0.000000 

NORMALIZED GUIDE FUNCTION:
0 0.0593572 0.119811 0.180973 0.242452 0.303853 0.364783 0.424853 0.48368 0.540886 0.596108 0.648994 0.699207 0.746429 0.790359 0.83072 0.867256 0.899737 0.927958 0.951743 0.970943 0.98544 0.995145 1 0.999979 0.995086 0.985358 0.97086 0.95169 0.927975 0.899871 0.867562 0.831258 0.791197 0.747637 0.70086 


BIN SEQUENCE:
1 1 1 1 1 1 2 2 2 2 2 2 3 3 3 4 4 4 5 5 5 6 6 6 6 6 6 5 5 5 4 4 4 3 3 3 


SEQUENCE OF PREFERRED BINS:
11  11  11  11  11  11  22  22  22  22  22  22  33  33  33  44  44  44  55  55  55  66  66  66  66  66  66  55  55  55  ...
22  22  22  22  22  22  31  31  31  31  31  31  42  42  42  53  53  53  64  64  64  55  55  55  55  55  55  64  64  64  ...
33  33  33  33  33  33  44  44  44  44  44  44  51  51  51  62  62  62  33  33  33  44  44  44  44  44  44  33  33  33  ...
44  44  44  44  44  44  55  55  55  55  55  55  66  66  66  11  11  11  22  22  22  33  33  33  33  33  33  22  22  22  ...
55  55  55  55  55  55  66  66  66  66  66  66  00  00  00  00  00  00  11  11  11  22  22  22  22  22  22  11  11  11  ...
66  66  66  66  66  66  00  00  00  00  00  00  00  00  00  00  00  00  00  00  00  11  11  11  11  11  11  00  00  00  ...


BIN ALLOCATION OF DISTANCES:
4 3 6 6 6 3 
3 1 2 5 6 6 
4 6 1 2 2 5 
2 5 1 1 2 4 
5 3 4 3 1 2 
5 3 4 4 5 1 


BINS USED:
1 1 1 2 1 2 3 2 2 2 3 1 3 3 5 4 4 4 6 5 5 6 5 6 5 5 6 4 6 6 3 2 4 3 1 0 


TRANSITION SEQUENCE:
0 -1 0 0.380952 0 0.22619 -1 0.392857 0.178571 0.202381 -1 0 -1 -1 0.571429 0.428571 -1 -1 -1 0.607143 -1 -1 -1 1 -1 -1 -1 -1 -1 0.77381 -1 -1 -1 -1 0 0 


CORRELATION COEFFICIENT:          0.436901
DETECTION POWER:                  0.408715

