
Cycle found:
------------
223110442001450213515325434033055241
------------
Valid sequence 


NORMALIZED NEURAL MODEL:
-1.000000 -1.000000 -1.000000 -1.000000 -1.000000 -1.000000 
-1.000000 0.000000 0.392857 0.571429 0.773810 1.000000 
-1.000000 -1.000000 0.000000 0.178571 0.380952 0.607143 
-1.000000 -1.000000 -1.000000 0.000000 0.202381 0.428571 
-1.000000 -1.000000 -1.000000 -1.000000 0.000000 0.226190 
-1.000000 -1.000000 -1.000000 -1.000000 -1.000000 0.000000 

NORMALIZED GUIDE FUNCTION:
0 0.0832532 0.16569 0.246784 0.326014 0.402875 0.476873 0.547536 0.614411 0.677071 0.735115 0.788171 0.835901 0.878 0.914199 0.944266 0.96801 0.98528 0.995966 1 0.997358 0.988057 0.972158 0.949763 0.921017 0.886105 0.845251 0.798718 0.746804 0.689842 0.628199 0.562268 0.492475 0.419264 0.343107 0.264491 


BIN SEQUENCE:
1 1 1 1 1 2 2 2 3 3 3 4 4 4 5 5 5 6 6 6 6 6 6 5 5 5 4 4 4 3 3 3 2 2 2 1 


SEQUENCE OF PREFERRED BINS:
11  11  11  11  11  22  22  22  33  33  33  44  44  44  55  55  55  66  66  66  66  66  66  55  55  55  44  44  44  33  ...
22  22  22  22  22  31  31  31  42  42  42  53  53  53  64  64  64  55  55  55  55  55  55  64  64  64  53  53  53  42  ...
33  33  33  33  33  44  44  44  51  51  51  62  62  62  33  33  33  44  44  44  44  44  44  33  33  33  62  62  62  51  ...
44  44  44  44  44  55  55  55  66  66  66  11  11  11  22  22  22  33  33  33  33  33  33  22  22  22  11  11  11  66  ...
55  55  55  55  55  66  66  66  00  00  00  00  00  00  11  11  11  22  22  22  22  22  22  11  11  11  00  00  00  00  ...
66  66  66  66  66  00  00  00  00  00  00  00  00  00  00  00  00  11  11  11  11  11  11  00  00  00  00  00  00  00  ...


BIN ALLOCATION OF DISTANCES:
3 3 5 4 2 1 
4 1 5 6 6 6 
3 6 1 3 4 6 
2 2 4 2 3 6 
1 1 1 5 2 4 
4 5 3 5 5 2 


BINS USED:
1 3 2 1 4 2 2 1 3 3 3 6 4 4 5 6 6 6 5 6 5 4 6 5 5 3 1 4 2 2 1 2 3 4 1 0 


TRANSITION SEQUENCE:
0 0.178571 -1 0 -1 -1 0 -1 -1 -1 -1 0.77381 0.22619 -1 -1 -1 0.571429 0.428571 -1 1 -1 -1 0.607143 -1 -1 0.202381 -1 -1 0 -1 -1 0 -1 0.380952 -1 0 


CORRELATION COEFFICIENT:          0.487542
DETECTION POWER:                  0.446099

