
Cycle found:
------------
435313205121034115223302425504540014
------------
Valid sequence 


NORMALIZED NEURAL MODEL:
-1.000000 -1.000000 -1.000000 -1.000000 -1.000000 -1.000000 
-1.000000 0.000000 0.392857 0.571429 0.773810 1.000000 
-1.000000 -1.000000 0.000000 0.178571 0.380952 0.607143 
-1.000000 -1.000000 -1.000000 0.000000 0.202381 0.428571 
-1.000000 -1.000000 -1.000000 -1.000000 0.000000 0.226190 
-1.000000 -1.000000 -1.000000 -1.000000 -1.000000 0.000000 

NORMALIZED GUIDE FUNCTION:
1 0.912169 0.825818 0.741492 0.659717 0.580992 0.505792 0.434558 0.367702 0.305597 0.248582 0.196955 0.150975 0.110858 0.0767786 0.0488668 0.0272105 0.0118536 0.00279731 0 0.00337868 0.01281 0.0281315 0.0491437 0.0756117 0.107267 0.143812 0.184918 0.230234 0.279382 0.331969 0.387582 0.445795 0.506173 0.56827 0.631641 


BIN SEQUENCE:
6 6 6 6 6 5 5 5 4 4 4 3 3 3 2 2 1 1 1 1 1 1 2 2 2 2 3 3 3 4 4 4 5 5 5 6 


SEQUENCE OF PREFERRED BINS:
66  66  66  66  66  55  55  55  44  44  44  33  33  33  22  22  11  11  11  11  11  11  22  22  22  22  33  33  33  44  ...
55  55  55  55  55  64  64  64  53  53  53  42  42  42  31  31  22  22  22  22  22  22  31  31  31  31  42  42  42  53  ...
44  44  44  44  44  33  33  33  62  62  62  51  51  51  44  44  33  33  33  33  33  33  44  44  44  44  51  51  51  62  ...
33  33  33  33  33  22  22  22  11  11  11  66  66  66  55  55  44  44  44  44  44  44  55  55  55  55  66  66  66  11  ...
22  22  22  22  22  11  11  11  00  00  00  00  00  00  66  66  55  55  55  55  55  55  66  66  66  66  00  00  00  00  ...
11  11  11  11  11  00  00  00  00  00  00  00  00  00  00  00  66  66  66  66  66  66  00  00  00  00  00  00  00  00  ...


BIN ALLOCATION OF DISTANCES:
4 5 2 4 4 5 
2 1 5 6 6 6 
5 4 1 3 5 6 
3 4 4 1 3 5 
1 2 2 6 1 3 
2 3 1 6 2 3 


BINS USED:
6 5 6 4 6 4 5 5 3 5 4 2 4 3 2 1 6 1 1 3 1 3 2 5 2 6 3 2 4 3 2 1 4 5 6 0 


TRANSITION SEQUENCE:
-1 0.428571 -1 -1 0.571429 -1 -1 -1 -1 0.392857 -1 -1 -1 0.202381 -1 0 1 -1 0 0.178571 0 -1 -1 0.380952 -1 0.607143 0 -1 -1 0.22619 -1 -1 -1 -1 0.77381 0 


CORRELATION COEFFICIENT:          0.152711
DETECTION POWER:                  0.135696

