
Cycle found:
------------
014150425124034431102232133055453520
------------
Valid sequence 


NORMALIZED NEURAL MODEL:
-1.000000 -1.000000 -1.000000 -1.000000 -1.000000 -1.000000 
-1.000000 0.000000 0.392857 0.571429 0.773810 1.000000 
-1.000000 -1.000000 0.000000 0.178571 0.380952 0.607143 
-1.000000 -1.000000 -1.000000 0.000000 0.202381 0.428571 
-1.000000 -1.000000 -1.000000 -1.000000 0.000000 0.226190 
-1.000000 -1.000000 -1.000000 -1.000000 -1.000000 0.000000 

NORMALIZED GUIDE FUNCTION:
1 0.920146 0.840814 0.762512 0.68574 0.610987 0.538729 0.469426 0.403517 0.34142 0.283527 0.230205 0.181787 0.138578 0.100848 0.068831 0.0427242 0.0226873 0.00884065 0.00126479 0 0.0050461 0.0163625 0.0338685 0.0574439 0.0869298 0.12213 0.16281 0.208705 0.259512 0.314899 0.374507 0.437948 0.504811 0.574663 0.647054 


BIN SEQUENCE:
6 6 6 6 6 5 5 5 4 4 4 3 3 3 2 2 2 1 1 1 1 1 1 2 2 2 3 3 3 4 4 4 5 5 5 6 


SEQUENCE OF PREFERRED BINS:
66  66  66  66  66  55  55  55  44  44  44  33  33  33  22  22  22  11  11  11  11  11  11  22  22  22  33  33  33  44  ...
55  55  55  55  55  64  64  64  53  53  53  42  42  42  31  31  31  22  22  22  22  22  22  31  31  31  42  42  42  53  ...
44  44  44  44  44  33  33  33  62  62  62  51  51  51  44  44  44  33  33  33  33  33  33  44  44  44  51  51  51  62  ...
33  33  33  33  33  22  22  22  11  11  11  66  66  66  55  55  55  44  44  44  44  44  44  55  55  55  66  66  66  11  ...
22  22  22  22  22  11  11  11  00  00  00  00  00  00  66  66  66  55  55  55  55  55  55  66  66  66  00  00  00  00  ...
11  11  11  11  11  00  00  00  00  00  00  00  00  00  00  00  00  66  66  66  66  66  66  00  00  00  00  00  00  00  ...


BIN ALLOCATION OF DISTANCES:
1 5 2 2 4 4 
2 1 4 5 6 6 
6 3 1 3 4 5 
3 2 1 2 3 5 
3 6 5 1 2 4 
6 4 1 6 5 3 


BINS USED:
5 6 6 6 6 4 5 5 4 4 4 3 2 3 2 1 2 1 2 2 1 3 1 3 5 2 3 4 3 5 4 6 5 1 6 0 


TRANSITION SEQUENCE:
-1 0.77381 -1 1 -1 -1 -1 0.607143 -1 0.392857 0.380952 -1 -1 0.202381 0 -1 -1 0 -1 -1 0 0.178571 -1 -1 0.571429 0 -1 -1 0 -1 0.22619 -1 0.428571 -1 -1 0 


CORRELATION COEFFICIENT:          0.429539
DETECTION POWER:                  0.383868

