
Cycle found:
------------
205433023404513503155241221001144253
------------
Valid sequence 


NORMALIZED NEURAL MODEL:
-1.000000 -1.000000 -1.000000 -1.000000 -1.000000 -1.000000 
-1.000000 0.000000 0.392857 0.571429 0.773810 1.000000 
-1.000000 -1.000000 0.000000 0.178571 0.380952 0.607143 
-1.000000 -1.000000 -1.000000 0.000000 0.202381 0.428571 
-1.000000 -1.000000 -1.000000 -1.000000 0.000000 0.226190 
-1.000000 -1.000000 -1.000000 -1.000000 -1.000000 0.000000 

NORMALIZED GUIDE FUNCTION:
0.248441 0.32926 0.407465 0.482562 0.554075 0.621553 0.684572 0.742738 0.795686 0.843089 0.884654 0.920126 0.949289 0.971969 0.988033 0.997393 1 0.995851 0.984987 0.967489 0.943483 0.913135 0.876653 0.834281 0.786302 0.733035 0.674831 0.612073 0.545171 0.474562 0.400706 0.32408 0.245183 0.164522 0.0826192 0 


BIN SEQUENCE:
1 2 2 2 3 3 3 4 4 4 5 5 5 6 6 6 6 6 6 5 5 5 4 4 4 3 3 3 2 2 2 1 1 1 1 1 


SEQUENCE OF PREFERRED BINS:
11  22  22  22  33  33  33  44  44  44  55  55  55  66  66  66  66  66  66  55  55  55  44  44  44  33  33  33  22  22  ...
22  31  31  31  42  42  42  53  53  53  64  64  64  55  55  55  55  55  55  64  64  64  53  53  53  42  42  42  31  31  ...
33  44  44  44  51  51  51  62  62  62  33  33  33  44  44  44  44  44  44  33  33  33  62  62  62  51  51  51  44  44  ...
44  55  55  55  66  66  66  11  11  11  22  22  22  33  33  33  33  33  33  22  22  22  11  11  11  66  66  66  55  55  ...
55  66  66  66  00  00  00  00  00  00  11  11  11  22  22  22  22  22  22  11  11  11  00  00  00  00  00  00  66  66  ...
66  00  00  00  00  00  00  00  00  00  00  00  00  11  11  11  11  11  11  00  00  00  00  00  00  00  00  00  00  00  ...


BIN ALLOCATION OF DISTANCES:
1 1 3 1 5 2 
2 1 5 6 6 6 
1 2 2 4 5 6 
3 4 1 3 4 6 
4 5 5 3 3 5 
4 6 2 4 2 3 


BINS USED:
1 2 2 3 3 3 3 4 4 4 5 5 6 6 6 4 1 4 6 3 2 5 5 5 2 2 2 1 1 1 6 3 5 6 4 0 


TRANSITION SEQUENCE:
-1 -1 -1 -1 0 -1 -1 0.178571 0.202381 -1 -1 0.22619 -1 0.571429 0.428571 -1 -1 -1 1 0 -1 0.380952 -1 0.392857 0 -1 -1 -1 -1 0 0.77381 0 -1 0.607143 -1 0 


CORRELATION COEFFICIENT:          0.155104
DETECTION POWER:                  0.164607

