
Cycle found:
------------
110541215201331422344550403530024325
------------
Valid sequence 


NORMALIZED NEURAL MODEL:
-1.000000 -1.000000 -1.000000 -1.000000 -1.000000 -1.000000 
-1.000000 0.000000 0.392857 0.571429 0.773810 1.000000 
-1.000000 -1.000000 0.000000 0.178571 0.380952 0.607143 
-1.000000 -1.000000 -1.000000 0.000000 0.202381 0.428571 
-1.000000 -1.000000 -1.000000 -1.000000 0.000000 0.226190 
-1.000000 -1.000000 -1.000000 -1.000000 -1.000000 0.000000 

NORMALIZED GUIDE FUNCTION:
0.063377 0.0437331 0.0276087 0.015106 0.00630412 0.00125837 0 0.00253599 0.00884904 0.0188976 0.0326164 0.0499164 0.0706859 0.0947908 0.122076 0.152366 0.185465 0.221161 0.259225 0.299412 0.341464 0.385112 0.430075 0.476066 0.522788 0.569944 0.61723 0.664345 0.710985 0.756854 0.801657 0.845108 0.886929 0.926852 0.964623 1 


BIN SEQUENCE:
2 2 2 1 1 1 1 1 1 2 2 2 3 3 3 3 3 3 4 4 4 4 4 4 5 5 5 5 5 5 6 6 6 6 6 6 


SEQUENCE OF PREFERRED BINS:
22  22  22  11  11  11  11  11  11  22  22  22  33  33  33  33  33  33  44  44  44  44  44  44  55  55  55  55  55  55  ...
31  31  31  22  22  22  22  22  22  31  31  31  42  42  42  42  42  42  53  53  53  53  53  53  64  64  64  64  64  64  ...
44  44  44  33  33  33  33  33  33  44  44  44  51  51  51  51  51  51  62  62  62  62  62  62  33  33  33  33  33  33  ...
55  55  55  44  44  44  44  44  44  55  55  55  66  66  66  66  66  66  11  11  11  11  11  11  22  22  22  22  22  22  ...
66  66  66  55  55  55  55  55  55  66  66  66  00  00  00  00  00  00  00  00  00  00  00  00  11  11  11  11  11  11  ...
00  00  00  66  66  66  66  66  66  00  00  00  00  00  00  00  00  00  00  00  00  00  00  00  00  00  00  00  00  00  ...


BIN ALLOCATION OF DISTANCES:
1 2 1 1 3 2 
5 2 5 6 6 6 
2 1 3 4 5 6 
1 3 1 3 4 5 
6 3 4 6 4 5 
4 3 2 5 2 4 


BINS USED:
2 5 2 2 3 5 1 6 2 2 2 6 3 3 6 4 3 4 4 4 5 4 4 3 6 1 5 5 1 1 1 5 6 1 6 0 


TRANSITION SEQUENCE:
0 -1 -1 -1 -1 0.392857 -1 1 -1 -1 -1 0.571429 0 -1 0.77381 -1 0 0.178571 0.202381 0 0.22619 0 -1 -1 -1 -1 0.428571 -1 -1 -1 -1 0.380952 -1 -1 0.607143 0 


CORRELATION COEFFICIENT:          -0.0607394
DETECTION POWER:                  0.319825

