
Cycle found:
------------
321501403525312024510042234305544113
------------
Valid sequence 


NORMALIZED NEURAL MODEL:
-1.000000 -1.000000 -1.000000 -1.000000 -1.000000 -1.000000 
-1.000000 0.000000 0.392857 0.571429 0.773810 1.000000 
-1.000000 -1.000000 0.000000 0.178571 0.380952 0.607143 
-1.000000 -1.000000 -1.000000 0.000000 0.202381 0.428571 
-1.000000 -1.000000 -1.000000 -1.000000 0.000000 0.226190 
-1.000000 -1.000000 -1.000000 -1.000000 -1.000000 0.000000 

NORMALIZED GUIDE FUNCTION:
1 0.979561 0.956191 0.930048 0.901306 0.870158 0.836809 0.801478 0.764398 0.72581 0.685966 0.645125 0.60355 0.56151 0.519276 0.477118 0.435306 0.394107 0.353783 0.31459 0.276775 0.240577 0.206223 0.173928 0.143893 0.116303 0.0913293 0.0691232 0.0498193 0.0335331 0.0203603 0.0103762 0.00363574 0.000172746 0 0.00310915 


BIN SEQUENCE:
6 6 6 6 6 6 5 5 5 5 5 5 4 4 4 4 4 4 3 3 3 3 3 3 2 2 2 2 2 2 1 1 1 1 1 1 


SEQUENCE OF PREFERRED BINS:
66  66  66  66  66  66  55  55  55  55  55  55  44  44  44  44  44  44  33  33  33  33  33  33  22  22  22  22  22  22  ...
55  55  55  55  55  55  64  64  64  64  64  64  53  53  53  53  53  53  42  42  42  42  42  42  31  31  31  31  31  31  ...
44  44  44  44  44  44  33  33  33  33  33  33  62  62  62  62  62  62  51  51  51  51  51  51  44  44  44  44  44  44  ...
33  33  33  33  33  33  22  22  22  22  22  22  11  11  11  11  11  11  66  66  66  66  66  66  55  55  55  55  55  55  ...
22  22  22  22  22  22  11  11  11  11  11  11  00  00  00  00  00  00  00  00  00  00  00  00  66  66  66  66  66  66  ...
11  11  11  11  11  11  00  00  00  00  00  00  00  00  00  00  00  00  00  00  00  00  00  00  00  00  00  00  00  00  ...


BIN ALLOCATION OF DISTANCES:
3 6 4 5 2 5 
2 1 4 5 5 5 
4 6 1 2 3 5 
1 4 6 1 2 4 
6 6 2 1 1 3 
6 3 4 3 3 2 


BINS USED:
6 6 5 6 6 5 6 5 4 4 5 3 4 4 4 4 3 3 3 2 3 2 2 1 2 2 1 1 5 2 3 1 6 1 5 0 


TRANSITION SEQUENCE:
-1 -1 1 -1 -1 0.77381 -1 -1 0.428571 -1 0.607143 -1 -1 0.392857 -1 -1 0.380952 0.22619 -1 -1 -1 -1 -1 0 0.178571 0.202381 -1 -1 -1 0 -1 0 -1 0 0.571429 0 


CORRELATION COEFFICIENT:          0.520732
DETECTION POWER:                  0.415952

