
Cycle found:
------------
330050104034453241252021435131155422
------------
Valid sequence 


NORMALIZED NEURAL MODEL:
-1.000000 -1.000000 -1.000000 -1.000000 -1.000000 -1.000000 
-1.000000 0.000000 0.392857 0.571429 0.773810 1.000000 
-1.000000 -1.000000 0.000000 0.178571 0.380952 0.607143 
-1.000000 -1.000000 -1.000000 0.000000 0.202381 0.428571 
-1.000000 -1.000000 -1.000000 -1.000000 0.000000 0.226190 
-1.000000 -1.000000 -1.000000 -1.000000 -1.000000 0.000000 

NORMALIZED GUIDE FUNCTION:
0 0.0269373 0.0565833 0.0887472 0.123222 0.159786 0.198204 0.238229 0.279604 0.322064 0.365337 0.409145 0.453206 0.49724 0.540964 0.584099 0.626367 0.6675 0.707234 0.745315 0.7815 0.815558 0.847273 0.876442 0.902879 0.926417 0.946906 0.964216 0.978237 0.988882 0.996083 0.999797 1 0.996693 0.9899 0.979664 


BIN SEQUENCE:
1 1 1 1 1 1 2 2 2 2 2 2 3 3 3 3 3 3 4 4 4 4 4 4 5 5 5 5 5 6 6 6 6 6 6 5 


SEQUENCE OF PREFERRED BINS:
11  11  11  11  11  11  22  22  22  22  22  22  33  33  33  33  33  33  44  44  44  44  44  44  55  55  55  55  55  66  ...
22  22  22  22  22  22  31  31  31  31  31  31  42  42  42  42  42  42  53  53  53  53  53  53  64  64  64  64  64  55  ...
33  33  33  33  33  33  44  44  44  44  44  44  51  51  51  51  51  51  62  62  62  62  62  62  33  33  33  33  33  44  ...
44  44  44  44  44  44  55  55  55  55  55  55  66  66  66  66  66  66  11  11  11  11  11  11  22  22  22  22  22  33  ...
55  55  55  55  55  55  66  66  66  66  66  66  00  00  00  00  00  00  00  00  00  00  00  00  11  11  11  11  11  22  ...
66  66  66  66  66  66  00  00  00  00  00  00  00  00  00  00  00  00  00  00  00  00  00  00  00  00  00  00  00  11  ...


BIN ALLOCATION OF DISTANCES:
2 5 6 6 5 2 
2 1 3 4 4 6 
5 5 1 3 3 4 
2 6 4 1 3 4 
2 5 6 6 1 3 
1 5 4 3 1 2 


BINS USED:
1 2 2 2 1 5 2 5 2 6 3 1 3 3 4 3 5 3 4 4 5 6 5 4 6 4 5 4 6 1 6 2 1 6 1 0 


TRANSITION SEQUENCE:
0 -1 -1 -1 -1 -1 -1 -1 -1 -1 0.202381 0 0.22619 -1 -1 0.380952 -1 0.392857 0.607143 -1 -1 -1 -1 0.77381 -1 0.428571 -1 0.571429 -1 0 1 0 -1 -1 0 0 


CORRELATION COEFFICIENT:          0.153145
DETECTION POWER:                  0.329822

