
Cycle found:
------------
345011220024313214044253355410305152
------------
Valid sequence 


NORMALIZED NEURAL MODEL:
-1.000000 -1.000000 -1.000000 -1.000000 -1.000000 -1.000000 
-1.000000 0.000000 0.392857 0.571429 0.773810 1.000000 
-1.000000 -1.000000 0.000000 0.178571 0.380952 0.607143 
-1.000000 -1.000000 -1.000000 0.000000 0.202381 0.428571 
-1.000000 -1.000000 -1.000000 -1.000000 0.000000 0.226190 
-1.000000 -1.000000 -1.000000 -1.000000 -1.000000 0.000000 

NORMALIZED GUIDE FUNCTION:
0.329619 0.280041 0.233679 0.190828 0.151766 0.116742 0.085982 0.0596842 0.0380178 0.0211225 0.00910779 0.00205151 0 0.00296748 0.010936 0.0238557 0.0416448 0.0641905 0.0913493 0.122948 0.158786 0.198634 0.242237 0.289318 0.339576 0.392688 0.448316 0.506104 0.565682 0.626669 0.688675 0.751302 0.81415 0.876816 0.938898 1 


BIN SEQUENCE:
4 4 4 3 3 3 2 2 2 1 1 1 1 1 1 2 2 2 3 3 3 4 4 4 5 5 5 5 5 5 6 6 6 6 6 6 


SEQUENCE OF PREFERRED BINS:
44  44  44  33  33  33  22  22  22  11  11  11  11  11  11  22  22  22  33  33  33  44  44  44  55  55  55  55  55  55  ...
53  53  53  42  42  42  31  31  31  22  22  22  22  22  22  31  31  31  42  42  42  53  53  53  64  64  64  64  64  64  ...
62  62  62  51  51  51  44  44  44  33  33  33  33  33  33  44  44  44  51  51  51  62  62  62  33  33  33  33  33  33  ...
11  11  11  66  66  66  55  55  55  44  44  44  44  44  44  55  55  55  66  66  66  11  11  11  22  22  22  22  22  22  ...
00  00  00  00  00  00  66  66  66  55  55  55  55  55  55  66  66  66  00  00  00  00  00  00  11  11  11  11  11  11  ...
00  00  00  00  00  00  00  00  00  66  66  66  66  66  66  00  00  00  00  00  00  00  00  00  00  00  00  00  00  00  ...


BIN ALLOCATION OF DISTANCES:
1 4 1 5 4 5 
6 2 4 5 6 6 
1 6 2 3 4 6 
2 1 1 3 3 5 
2 6 5 1 3 3 
4 2 4 5 2 3 


BINS USED:
3 3 4 4 2 4 2 1 1 1 4 1 1 5 1 6 6 2 4 3 5 6 5 3 5 3 2 6 6 5 2 5 2 6 4 0 


TRANSITION SEQUENCE:
0.202381 0.22619 -1 -1 0 0.392857 0 -1 -1 -1 0.380952 -1 -1 0.571429 -1 -1 0.77381 -1 -1 0 -1 0.607143 -1 0 0.428571 0 -1 -1 -1 -1 -1 -1 -1 1 -1 0 


CORRELATION COEFFICIENT:          0.0284466
DETECTION POWER:                  0.231537

