
Cycle found:
------------
211014455433412423500525322031513040
------------
Valid sequence 


NORMALIZED NEURAL MODEL:
-1.000000 -1.000000 -1.000000 -1.000000 -1.000000 -1.000000 
-1.000000 0.000000 0.392857 0.571429 0.773810 1.000000 
-1.000000 -1.000000 0.000000 0.178571 0.380952 0.607143 
-1.000000 -1.000000 -1.000000 0.000000 0.202381 0.428571 
-1.000000 -1.000000 -1.000000 -1.000000 0.000000 0.226190 
-1.000000 -1.000000 -1.000000 -1.000000 -1.000000 0.000000 

NORMALIZED GUIDE FUNCTION:
0 0.0203086 0.0435236 0.0694939 0.0980515 0.129011 0.162174 0.197324 0.234236 0.272673 0.312386 0.353121 0.394616 0.436605 0.478819 0.520986 0.562838 0.604107 0.644528 0.683844 0.721803 0.758165 0.792696 0.825178 0.855404 0.883182 0.908336 0.930708 0.950156 0.966558 0.979811 0.989832 0.996561 0.999957 1 0.996693 


BIN SEQUENCE:
1 1 1 1 1 1 2 2 2 2 2 2 3 3 3 3 3 3 4 4 4 4 4 4 5 5 5 5 5 5 6 6 6 6 6 6 


SEQUENCE OF PREFERRED BINS:
11  11  11  11  11  11  22  22  22  22  22  22  33  33  33  33  33  33  44  44  44  44  44  44  55  55  55  55  55  55  ...
22  22  22  22  22  22  31  31  31  31  31  31  42  42  42  42  42  42  53  53  53  53  53  53  64  64  64  64  64  64  ...
33  33  33  33  33  33  44  44  44  44  44  44  51  51  51  51  51  51  62  62  62  62  62  62  33  33  33  33  33  33  ...
44  44  44  44  44  44  55  55  55  55  55  55  66  66  66  66  66  66  11  11  11  11  11  11  22  22  22  22  22  22  ...
55  55  55  55  55  55  66  66  66  66  66  66  00  00  00  00  00  00  00  00  00  00  00  00  11  11  11  11  11  11  ...
66  66  66  66  66  66  00  00  00  00  00  00  00  00  00  00  00  00  00  00  00  00  00  00  00  00  00  00  00  00  ...


BIN ALLOCATION OF DISTANCES:
4 1 5 6 2 5 
2 1 4 4 4 5 
2 1 1 3 3 4 
1 6 5 2 3 4 
6 5 6 5 2 3 
3 1 6 6 3 2 


BINS USED:
1 1 2 1 4 2 3 2 3 5 2 3 5 4 3 6 3 4 3 4 5 6 4 6 5 1 2 6 6 5 1 4 1 2 6 0 


TRANSITION SEQUENCE:
-1 0 -1 -1 0.77381 0 0.22619 0 -1 -1 0 0.202381 -1 0.392857 0.380952 -1 0.178571 0.428571 -1 -1 -1 -1 0.607143 -1 -1 0 -1 -1 -1 1 -1 0.571429 -1 -1 -1 0 


CORRELATION COEFFICIENT:          0.213029
DETECTION POWER:                  0.31327

