
Cycle found:
------------
413532002455112101442343033152250540
------------
Valid sequence 


NORMALIZED NEURAL MODEL:
-1.000000 -1.000000 -1.000000 -1.000000 -1.000000 -1.000000 
-1.000000 0.000000 0.392857 0.571429 0.773810 1.000000 
-1.000000 -1.000000 0.000000 0.178571 0.380952 0.607143 
-1.000000 -1.000000 -1.000000 0.000000 0.202381 0.428571 
-1.000000 -1.000000 -1.000000 -1.000000 0.000000 0.226190 
-1.000000 -1.000000 -1.000000 -1.000000 -1.000000 0.000000 

NORMALIZED GUIDE FUNCTION:
0.656831 0.582663 0.511201 0.442901 0.378198 0.317502 0.261199 0.209645 0.163166 0.122056 0.0865726 0.0569385 0.0333384 0.0159178 0.00478312 0 0.00159353 0.00954792 0.0238067 0.0442729 0.0708102 0.103243 0.141359 0.184909 0.23361 0.287144 0.345165 0.407297 0.47314 0.542268 0.614235 0.688579 0.764821 0.842472 0.921033 1 


BIN SEQUENCE:
6 5 5 5 4 4 4 3 3 3 2 2 2 1 1 1 1 1 1 2 2 2 3 3 3 4 4 4 5 5 5 6 6 6 6 6 


SEQUENCE OF PREFERRED BINS:
66  55  55  55  44  44  44  33  33  33  22  22  22  11  11  11  11  11  11  22  22  22  33  33  33  44  44  44  55  55  ...
55  64  64  64  53  53  53  42  42  42  31  31  31  22  22  22  22  22  22  31  31  31  42  42  42  53  53  53  64  64  ...
44  33  33  33  62  62  62  51  51  51  44  44  44  33  33  33  33  33  33  44  44  44  51  51  51  62  62  62  33  33  ...
33  22  22  22  11  11  11  66  66  66  55  55  55  44  44  44  44  44  44  55  55  55  66  66  66  11  11  11  22  22  ...
22  11  11  11  00  00  00  00  00  00  66  66  66  55  55  55  55  55  55  66  66  66  00  00  00  00  00  00  11  11  ...
11  00  00  00  00  00  00  00  00  00  00  00  00  66  66  66  66  66  66  00  00  00  00  00  00  00  00  00  00  00  ...


BIN ALLOCATION OF DISTANCES:
3 2 3 5 3 6 
4 1 3 5 6 6 
4 1 1 2 3 6 
3 4 4 1 2 5 
5 6 4 4 1 2 
6 2 5 5 1 2 


BINS USED:
6 5 5 5 4 4 3 3 3 2 2 2 1 3 1 4 2 6 1 4 2 2 4 3 5 1 4 6 5 1 6 6 6 1 5 0 


TRANSITION SEQUENCE:
-1 0.571429 0.428571 -1 -1 -1 -1 -1 0.380952 0.22619 0 -1 0 0.392857 -1 -1 -1 0.77381 0 -1 0.178571 0.202381 -1 -1 -1 0 -1 1 -1 0 0.607143 -1 -1 -1 -1 0 


CORRELATION COEFFICIENT:          0.0517264
DETECTION POWER:                  0.162494

