
Cycle found:
------------
140352530012450210423411513322055443
------------
Valid sequence 


NORMALIZED NEURAL MODEL:
-1.000000 -1.000000 -1.000000 -1.000000 -1.000000 -1.000000 
-1.000000 0.000000 0.392857 0.571429 0.773810 1.000000 
-1.000000 -1.000000 0.000000 0.178571 0.380952 0.607143 
-1.000000 -1.000000 -1.000000 0.000000 0.202381 0.428571 
-1.000000 -1.000000 -1.000000 -1.000000 0.000000 0.226190 
-1.000000 -1.000000 -1.000000 -1.000000 -1.000000 0.000000 

NORMALIZED GUIDE FUNCTION:
1 0.958684 0.915235 0.869935 0.823075 0.774958 0.725893 0.676196 0.626185 0.576182 0.526505 0.477474 0.4294 0.382591 0.337344 0.293947 0.252676 0.213792 0.177541 0.144151 0.113833 0.0867758 0.0631497 0.0431009 0.0267533 0.0142064 0.00553589 0.000791993 0 0.00315979 0.010246 0.021208 0.0359705 0.0544342 0.0764758 0.10195 


BIN SEQUENCE:
6 6 6 6 6 6 5 5 5 5 5 5 4 4 4 4 4 4 3 3 3 3 2 2 2 1 1 1 1 1 1 2 2 2 3 3 


SEQUENCE OF PREFERRED BINS:
66  66  66  66  66  66  55  55  55  55  55  55  44  44  44  44  44  44  33  33  33  33  22  22  22  11  11  11  11  11  ...
55  55  55  55  55  55  64  64  64  64  64  64  53  53  53  53  53  53  42  42  42  42  31  31  31  22  22  22  22  22  ...
44  44  44  44  44  44  33  33  33  33  33  33  62  62  62  62  62  62  51  51  51  51  44  44  44  33  33  33  33  33  ...
33  33  33  33  33  33  22  22  22  22  22  22  11  11  11  11  11  11  66  66  66  66  55  55  55  44  44  44  44  44  ...
22  22  22  22  22  22  11  11  11  11  11  11  00  00  00  00  00  00  00  00  00  00  66  66  66  55  55  55  55  55  ...
11  11  11  11  11  11  00  00  00  00  00  00  00  00  00  00  00  00  00  00  00  00  00  00  00  66  66  66  66  66  ...


BIN ALLOCATION OF DISTANCES:
4 4 2 5 2 1 
3 1 5 6 6 6 
5 4 1 2 5 6 
4 5 3 1 3 5 
6 2 3 6 1 4 
3 2 4 3 2 1 


BINS USED:
6 6 5 5 4 6 3 4 4 4 5 5 4 3 2 4 3 2 3 2 3 2 1 6 2 6 1 3 1 5 1 1 2 1 6 0 


TRANSITION SEQUENCE:
0.77381 -1 -1 0.428571 -1 0.607143 -1 -1 -1 -1 0.392857 0.380952 0.22619 -1 -1 -1 -1 -1 -1 0.178571 0.202381 -1 0 1 -1 0.571429 0 -1 0 -1 -1 0 -1 0 -1 0 


CORRELATION COEFFICIENT:          0.343843
DETECTION POWER:                  0.2829

