
Cycle found:
------------
402152514350323455331101200442241305
------------
Valid sequence 


NORMALIZED NEURAL MODEL:
-1.000000 -1.000000 -1.000000 -1.000000 -1.000000 -1.000000 
-1.000000 0.000000 0.392857 0.571429 0.773810 1.000000 
-1.000000 -1.000000 0.000000 0.178571 0.380952 0.607143 
-1.000000 -1.000000 -1.000000 0.000000 0.202381 0.428571 
-1.000000 -1.000000 -1.000000 -1.000000 0.000000 0.226190 
-1.000000 -1.000000 -1.000000 -1.000000 -1.000000 0.000000 

NORMALIZED GUIDE FUNCTION:
1 0.924027 0.848222 0.773069 0.69905 0.626638 0.556296 0.488474 0.423604 0.362102 0.304359 0.250744 0.201598 0.157234 0.117934 0.0839484 0.0554917 0.0327441 0.0158488 0.00491158 0 0.00114298 0.00833065 0.0215145 0.0406075 0.0654849 0.0959851 0.13191 0.173028 0.219073 0.269749 0.324728 0.383657 0.446158 0.511827 0.580244 


BIN SEQUENCE:
6 6 6 6 6 6 5 5 5 4 4 4 3 3 3 2 2 2 1 1 1 1 1 1 2 2 2 3 3 3 4 4 4 5 5 5 


SEQUENCE OF PREFERRED BINS:
66  66  66  66  66  66  55  55  55  44  44  44  33  33  33  22  22  22  11  11  11  11  11  11  22  22  22  33  33  33  ...
55  55  55  55  55  55  64  64  64  53  53  53  42  42  42  31  31  31  22  22  22  22  22  22  31  31  31  42  42  42  ...
44  44  44  44  44  44  33  33  33  62  62  62  51  51  51  44  44  44  33  33  33  33  33  33  44  44  44  51  51  51  ...
33  33  33  33  33  33  22  22  22  11  11  11  66  66  66  55  55  55  44  44  44  44  44  44  55  55  55  66  66  66  ...
22  22  22  22  22  22  11  11  11  00  00  00  00  00  00  66  66  66  55  55  55  55  55  55  66  66  66  00  00  00  ...
11  11  11  11  11  11  00  00  00  00  00  00  00  00  00  00  00  00  66  66  66  66  66  66  00  00  00  00  00  00  ...


BIN ALLOCATION OF DISTANCES:
5 3 6 5 6 1 
2 1 4 4 5 6 
2 4 1 3 3 4 
6 2 3 1 3 4 
6 5 1 5 1 3 
2 4 6 2 5 2 


BINS USED:
6 6 4 6 6 4 4 5 5 4 2 5 3 3 3 3 2 2 1 2 1 2 3 4 2 5 6 1 1 1 3 5 4 6 1 0 


TRANSITION SEQUENCE:
-1 -1 -1 1 -1 0.607143 -1 0.77381 -1 0.428571 -1 -1 -1 0.178571 0.202381 0.22619 0 -1 0 -1 0 -1 -1 0.392857 -1 -1 -1 0 -1 0 0.380952 -1 0.571429 -1 -1 0 


CORRELATION COEFFICIENT:          0.391071
DETECTION POWER:                  0.490586

