
Cycle found:
------------
342112244525504135405310020151430332
------------
Valid sequence 


NORMALIZED NEURAL MODEL:
-1.000000 -1.000000 -1.000000 -1.000000 -1.000000 -1.000000 
-1.000000 0.000000 0.392857 0.571429 0.773810 1.000000 
-1.000000 -1.000000 0.000000 0.178571 0.380952 0.607143 
-1.000000 -1.000000 -1.000000 0.000000 0.202381 0.428571 
-1.000000 -1.000000 -1.000000 -1.000000 0.000000 0.226190 
-1.000000 -1.000000 -1.000000 -1.000000 -1.000000 0.000000 

NORMALIZED GUIDE FUNCTION:
0.0641418 0.0443945 0.0281548 0.0155266 0.00659067 0.0014041 0 0.00238726 0.00855047 0.01845 0.0320224 0.0491807 0.0698147 0.0937922 0.12096 0.151143 0.184148 0.219765 0.257764 0.297902 0.339923 0.383556 0.428523 0.474535 0.521298 0.568512 0.615875 0.663083 0.709835 0.75583 0.800775 0.84438 0.886369 0.92647 0.964428 1 


BIN SEQUENCE:
2 2 2 1 1 1 1 1 1 2 2 2 3 3 3 3 3 3 4 4 4 4 4 4 5 5 5 5 5 5 6 6 6 6 6 6 


SEQUENCE OF PREFERRED BINS:
22  22  22  11  11  11  11  11  11  22  22  22  33  33  33  33  33  33  44  44  44  44  44  44  55  55  55  55  55  55  ...
31  31  31  22  22  22  22  22  22  31  31  31  42  42  42  42  42  42  53  53  53  53  53  53  64  64  64  64  64  64  ...
44  44  44  33  33  33  33  33  33  44  44  44  51  51  51  51  51  51  62  62  62  62  62  62  33  33  33  33  33  33  ...
55  55  55  44  44  44  44  44  44  55  55  55  66  66  66  66  66  66  11  11  11  11  11  11  22  22  22  22  22  22  ...
66  66  66  55  55  55  55  55  55  66  66  66  00  00  00  00  00  00  00  00  00  00  00  00  11  11  11  11  11  11  ...
00  00  00  66  66  66  66  66  66  00  00  00  00  00  00  00  00  00  00  00  00  00  00  00  00  00  00  00  00  00  ...


BIN ALLOCATION OF DISTANCES:
6 6 6 2 2 5 
4 1 3 4 5 5 
5 1 1 2 3 5 
5 4 6 1 2 3 
4 4 1 6 1 3 
3 6 2 4 3 2 


BINS USED:
2 1 1 1 3 1 3 1 3 2 5 2 3 2 4 4 3 3 4 5 4 4 4 6 6 5 6 5 6 5 6 5 2 1 6 0 


TRANSITION SEQUENCE:
0.202381 -1 -1 0 0.392857 0 0.380952 0 0.22619 -1 0.607143 0 -1 -1 -1 0.571429 0.428571 -1 -1 -1 -1 -1 -1 -1 -1 -1 -1 1 -1 0.77381 -1 -1 -1 0 -1 0 


CORRELATION COEFFICIENT:          0.111449
DETECTION POWER:                  0.428837

