
Cycle found:
------------
212425453150410340511300201443322355
------------
Valid sequence 


NORMALIZED NEURAL MODEL:
-1.000000 -1.000000 -1.000000 -1.000000 -1.000000 -1.000000 
-1.000000 0.000000 0.392857 0.571429 0.773810 1.000000 
-1.000000 -1.000000 0.000000 0.178571 0.380952 0.607143 
-1.000000 -1.000000 -1.000000 0.000000 0.202381 0.428571 
-1.000000 -1.000000 -1.000000 -1.000000 0.000000 0.226190 
-1.000000 -1.000000 -1.000000 -1.000000 -1.000000 0.000000 

NORMALIZED GUIDE FUNCTION:
0.945621 0.963822 0.978436 0.989375 0.996576 1 0.999631 0.995478 0.987574 0.975978 0.960769 0.942051 0.919952 0.894617 0.866216 0.834935 0.800979 0.764572 0.725951 0.685366 0.643082 0.599371 0.554517 0.508808 0.462539 0.416007 0.369511 0.323347 0.277811 0.233193 0.189778 0.14784 0.107646 0.0694501 0.0334927 0 


BIN SEQUENCE:
5 5 5 6 6 6 6 6 6 5 5 5 4 4 4 4 4 4 3 3 3 3 3 3 2 2 2 2 2 2 1 1 1 1 1 1 


SEQUENCE OF PREFERRED BINS:
55  55  55  66  66  66  66  66  66  55  55  55  44  44  44  44  44  44  33  33  33  33  33  33  22  22  22  22  22  22  ...
64  64  64  55  55  55  55  55  55  64  64  64  53  53  53  53  53  53  42  42  42  42  42  42  31  31  31  31  31  31  ...
33  33  33  44  44  44  44  44  44  33  33  33  62  62  62  62  62  62  51  51  51  51  51  51  44  44  44  44  44  44  ...
22  22  22  33  33  33  33  33  33  22  22  22  11  11  11  11  11  11  66  66  66  66  66  66  55  55  55  55  55  55  ...
11  11  11  22  22  22  22  22  22  11  11  11  00  00  00  00  00  00  00  00  00  00  00  00  66  66  66  66  66  66  ...
00  00  00  11  11  11  11  11  11  00  00  00  00  00  00  00  00  00  00  00  00  00  00  00  00  00  00  00  00  00  ...


BIN ALLOCATION OF DISTANCES:
4 1 1 4 5 4 
3 1 5 6 6 6 
3 5 1 3 5 6 
2 5 1 2 4 5 
2 2 6 1 2 4 
3 3 3 4 6 2 


BINS USED:
5 5 5 6 6 6 4 4 5 6 3 5 2 3 4 4 2 4 3 1 6 2 4 1 3 1 6 2 1 2 1 1 3 5 2 0 


TRANSITION SEQUENCE:
-1 0.392857 0.380952 -1 0.607143 -1 0.22619 -1 -1 1 -1 -1 -1 -1 -1 0.202381 -1 -1 -1 0 0.571429 -1 -1 -1 -1 -1 0.77381 0 -1 0 -1 0 0.178571 0.428571 0 0 


CORRELATION COEFFICIENT:          0.383091
DETECTION POWER:                  0.295632

