
Cycle found:
------------
232241121550510434544003531330252014
------------
Valid sequence 


NORMALIZED NEURAL MODEL:
-1.000000 -1.000000 -1.000000 -1.000000 -1.000000 -1.000000 
-1.000000 0.000000 0.392857 0.571429 0.773810 1.000000 
-1.000000 -1.000000 0.000000 0.178571 0.380952 0.607143 
-1.000000 -1.000000 -1.000000 0.000000 0.202381 0.428571 
-1.000000 -1.000000 -1.000000 -1.000000 0.000000 0.226190 
-1.000000 -1.000000 -1.000000 -1.000000 -1.000000 0.000000 

NORMALIZED GUIDE FUNCTION:
0.0322058 0.0188115 0.00894322 0.00266054 0 0.000974913 0.00557529 0.013768 0.0254967 0.0406829 0.0592257 0.0810028 0.105872 0.13367 0.164216 0.197312 0.232743 0.27028 0.309681 0.350691 0.393046 0.436474 0.480695 0.525425 0.570378 0.615265 0.659799 0.703696 0.746675 0.788462 0.82879 0.867404 0.904057 0.938517 0.970565 1 


BIN SEQUENCE:
2 2 1 1 1 1 1 1 2 2 2 2 3 3 3 3 3 3 4 4 4 4 4 4 5 5 5 5 5 5 6 6 6 6 6 6 


SEQUENCE OF PREFERRED BINS:
22  22  11  11  11  11  11  11  22  22  22  22  33  33  33  33  33  33  44  44  44  44  44  44  55  55  55  55  55  55  ...
31  31  22  22  22  22  22  22  31  31  31  31  42  42  42  42  42  42  53  53  53  53  53  53  64  64  64  64  64  64  ...
44  44  33  33  33  33  33  33  44  44  44  44  51  51  51  51  51  51  62  62  62  62  62  62  33  33  33  33  33  33  ...
55  55  44  44  44  44  44  44  55  55  55  55  66  66  66  66  66  66  11  11  11  11  11  11  22  22  22  22  22  22  ...
66  66  55  55  55  55  55  55  66  66  66  66  00  00  00  00  00  00  00  00  00  00  00  00  11  11  11  11  11  11  ...
00  00  66  66  66  66  66  66  00  00  00  00  00  00  00  00  00  00  00  00  00  00  00  00  00  00  00  00  00  00  ...


BIN ALLOCATION OF DISTANCES:
4 1 2 2 3 2 
5 1 4 5 5 5 
6 4 1 3 4 5 
6 6 3 1 3 5 
6 1 6 3 2 4 
2 3 1 6 4 2 


BINS USED:
3 3 1 4 1 1 4 4 5 2 2 2 3 5 3 3 3 4 4 2 6 4 2 5 6 6 5 1 6 2 5 1 6 1 5 0 


TRANSITION SEQUENCE:
0.178571 -1 0 0.380952 -1 0 0.392857 -1 1 0 -1 -1 -1 -1 -1 -1 0.202381 0.22619 -1 0 -1 -1 -1 0.428571 -1 -1 0.571429 0 -1 -1 0.607143 -1 -1 -1 0.77381 0 


CORRELATION COEFFICIENT:          0.126947
DETECTION POWER:                  0.171131

