
Cycle found:
------------
511055012202352432153134540330044142
------------
Valid sequence 


NORMALIZED NEURAL MODEL:
-1.000000 -1.000000 -1.000000 -1.000000 -1.000000 -1.000000 
-1.000000 0.000000 0.392857 0.571429 0.773810 1.000000 
-1.000000 -1.000000 0.000000 0.178571 0.380952 0.607143 
-1.000000 -1.000000 -1.000000 0.000000 0.202381 0.428571 
-1.000000 -1.000000 -1.000000 -1.000000 0.000000 0.226190 
-1.000000 -1.000000 -1.000000 -1.000000 -1.000000 0.000000 

NORMALIZED GUIDE FUNCTION:
0 0.0724009 0.144921 0.217095 0.288461 0.358565 0.426958 0.493204 0.556883 0.617588 0.674935 0.728561 0.778126 0.823319 0.863854 0.899477 0.929967 0.955133 0.974821 0.988911 0.99732 1 0.996941 0.988168 0.973745 0.953771 0.92838 0.89774 0.862055 0.821558 0.776515 0.727218 0.67399 0.617174 0.557139 0.494273 


BIN SEQUENCE:
1 1 1 1 1 1 2 2 2 3 3 3 4 4 4 5 5 5 6 6 6 6 6 6 5 5 5 4 4 4 3 3 3 2 2 2 


SEQUENCE OF PREFERRED BINS:
11  11  11  11  11  11  22  22  22  33  33  33  44  44  44  55  55  55  66  66  66  66  66  66  55  55  55  44  44  44  ...
22  22  22  22  22  22  31  31  31  42  42  42  53  53  53  64  64  64  55  55  55  55  55  55  64  64  64  53  53  53  ...
33  33  33  33  33  33  44  44  44  51  51  51  62  62  62  33  33  33  44  44  44  44  44  44  33  33  33  62  62  62  ...
44  44  44  44  44  44  55  55  55  66  66  66  11  11  11  22  22  22  33  33  33  33  33  33  22  22  22  11  11  11  ...
55  55  55  55  55  55  66  66  66  00  00  00  00  00  00  11  11  11  22  22  22  22  22  22  11  11  11  00  00  00  ...
66  66  66  66  66  66  00  00  00  00  00  00  00  00  00  00  00  00  11  11  11  11  11  11  00  00  00  00  00  00  ...


BIN ALLOCATION OF DISTANCES:
6 2 3 5 5 2 
3 1 4 6 6 6 
3 4 1 3 4 6 
3 5 5 1 3 4 
2 1 2 6 1 4 
2 1 4 5 5 2 


BINS USED:
1 1 3 2 2 2 2 4 1 3 3 3 4 4 4 6 5 4 6 5 5 6 3 4 5 2 5 1 3 6 5 1 1 6 2 0 


TRANSITION SEQUENCE:
-1 0 -1 -1 0 -1 -1 0.392857 0 -1 -1 0.178571 0.428571 -1 0.380952 -1 -1 -1 1 -1 -1 0.571429 0.202381 0.22619 -1 -1 -1 0 -1 -1 -1 0 -1 0.77381 -1 0 


CORRELATION COEFFICIENT:          0.265545
DETECTION POWER:                  0.278713

