
Cycle found:
------------
334411245225504001030215420514353132
------------
Valid sequence 


NORMALIZED NEURAL MODEL:
-1.000000 -1.000000 -1.000000 -1.000000 -1.000000 -1.000000 
-1.000000 0.000000 0.392857 0.571429 0.773810 1.000000 
-1.000000 -1.000000 0.000000 0.178571 0.380952 0.607143 
-1.000000 -1.000000 -1.000000 0.000000 0.202381 0.428571 
-1.000000 -1.000000 -1.000000 -1.000000 0.000000 0.226190 
-1.000000 -1.000000 -1.000000 -1.000000 -1.000000 0.000000 

NORMALIZED GUIDE FUNCTION:
0 0.0639725 0.128649 0.193601 0.258404 0.32264 0.385898 0.447776 0.50789 0.565869 0.621359 0.674028 0.723568 0.769691 0.812137 0.850674 0.885097 0.91523 0.940928 0.962077 0.978595 0.990429 0.99756 1 0.99779 0.991002 0.979738 0.964129 0.94433 0.920525 0.89292 0.861745 0.82725 0.789704 0.749392 0.706616 


BIN SEQUENCE:
1 1 1 1 1 1 2 2 2 2 2 2 3 3 3 4 4 4 5 5 5 6 6 6 6 6 6 5 5 5 4 4 4 3 3 3 


SEQUENCE OF PREFERRED BINS:
11  11  11  11  11  11  22  22  22  22  22  22  33  33  33  44  44  44  55  55  55  66  66  66  66  66  66  55  55  55  ...
22  22  22  22  22  22  31  31  31  31  31  31  42  42  42  53  53  53  64  64  64  55  55  55  55  55  55  64  64  64  ...
33  33  33  33  33  33  44  44  44  44  44  44  51  51  51  62  62  62  33  33  33  44  44  44  44  44  44  33  33  33  ...
44  44  44  44  44  44  55  55  55  55  55  55  66  66  66  11  11  11  22  22  22  33  33  33  33  33  33  22  22  22  ...
55  55  55  55  55  55  66  66  66  66  66  66  00  00  00  00  00  00  11  11  11  22  22  22  22  22  22  11  11  11  ...
66  66  66  66  66  66  00  00  00  00  00  00  00  00  00  00  00  00  00  00  00  11  11  11  11  11  11  00  00  00  ...


BIN ALLOCATION OF DISTANCES:
4 4 6 5 3 6 
4 1 2 3 4 6 
5 5 1 2 2 4 
5 2 3 1 2 3 
3 1 6 5 1 2 
4 5 3 6 6 1 


BINS USED:
1 2 1 1 1 2 2 2 3 1 4 1 4 3 3 4 4 4 5 5 6 5 6 6 6 5 6 5 4 5 3 6 2 3 3 0 


TRANSITION SEQUENCE:
0 0.202381 0 -1 0 0.392857 0.380952 0.22619 -1 0 0.607143 0 -1 -1 -1 -1 -1 -1 -1 -1 -1 -1 1 -1 -1 -1 -1 -1 0.77381 -1 0.428571 -1 -1 0.571429 -1 0 


CORRELATION COEFFICIENT:          0.439526
DETECTION POWER:                  0.352051

