
Cycle found:
------------
110504453343124232135203002254015514
------------
Valid sequence 


NORMALIZED NEURAL MODEL:
-1.000000 -1.000000 -1.000000 -1.000000 -1.000000 -1.000000 
-1.000000 0.000000 0.392857 0.571429 0.773810 1.000000 
-1.000000 -1.000000 0.000000 0.178571 0.380952 0.607143 
-1.000000 -1.000000 -1.000000 0.000000 0.202381 0.428571 
-1.000000 -1.000000 -1.000000 -1.000000 0.000000 0.226190 
-1.000000 -1.000000 -1.000000 -1.000000 -1.000000 0.000000 

NORMALIZED GUIDE FUNCTION:
0 0.0572878 0.115783 0.175105 0.234869 0.29469 0.354184 0.412971 0.470678 0.52694 0.581403 0.633727 0.683586 0.730672 0.774698 0.815395 0.852519 0.885849 0.915191 0.940375 0.96126 0.977735 0.989714 0.997144 1 0.998286 0.992035 0.981312 0.966207 0.946838 0.923353 0.895922 0.864741 0.830029 0.792028 0.750998 


BIN SEQUENCE:
1 1 1 1 1 1 2 2 2 2 2 2 3 3 3 3 4 4 4 5 5 5 6 6 6 6 6 6 5 5 5 4 4 4 3 3 


SEQUENCE OF PREFERRED BINS:
11  11  11  11  11  11  22  22  22  22  22  22  33  33  33  33  44  44  44  55  55  55  66  66  66  66  66  66  55  55  ...
22  22  22  22  22  22  31  31  31  31  31  31  42  42  42  42  53  53  53  64  64  64  55  55  55  55  55  55  64  64  ...
33  33  33  33  33  33  44  44  44  44  44  44  51  51  51  51  62  62  62  33  33  33  44  44  44  44  44  44  33  33  ...
44  44  44  44  44  44  55  55  55  55  55  55  66  66  66  66  11  11  11  22  22  22  33  33  33  33  33  33  22  22  ...
55  55  55  55  55  55  66  66  66  66  66  66  00  00  00  00  00  00  00  11  11  11  22  22  22  22  22  22  11  11  ...
66  66  66  66  66  66  00  00  00  00  00  00  00  00  00  00  00  00  00  00  00  00  11  11  11  11  11  11  00  00  ...


BIN ALLOCATION OF DISTANCES:
6 4 5 6 3 1 
4 1 4 6 6 6 
5 4 2 2 3 6 
1 1 5 2 3 5 
5 3 5 3 2 3 
1 1 4 2 4 2 


BINS USED:
1 4 1 1 3 2 3 2 2 3 3 1 4 3 5 2 5 4 6 5 4 5 6 1 6 5 2 6 4 5 4 6 2 1 6 0 


TRANSITION SEQUENCE:
0 -1 -1 -1 -1 0 0.22619 -1 0 0.202381 -1 -1 0.392857 0.380952 -1 0.178571 -1 -1 0.571429 0.428571 -1 -1 -1 -1 -1 -1 0 0.607143 -1 -1 -1 1 0 -1 0.77381 0 


CORRELATION COEFFICIENT:          0.285335
DETECTION POWER:                  0.225418

