
Cycle found:
------------
311202244552135405325150300104334142
------------
Valid sequence 


NORMALIZED NEURAL MODEL:
-1.000000 -1.000000 -1.000000 -1.000000 -1.000000 -1.000000 
-1.000000 0.000000 0.392857 0.571429 0.773810 1.000000 
-1.000000 -1.000000 0.000000 0.178571 0.380952 0.607143 
-1.000000 -1.000000 -1.000000 0.000000 0.202381 0.428571 
-1.000000 -1.000000 -1.000000 -1.000000 0.000000 0.226190 
-1.000000 -1.000000 -1.000000 -1.000000 -1.000000 0.000000 

NORMALIZED GUIDE FUNCTION:
0 0.0405209 0.083212 0.127797 0.173987 0.221483 0.269981 0.319167 0.368726 0.41834 0.467691 0.516463 0.564346 0.611034 0.656231 0.699648 0.741012 0.780061 0.816548 0.850244 0.880937 0.908437 0.932572 0.953193 0.970173 0.98341 0.992826 0.998365 1 0.997725 0.991562 0.981557 0.967779 0.950323 0.929308 0.904872 


BIN SEQUENCE:
1 1 1 1 1 1 2 2 2 2 2 2 3 3 3 3 3 3 4 4 4 4 5 5 5 6 6 6 6 6 6 5 5 5 4 4 


SEQUENCE OF PREFERRED BINS:
11  11  11  11  11  11  22  22  22  22  22  22  33  33  33  33  33  33  44  44  44  44  55  55  55  66  66  66  66  66  ...
22  22  22  22  22  22  31  31  31  31  31  31  42  42  42  42  42  42  53  53  53  53  64  64  64  55  55  55  55  55  ...
33  33  33  33  33  33  44  44  44  44  44  44  51  51  51  51  51  51  62  62  62  62  33  33  33  44  44  44  44  44  ...
44  44  44  44  44  44  55  55  55  55  55  55  66  66  66  66  66  66  11  11  11  11  22  22  22  33  33  33  33  33  ...
55  55  55  55  55  55  66  66  66  66  66  66  00  00  00  00  00  00  00  00  00  00  11  11  11  22  22  22  22  22  ...
66  66  66  66  66  66  00  00  00  00  00  00  00  00  00  00  00  00  00  00  00  00  00  00  00  11  11  11  11  11  ...


BIN ALLOCATION OF DISTANCES:
6 6 1 5 5 1 
6 1 3 4 5 5 
1 3 1 2 3 4 
6 1 5 2 2 4 
3 5 4 6 2 3 
6 4 2 4 3 2 


BINS USED:
1 1 3 1 1 1 3 2 3 2 2 3 4 4 3 3 1 4 5 4 4 5 6 5 6 6 6 6 5 6 2 2 5 5 4 0 


TRANSITION SEQUENCE:
-1 0 0.392857 -1 -1 0 0.380952 0 0.22619 0 -1 -1 0.571429 0.428571 -1 -1 -1 -1 -1 0.607143 -1 1 -1 -1 -1 -1 -1 -1 -1 -1 0 0.202381 -1 0.77381 -1 0 


CORRELATION COEFFICIENT:          0.238759
DETECTION POWER:                  0.349583

