
Cycle found:
------------
354434522005510332402501314212304115
------------
Valid sequence 


NORMALIZED NEURAL MODEL:
-1.000000 -1.000000 -1.000000 -1.000000 -1.000000 -1.000000 
-1.000000 0.000000 0.392857 0.571429 0.773810 1.000000 
-1.000000 -1.000000 0.000000 0.178571 0.380952 0.607143 
-1.000000 -1.000000 -1.000000 0.000000 0.202381 0.428571 
-1.000000 -1.000000 -1.000000 -1.000000 0.000000 0.226190 
-1.000000 -1.000000 -1.000000 -1.000000 -1.000000 0.000000 

NORMALIZED GUIDE FUNCTION:
0.126324 0.0961122 0.0698061 0.0475472 0.0294501 0.015602 0.00606183 0.000860318 0 0.00345535 0.0111731 0.023073 0.0390481 0.058966 0.08267 0.10998 0.140693 0.174587 0.21142 0.250933 0.292852 0.33689 0.382746 0.430112 0.478671 0.528102 0.57808 0.628279 0.678374 0.728043 0.776969 0.824844 0.871367 0.916249 0.959214 1 


BIN SEQUENCE:
3 3 2 2 2 1 1 1 1 1 1 2 2 2 3 3 3 3 4 4 4 4 4 4 5 5 5 5 5 5 6 6 6 6 6 6 


SEQUENCE OF PREFERRED BINS:
33  33  22  22  22  11  11  11  11  11  11  22  22  22  33  33  33  33  44  44  44  44  44  44  55  55  55  55  55  55  ...
42  42  31  31  31  22  22  22  22  22  22  31  31  31  42  42  42  42  53  53  53  53  53  53  64  64  64  64  64  64  ...
51  51  44  44  44  33  33  33  33  33  33  44  44  44  51  51  51  51  62  62  62  62  62  62  33  33  33  33  33  33  ...
66  66  55  55  55  44  44  44  44  44  44  55  55  55  66  66  66  66  11  11  11  11  11  11  22  22  22  22  22  22  ...
00  00  66  66  66  55  55  55  55  55  55  66  66  66  00  00  00  00  00  00  00  00  00  00  11  11  11  11  11  11  ...
00  00  00  00  00  66  66  66  66  66  66  00  00  00  00  00  00  00  00  00  00  00  00  00  00  00  00  00  00  00  ...


BIN ALLOCATION OF DISTANCES:
1 6 6 4 6 3 
1 1 3 4 5 5 
2 6 1 2 3 4 
6 6 4 2 2 3 
5 5 5 1 2 3 
5 4 1 4 3 2 


BINS USED:
3 3 2 1 2 3 1 1 2 1 3 2 4 1 4 2 4 3 5 6 4 5 6 4 6 5 5 6 3 2 6 6 5 1 5 0 


TRANSITION SEQUENCE:
0.428571 -1 0 -1 0.202381 0.22619 -1 0 -1 -1 -1 0 -1 -1 -1 0 -1 0.380952 -1 -1 0.607143 -1 -1 0.571429 -1 0.77381 -1 -1 0.392857 0.178571 -1 -1 -1 0 1 0 


CORRELATION COEFFICIENT:          0.212794
DETECTION POWER:                  0.28737

