
Cycle found:
------------
542521413530031040245123443322011550
------------
Valid sequence 


NORMALIZED NEURAL MODEL:
-1.000000 -1.000000 -1.000000 -1.000000 -1.000000 -1.000000 
-1.000000 0.000000 0.392857 0.571429 0.773810 1.000000 
-1.000000 -1.000000 0.000000 0.178571 0.380952 0.607143 
-1.000000 -1.000000 -1.000000 0.000000 0.202381 0.428571 
-1.000000 -1.000000 -1.000000 -1.000000 0.000000 0.226190 
-1.000000 -1.000000 -1.000000 -1.000000 -1.000000 0.000000 

NORMALIZED GUIDE FUNCTION:
1 0.965394 0.928362 0.889141 0.847981 0.805145 0.760909 0.715554 0.669373 0.622659 0.575713 0.528835 0.482325 0.436481 0.391597 0.34796 0.305851 0.265538 0.22728 0.191323 0.157897 0.127217 0.0994778 0.0748592 0.0535185 0.0355928 0.0211972 0.0104243 0.0033433 0 0.000416133 0.00458938 0.0124933 0.0240778 0.0392688 0.0579694 


BIN SEQUENCE:
6 6 6 6 6 6 5 5 5 5 5 5 4 4 4 4 4 4 3 3 3 3 3 3 2 2 2 1 1 1 1 1 1 2 2 2 


SEQUENCE OF PREFERRED BINS:
66  66  66  66  66  66  55  55  55  55  55  55  44  44  44  44  44  44  33  33  33  33  33  33  22  22  22  11  11  11  ...
55  55  55  55  55  55  64  64  64  64  64  64  53  53  53  53  53  53  42  42  42  42  42  42  31  31  31  22  22  22  ...
44  44  44  44  44  44  33  33  33  33  33  33  62  62  62  62  62  62  51  51  51  51  51  51  44  44  44  33  33  33  ...
33  33  33  33  33  33  22  22  22  22  22  22  11  11  11  11  11  11  66  66  66  66  66  66  55  55  55  44  44  44  ...
22  22  22  22  22  22  11  11  11  11  11  11  00  00  00  00  00  00  00  00  00  00  00  00  66  66  66  55  55  55  ...
11  11  11  11  11  11  00  00  00  00  00  00  00  00  00  00  00  00  00  00  00  00  00  00  00  00  00  66  66  66  ...


BIN ALLOCATION OF DISTANCES:
6 1 2 3 2 3 
4 1 5 5 6 6 
4 5 1 2 4 5 
4 4 2 1 3 5 
3 4 6 1 1 3 
2 3 6 5 6 2 


BINS USED:
6 6 5 6 5 6 4 5 5 5 4 6 3 4 4 2 3 2 4 3 3 5 2 3 1 1 1 2 1 4 1 1 6 2 2 0 


TRANSITION SEQUENCE:
-1 -1 0.607143 -1 -1 0.77381 -1 0.571429 0.428571 -1 -1 -1 -1 -1 -1 -1 -1 -1 0.380952 0.22619 -1 0.392857 0.178571 0.202381 0 -1 0 -1 0 -1 -1 0 1 0 -1 0 


CORRELATION COEFFICIENT:          0.372673
DETECTION POWER:                  0.349836

