
Cycle found:
------------
003011052122442334513202504143153554
------------
Valid sequence 


NORMALIZED NEURAL MODEL:
-1.000000 -1.000000 -1.000000 -1.000000 -1.000000 -1.000000 
-1.000000 0.000000 0.392857 0.571429 0.773810 1.000000 
-1.000000 -1.000000 0.000000 0.178571 0.380952 0.607143 
-1.000000 -1.000000 -1.000000 0.000000 0.202381 0.428571 
-1.000000 -1.000000 -1.000000 -1.000000 0.000000 0.226190 
-1.000000 -1.000000 -1.000000 -1.000000 -1.000000 0.000000 

NORMALIZED GUIDE FUNCTION:
0 0.0171376 0.0372191 0.0601214 0.085703 0.113805 0.144252 0.176854 0.211405 0.247687 0.285472 0.324519 0.364581 0.405403 0.446724 0.48828 0.529805 0.571032 0.611698 0.651539 0.690298 0.727726 0.763579 0.797625 0.829641 0.859418 0.886762 0.911492 0.933445 0.952475 0.968454 0.981273 0.990846 0.997103 1 0.999511 


BIN SEQUENCE:
1 1 1 1 1 1 2 2 2 2 2 2 3 3 3 3 3 3 4 4 4 4 4 4 5 5 5 5 5 5 6 6 6 6 6 6 


SEQUENCE OF PREFERRED BINS:
11  11  11  11  11  11  22  22  22  22  22  22  33  33  33  33  33  33  44  44  44  44  44  44  55  55  55  55  55  55  ...
22  22  22  22  22  22  31  31  31  31  31  31  42  42  42  42  42  42  53  53  53  53  53  53  64  64  64  64  64  64  ...
33  33  33  33  33  33  44  44  44  44  44  44  51  51  51  51  51  51  62  62  62  62  62  62  33  33  33  33  33  33  ...
44  44  44  44  44  44  55  55  55  55  55  55  66  66  66  66  66  66  11  11  11  11  11  11  22  22  22  22  22  22  ...
55  55  55  55  55  55  66  66  66  66  66  66  00  00  00  00  00  00  00  00  00  00  00  00  11  11  11  11  11  11  ...
66  66  66  66  66  66  00  00  00  00  00  00  00  00  00  00  00  00  00  00  00  00  00  00  00  00  00  00  00  00  ...


BIN ALLOCATION OF DISTANCES:
1 2 5 1 2 2 
2 1 5 6 6 6 
5 1 3 4 4 6 
2 5 4 3 4 5 
4 6 3 1 3 4 
6 5 2 3 1 3 


BINS USED:
1 1 2 2 1 2 2 2 1 5 3 4 3 3 4 3 4 4 5 6 4 5 5 6 6 2 6 6 1 5 6 3 5 3 1 0 


TRANSITION SEQUENCE:
-1 -1 -1 -1 0 -1 -1 -1 -1 0.392857 0 0.380952 0 -1 0.178571 0 0.202381 0.22619 -1 0.571429 -1 -1 -1 0.607143 -1 -1 -1 0.77381 -1 -1 1 -1 0.428571 0 -1 0 


CORRELATION COEFFICIENT:          0.245575
DETECTION POWER:                  0.404622

