
Cycle found:
------------
354245112053341323025014044315522100
------------
Valid sequence 


NORMALIZED NEURAL MODEL:
-1.000000 -1.000000 -1.000000 -1.000000 -1.000000 -1.000000 
-1.000000 0.000000 0.392857 0.571429 0.773810 1.000000 
-1.000000 -1.000000 0.000000 0.178571 0.380952 0.607143 
-1.000000 -1.000000 -1.000000 0.000000 0.202381 0.428571 
-1.000000 -1.000000 -1.000000 -1.000000 0.000000 0.226190 
-1.000000 -1.000000 -1.000000 -1.000000 -1.000000 0.000000 

NORMALIZED GUIDE FUNCTION:
0.223162 0.182504 0.145444 0.112207 0.0829947 0.0579799 0.0373096 0.021102 0.00944628 0.00240229 0 0.00223957 0.00909141 0.0204964 0.0363666 0.0565854 0.0810091 0.109467 0.141764 0.17768 0.216973 0.25938 0.304619 0.352391 0.402382 0.454263 0.507696 0.562333 0.617821 0.673801 0.729913 0.785797 0.841096 0.895458 0.948538 1 


BIN SEQUENCE:
4 4 3 3 3 2 2 2 1 1 1 1 1 1 2 2 2 3 3 3 4 4 4 4 5 5 5 5 5 5 6 6 6 6 6 6 


SEQUENCE OF PREFERRED BINS:
44  44  33  33  33  22  22  22  11  11  11  11  11  11  22  22  22  33  33  33  44  44  44  44  55  55  55  55  55  55  ...
53  53  42  42  42  31  31  31  22  22  22  22  22  22  31  31  31  42  42  42  53  53  53  53  64  64  64  64  64  64  ...
62  62  51  51  51  44  44  44  33  33  33  33  33  33  44  44  44  51  51  51  62  62  62  62  33  33  33  33  33  33  ...
11  11  66  66  66  55  55  55  44  44  44  44  44  44  55  55  55  66  66  66  11  11  11  11  22  22  22  22  22  22  ...
00  00  00  00  00  66  66  66  55  55  55  55  55  55  66  66  66  00  00  00  00  00  00  00  11  11  11  11  11  11  ...
00  00  00  00  00  00  00  00  66  66  66  66  66  66  00  00  00  00  00  00  00  00  00  00  00  00  00  00  00  00  ...


BIN ALLOCATION OF DISTANCES:
6 4 3 6 5 2 
5 1 3 4 4 6 
1 5 1 2 3 4 
6 6 5 1 3 4 
4 2 3 5 2 3 
6 2 1 1 5 2 


BINS USED:
4 5 3 3 3 2 1 3 1 2 1 1 3 2 4 5 2 6 3 4 6 4 4 4 5 2 5 6 6 2 1 1 5 5 6 0 


TRANSITION SEQUENCE:
0.428571 -1 -1 0.380952 0.22619 -1 0 0.392857 -1 -1 -1 0 0.202381 -1 0.571429 -1 0.178571 -1 -1 0.607143 -1 -1 0.77381 -1 -1 0 -1 -1 1 0 -1 0 -1 -1 -1 0 


CORRELATION COEFFICIENT:          -0.0928863
DETECTION POWER:                  0.172854

