
Cycle found:
------------
322043001055234512135402533144241150
------------
Valid sequence 


NORMALIZED NEURAL MODEL:
-1.000000 -1.000000 -1.000000 -1.000000 -1.000000 -1.000000 
-1.000000 0.000000 0.392857 0.571429 0.773810 1.000000 
-1.000000 -1.000000 0.000000 0.178571 0.380952 0.607143 
-1.000000 -1.000000 -1.000000 0.000000 0.202381 0.428571 
-1.000000 -1.000000 -1.000000 -1.000000 0.000000 0.226190 
-1.000000 -1.000000 -1.000000 -1.000000 -1.000000 0.000000 

NORMALIZED GUIDE FUNCTION:
0 0.0667333 0.13413 0.201758 0.269183 0.335968 0.401678 0.465882 0.528156 0.588088 0.645277 0.699338 0.749903 0.796626 0.839184 0.877277 0.910634 0.939014 0.962204 0.980025 0.992333 0.999016 1 0.995247 0.984755 0.96856 0.946735 0.91939 0.886671 0.848758 0.805869 0.758253 0.70619 0.649994 0.590003 0.526585 


BIN SEQUENCE:
1 1 1 1 1 1 2 2 2 2 3 3 3 4 4 4 5 5 5 6 6 6 6 6 6 5 5 5 4 4 4 3 3 3 2 2 


SEQUENCE OF PREFERRED BINS:
11  11  11  11  11  11  22  22  22  22  33  33  33  44  44  44  55  55  55  66  66  66  66  66  66  55  55  55  44  44  ...
22  22  22  22  22  22  31  31  31  31  42  42  42  53  53  53  64  64  64  55  55  55  55  55  55  64  64  64  53  53  ...
33  33  33  33  33  33  44  44  44  44  51  51  51  62  62  62  33  33  33  44  44  44  44  44  44  33  33  33  62  62  ...
44  44  44  44  44  44  55  55  55  55  66  66  66  11  11  11  22  22  22  33  33  33  33  33  33  22  22  22  11  11  ...
55  55  55  55  55  55  66  66  66  66  00  00  00  00  00  00  11  11  11  22  22  22  22  22  22  11  11  11  00  00  ...
66  66  66  66  66  66  00  00  00  00  00  00  00  00  00  00  00  00  00  11  11  11  11  11  11  00  00  00  00  00  ...


BIN ALLOCATION OF DISTANCES:
3 4 5 1 2 5 
2 1 5 6 6 6 
2 5 1 4 4 6 
3 6 2 3 4 6 
5 3 1 1 3 4 
1 5 4 2 2 3 


BINS USED:
2 1 2 2 1 3 3 4 2 5 3 4 4 4 4 5 5 5 6 6 2 5 5 6 2 3 6 6 3 1 4 3 1 6 1 0 


TRANSITION SEQUENCE:
-1 0 -1 -1 -1 -1 -1 -1 -1 -1 0 -1 0.178571 0.202381 0.22619 -1 0.392857 -1 0.571429 0.428571 -1 -1 -1 0.607143 -1 0 -1 0.77381 0 -1 0.380952 -1 0 1 -1 0 


CORRELATION COEFFICIENT:          0.185601
DETECTION POWER:                  0.166815

