
Cycle found:
------------
450042552123101154322033405351441302
------------
Valid sequence 


NORMALIZED NEURAL MODEL:
-1.000000 -1.000000 -1.000000 -1.000000 -1.000000 -1.000000 
-1.000000 0.000000 0.392857 0.571429 0.773810 1.000000 
-1.000000 -1.000000 0.000000 0.178571 0.380952 0.607143 
-1.000000 -1.000000 -1.000000 0.000000 0.202381 0.428571 
-1.000000 -1.000000 -1.000000 -1.000000 0.000000 0.226190 
-1.000000 -1.000000 -1.000000 -1.000000 -1.000000 0.000000 

NORMALIZED GUIDE FUNCTION:
1 0.975243 0.94773 0.917631 0.885136 0.850448 0.813788 0.775385 0.735485 0.694339 0.65221 0.609367 0.566083 0.522634 0.4793 0.436357 0.394083 0.352749 0.312622 0.273962 0.237018 0.20203 0.169226 0.13882 0.111011 0.0859806 0.063895 0.0449003 0.0291233 0.0166703 0.00762683 0.00205625 0 0.00147697 0.00648344 0.014993 


BIN SEQUENCE:
6 6 6 6 6 6 5 5 5 5 5 5 4 4 4 4 4 4 3 3 3 3 3 3 2 2 2 2 2 2 1 1 1 1 1 1 


SEQUENCE OF PREFERRED BINS:
66  66  66  66  66  66  55  55  55  55  55  55  44  44  44  44  44  44  33  33  33  33  33  33  22  22  22  22  22  22  ...
55  55  55  55  55  55  64  64  64  64  64  64  53  53  53  53  53  53  42  42  42  42  42  42  31  31  31  31  31  31  ...
44  44  44  44  44  44  33  33  33  33  33  33  62  62  62  62  62  62  51  51  51  51  51  51  44  44  44  44  44  44  ...
33  33  33  33  33  33  22  22  22  22  22  22  11  11  11  11  11  11  66  66  66  66  66  66  55  55  55  55  55  55  ...
22  22  22  22  22  22  11  11  11  11  11  11  00  00  00  00  00  00  00  00  00  00  00  00  66  66  66  66  66  66  ...
11  11  11  11  11  11  00  00  00  00  00  00  00  00  00  00  00  00  00  00  00  00  00  00  00  00  00  00  00  00  ...


BIN ALLOCATION OF DISTANCES:
4 2 2 1 3 1 
2 2 6 6 6 6 
1 5 2 4 5 6 
5 5 3 3 5 6 
1 1 4 3 3 5 
4 1 4 2 3 4 


BINS USED:
5 4 4 3 4 6 4 4 5 6 4 5 2 2 2 6 3 3 3 2 1 1 3 5 1 1 2 6 1 6 3 1 6 5 2 0 


TRANSITION SEQUENCE:
0.22619 -1 -1 -1 -1 0.607143 0 -1 -1 0.392857 0.178571 -1 -1 -1 0 1 -1 -1 -1 0 -1 -1 0 0.202381 -1 -1 -1 0.428571 -1 0.77381 0 -1 0.571429 -1 -1 0 


CORRELATION COEFFICIENT:          -0.00201751
DETECTION POWER:                  0.181016

