
Cycle found:
------------
354300142534512415232110550220440331
------------
Valid sequence 


NORMALIZED NEURAL MODEL:
-1.000000 -1.000000 -1.000000 -1.000000 -1.000000 -1.000000 
-1.000000 0.000000 0.392857 0.571429 0.773810 1.000000 
-1.000000 -1.000000 0.000000 0.178571 0.380952 0.607143 
-1.000000 -1.000000 -1.000000 0.000000 0.202381 0.428571 
-1.000000 -1.000000 -1.000000 -1.000000 0.000000 0.226190 
-1.000000 -1.000000 -1.000000 -1.000000 -1.000000 0.000000 

NORMALIZED GUIDE FUNCTION:
1 0.972629 0.942568 0.91001 0.875162 0.838248 0.799503 0.759176 0.717523 0.674813 0.631318 0.587316 0.54309 0.498923 0.455096 0.411892 0.369588 0.328453 0.288752 0.25074 0.21466 0.180743 0.149208 0.120256 0.0940745 0.0708304 0.0506734 0.0337333 0.020119 0.00991851 0.00319761 0 0.000346784 0.00423636 0.0116444 0.0225242 


BIN SEQUENCE:
6 6 6 6 6 6 5 5 5 5 5 5 4 4 4 4 4 4 3 3 3 3 3 3 2 2 2 2 2 1 1 1 1 1 1 2 


SEQUENCE OF PREFERRED BINS:
66  66  66  66  66  66  55  55  55  55  55  55  44  44  44  44  44  44  33  33  33  33  33  33  22  22  22  22  22  11  ...
55  55  55  55  55  55  64  64  64  64  64  64  53  53  53  53  53  53  42  42  42  42  42  42  31  31  31  31  31  22  ...
44  44  44  44  44  44  33  33  33  33  33  33  62  62  62  62  62  62  51  51  51  51  51  51  44  44  44  44  44  33  ...
33  33  33  33  33  33  22  22  22  22  22  22  11  11  11  11  11  11  66  66  66  66  66  66  55  55  55  55  55  44  ...
22  22  22  22  22  22  11  11  11  11  11  11  00  00  00  00  00  00  00  00  00  00  00  00  66  66  66  66  66  55  ...
11  11  11  11  11  11  00  00  00  00  00  00  00  00  00  00  00  00  00  00  00  00  00  00  00  00  00  00  00  66  ...


BIN ALLOCATION OF DISTANCES:
6 6 2 4 2 3 
6 1 4 5 5 6 
6 3 1 3 4 5 
4 1 2 1 3 5 
2 2 4 5 1 3 
2 4 3 5 6 1 


BINS USED:
5 6 5 4 6 6 5 4 5 5 3 3 4 4 4 2 6 3 3 2 3 1 6 3 1 2 2 1 6 2 1 2 4 1 1 0 


TRANSITION SEQUENCE:
0.428571 -1 -1 -1 -1 -1 0.77381 -1 0.607143 -1 0.202381 0.22619 -1 0.392857 0.380952 -1 1 -1 0.178571 -1 -1 0 -1 -1 0 -1 -1 0 -1 -1 0 -1 -1 0 -1 0 


CORRELATION COEFFICIENT:          0.390055
DETECTION POWER:                  0.406681

