
Cycle found:
------------
105514153212002542450434401133522303
------------
Valid sequence 


NORMALIZED NEURAL MODEL:
-1.000000 -1.000000 -1.000000 -1.000000 -1.000000 -1.000000 
-1.000000 0.000000 0.392857 0.571429 0.773810 1.000000 
-1.000000 -1.000000 0.000000 0.178571 0.380952 0.607143 
-1.000000 -1.000000 -1.000000 0.000000 0.202381 0.428571 
-1.000000 -1.000000 -1.000000 -1.000000 0.000000 0.226190 
-1.000000 -1.000000 -1.000000 -1.000000 -1.000000 0.000000 

NORMALIZED GUIDE FUNCTION:
0.801458 0.838623 0.87241 0.902602 0.929003 0.95144 0.969769 0.983868 0.993645 0.999035 1 0.996531 0.988648 0.976399 0.959859 0.939131 0.914346 0.88566 0.853254 0.817334 0.778128 0.735885 0.690873 0.643379 0.593706 0.542171 0.489103 0.434841 0.379732 0.324128 0.268385 0.212861 0.157911 0.103888 0.051138 0 


BIN SEQUENCE:
3 4 4 4 5 5 5 6 6 6 6 6 6 5 5 5 4 4 4 3 3 3 3 3 2 2 2 2 2 2 1 1 1 1 1 1 


SEQUENCE OF PREFERRED BINS:
33  44  44  44  55  55  55  66  66  66  66  66  66  55  55  55  44  44  44  33  33  33  33  33  22  22  22  22  22  22  ...
42  53  53  53  64  64  64  55  55  55  55  55  55  64  64  64  53  53  53  42  42  42  42  42  31  31  31  31  31  31  ...
51  62  62  62  33  33  33  44  44  44  44  44  44  33  33  33  62  62  62  51  51  51  51  51  44  44  44  44  44  44  ...
66  11  11  11  22  22  22  33  33  33  33  33  33  22  22  22  11  11  11  66  66  66  66  66  55  55  55  55  55  55  ...
00  00  00  00  11  11  11  22  22  22  22  22  22  11  11  11  00  00  00  00  00  00  00  00  66  66  66  66  66  66  ...
00  00  00  00  00  00  00  11  11  11  11  11  11  00  00  00  00  00  00  00  00  00  00  00  00  00  00  00  00  00  ...


BIN ALLOCATION OF DISTANCES:
6 1 2 1 1 6 
4 1 4 4 5 5 
5 6 2 3 4 5 
5 1 6 2 3 4 
6 5 4 2 2 3 
2 3 1 6 3 3 


BINS USED:
4 6 3 3 5 5 5 6 6 6 4 5 6 2 5 3 4 4 3 2 1 2 3 2 6 1 1 4 2 4 1 2 3 5 1 0 


TRANSITION SEQUENCE:
-1 -1 0 -1 0.77381 -1 1 -1 -1 -1 0.392857 -1 -1 -1 0.607143 -1 -1 0.380952 0.22619 -1 -1 -1 0.202381 0 -1 -1 0 0.571429 0 0.428571 -1 0 0.178571 -1 -1 0 


CORRELATION COEFFICIENT:          0.364664
DETECTION POWER:                  0.372354

