
Cycle found:
------------
435230541044511221500324255314020133
------------
Valid sequence 


NORMALIZED NEURAL MODEL:
-1.000000 -1.000000 -1.000000 -1.000000 -1.000000 -1.000000 
-1.000000 0.000000 0.392857 0.571429 0.773810 1.000000 
-1.000000 -1.000000 0.000000 0.178571 0.380952 0.607143 
-1.000000 -1.000000 -1.000000 0.000000 0.202381 0.428571 
-1.000000 -1.000000 -1.000000 -1.000000 0.000000 0.226190 
-1.000000 -1.000000 -1.000000 -1.000000 -1.000000 0.000000 

NORMALIZED GUIDE FUNCTION:
0.450193 0.390928 0.334676 0.281797 0.23263 0.187492 0.146672 0.110432 0.0790049 0.0525935 0.0313676 0.0154639 0.00498539 0 0.000540671 0.00660491 0.0181548 0.0351174 0.057385 0.0848158 0.117235 0.154436 0.196181 0.242204 0.29221 0.34588 0.402872 0.462819 0.525339 0.590033 0.656485 0.724271 0.792956 0.862101 0.931264 1 


BIN SEQUENCE:
5 5 4 4 4 3 3 3 2 2 2 1 1 1 1 1 1 2 2 2 3 3 3 4 4 4 5 5 5 5 6 6 6 6 6 6 


SEQUENCE OF PREFERRED BINS:
55  55  44  44  44  33  33  33  22  22  22  11  11  11  11  11  11  22  22  22  33  33  33  44  44  44  55  55  55  55  ...
64  64  53  53  53  42  42  42  31  31  31  22  22  22  22  22  22  31  31  31  42  42  42  53  53  53  64  64  64  64  ...
33  33  62  62  62  51  51  51  44  44  44  33  33  33  33  33  33  44  44  44  51  51  51  62  62  62  33  33  33  33  ...
22  22  11  11  11  66  66  66  55  55  55  44  44  44  44  44  44  55  55  55  66  66  66  11  11  11  22  22  22  22  ...
11  11  00  00  00  00  00  00  66  66  66  55  55  55  55  55  55  66  66  66  00  00  00  00  00  00  11  11  11  11  ...
00  00  00  00  00  00  00  00  00  00  00  66  66  66  66  66  66  00  00  00  00  00  00  00  00  00  00  00  00  00  ...


BIN ALLOCATION OF DISTANCES:
2 2 1 2 2 3 
3 1 5 6 6 6 
6 1 1 4 5 6 
3 6 2 1 4 5 
5 4 4 5 2 4 
3 1 4 5 3 3 


BINS USED:
5 5 4 4 3 3 3 4 3 2 2 4 1 1 5 1 1 6 3 2 2 2 5 4 6 3 5 6 6 5 1 6 2 6 1 0 


TRANSITION SEQUENCE:
-1 0.428571 -1 0.178571 -1 -1 -1 -1 -1 -1 0 0.22619 -1 0 0.392857 0 -1 1 -1 -1 -1 -1 0.380952 -1 0.607143 0 -1 -1 0.77381 -1 -1 -1 -1 0.571429 0 0 


CORRELATION COEFFICIENT:          -0.0410329
DETECTION POWER:                  0.21611

