Unable to find a valid Hamiltonian Circuit.
Elapsed time: 2 seconds. Trying again...

Cycle found:
------------
135431404515253234244101120330055022
------------
Valid sequence 


NORMALIZED NEURAL MODEL:
-1.000000 -1.000000 -1.000000 -1.000000 -1.000000 -1.000000 
-1.000000 0.000000 0.392857 0.571429 0.773810 1.000000 
-1.000000 -1.000000 0.000000 0.178571 0.380952 0.607143 
-1.000000 -1.000000 -1.000000 0.000000 0.202381 0.428571 
-1.000000 -1.000000 -1.000000 -1.000000 0.000000 0.226190 
-1.000000 -1.000000 -1.000000 -1.000000 -1.000000 0.000000 

NORMALIZED GUIDE FUNCTION:
0.788148 0.827416 0.863132 0.895075 0.92305 0.946888 0.966445 0.981607 0.992287 0.998428 1 0.997005 0.989474 0.977465 0.961065 0.940392 0.915586 0.886818 0.854281 0.818192 0.778791 0.736339 0.691115 0.643414 0.593549 0.541844 0.488635 0.434266 0.379088 0.323456 0.267728 0.21226 0.157408 0.10352 0.0509396 0 


BIN SEQUENCE:
3 4 4 4 5 5 5 6 6 6 6 6 6 5 5 5 4 4 4 3 3 3 3 3 2 2 2 2 2 2 1 1 1 1 1 1 


SEQUENCE OF PREFERRED BINS:
33  44  44  44  55  55  55  66  66  66  66  66  66  55  55  55  44  44  44  33  33  33  33  33  22  22  22  22  22  22  ...
42  53  53  53  64  64  64  55  55  55  55  55  55  64  64  64  53  53  53  42  42  42  42  42  31  31  31  31  31  31  ...
51  62  62  62  33  33  33  44  44  44  44  44  44  33  33  33  62  62  62  51  51  51  51  51  44  44  44  44  44  44  ...
66  11  11  11  22  22  22  33  33  33  33  33  33  22  22  22  11  11  11  66  66  66  66  66  55  55  55  55  55  55  ...
00  00  00  00  11  11  11  22  22  22  22  22  22  11  11  11  00  00  00  00  00  00  00  00  66  66  66  66  66  66  ...
00  00  00  00  00  00  00  11  11  11  11  11  11  00  00  00  00  00  00  00  00  00  00  00  00  00  00  00  00  00  ...


BIN ALLOCATION OF DISTANCES:
2 3 4 2 5 5 
4 1 4 4 6 6 
2 1 1 3 3 5 
1 6 4 1 3 4 
6 1 2 5 2 3 
5 6 6 5 3 2 


BINS USED:
4 4 3 5 6 6 6 5 3 6 6 6 5 5 4 3 3 2 3 2 1 4 3 1 4 2 2 1 1 2 5 2 5 4 1 0 


TRANSITION SEQUENCE:
0.571429 0.428571 -1 -1 -1 0.77381 -1 -1 0.22619 -1 1 -1 0.607143 -1 -1 0.178571 0.202381 -1 0.380952 0 -1 -1 -1 0 0.392857 -1 -1 0 -1 -1 -1 0 -1 -1 0 0 


CORRELATION COEFFICIENT:          0.438309
DETECTION POWER:                  0.344157

