
Cycle found:
------------
445112234002430420541350315255332101
------------
Valid sequence 


NORMALIZED NEURAL MODEL:
-1.000000 -1.000000 -1.000000 -1.000000 -1.000000 -1.000000 
-1.000000 0.000000 0.392857 0.571429 0.773810 1.000000 
-1.000000 -1.000000 0.000000 0.178571 0.380952 0.607143 
-1.000000 -1.000000 -1.000000 0.000000 0.202381 0.428571 
-1.000000 -1.000000 -1.000000 -1.000000 0.000000 0.226190 
-1.000000 -1.000000 -1.000000 -1.000000 -1.000000 0.000000 

NORMALIZED GUIDE FUNCTION:
0 0.0431138 0.0882726 0.135182 0.183537 0.233024 0.283324 0.334112 0.385062 0.435847 0.486142 0.535627 0.583987 0.630915 0.676115 0.719302 0.760204 0.798566 0.834149 0.866732 0.896115 0.922118 0.944584 0.963379 0.978391 0.989535 0.99675 1 0.999275 0.994592 0.985989 0.973533 0.957315 0.937448 0.914069 0.887338 


BIN SEQUENCE:
1 1 1 1 1 1 2 2 2 2 2 2 3 3 3 3 3 3 4 4 4 4 5 5 5 6 6 6 6 6 6 5 5 5 4 4 


SEQUENCE OF PREFERRED BINS:
11  11  11  11  11  11  22  22  22  22  22  22  33  33  33  33  33  33  44  44  44  44  55  55  55  66  66  66  66  66  ...
22  22  22  22  22  22  31  31  31  31  31  31  42  42  42  42  42  42  53  53  53  53  64  64  64  55  55  55  55  55  ...
33  33  33  33  33  33  44  44  44  44  44  44  51  51  51  51  51  51  62  62  62  62  33  33  33  44  44  44  44  44  ...
44  44  44  44  44  44  55  55  55  55  55  55  66  66  66  66  66  66  11  11  11  11  22  22  22  33  33  33  33  33  ...
55  55  55  55  55  55  66  66  66  66  66  66  00  00  00  00  00  00  00  00  00  00  11  11  11  22  22  22  22  22  ...
66  66  66  66  66  66  00  00  00  00  00  00  00  00  00  00  00  00  00  00  00  00  00  00  00  11  11  11  11  11  ...


BIN ALLOCATION OF DISTANCES:
1 6 3 6 4 5 
3 1 2 4 5 5 
3 6 1 2 2 5 
3 3 3 1 2 4 
4 6 4 4 1 2 
5 1 6 6 5 2 


BINS USED:
1 2 1 1 2 1 2 2 4 1 3 2 4 3 4 4 3 5 5 6 4 4 5 6 3 5 6 5 2 6 1 3 6 3 6 0 


TRANSITION SEQUENCE:
0 0.22619 -1 0 0.392857 0 0.178571 0.202381 -1 -1 -1 0.380952 -1 -1 -1 -1 -1 -1 -1 -1 0.571429 0.428571 -1 -1 -1 1 -1 0.607143 0 -1 0 -1 -1 -1 -1 0 


CORRELATION COEFFICIENT:          0.307119
DETECTION POWER:                  0.396967

