
Cycle found:
------------
033043110512213440245001532554142352
------------
Valid sequence 


NORMALIZED NEURAL MODEL:
-1.000000 -1.000000 -1.000000 -1.000000 -1.000000 -1.000000 
-1.000000 0.000000 0.392857 0.571429 0.773810 1.000000 
-1.000000 -1.000000 0.000000 0.178571 0.380952 0.607143 
-1.000000 -1.000000 -1.000000 0.000000 0.202381 0.428571 
-1.000000 -1.000000 -1.000000 -1.000000 0.000000 0.226190 
-1.000000 -1.000000 -1.000000 -1.000000 -1.000000 0.000000 

NORMALIZED GUIDE FUNCTION:
0 0.0209814 0.0448687 0.0715029 0.100708 0.132291 0.166046 0.201751 0.239174 0.278071 0.318192 0.359276 0.401058 0.443269 0.485638 0.527894 0.569766 0.610987 0.651295 0.690433 0.728153 0.764217 0.798397 0.830479 0.860262 0.88756 0.912203 0.934039 0.952935 0.968776 0.981467 0.990934 0.997122 1 0.999556 0.9958 


BIN SEQUENCE:
1 1 1 1 1 1 2 2 2 2 2 2 3 3 3 3 3 3 4 4 4 4 4 4 5 5 5 5 5 5 6 6 6 6 6 6 


SEQUENCE OF PREFERRED BINS:
11  11  11  11  11  11  22  22  22  22  22  22  33  33  33  33  33  33  44  44  44  44  44  44  55  55  55  55  55  55  ...
22  22  22  22  22  22  31  31  31  31  31  31  42  42  42  42  42  42  53  53  53  53  53  53  64  64  64  64  64  64  ...
33  33  33  33  33  33  44  44  44  44  44  44  51  51  51  51  51  51  62  62  62  62  62  62  33  33  33  33  33  33  ...
44  44  44  44  44  44  55  55  55  55  55  55  66  66  66  66  66  66  11  11  11  11  11  11  22  22  22  22  22  22  ...
55  55  55  55  55  55  66  66  66  66  66  66  00  00  00  00  00  00  00  00  00  00  00  00  11  11  11  11  11  11  ...
66  66  66  66  66  66  00  00  00  00  00  00  00  00  00  00  00  00  00  00  00  00  00  00  00  00  00  00  00  00  ...


BIN ALLOCATION OF DISTANCES:
5 5 4 1 2 2 
1 1 4 6 6 6 
5 3 2 3 4 6 
2 4 5 2 4 6 
2 5 1 1 3 4 
5 1 3 6 3 3 


BINS USED:
1 2 2 2 1 4 1 1 2 1 4 2 3 6 4 3 2 4 4 4 5 5 5 6 6 5 6 3 3 5 6 1 3 6 3 0 


TRANSITION SEQUENCE:
-1 0 -1 -1 -1 -1 0 -1 -1 -1 0.392857 0 -1 0.571429 0.202381 0 -1 -1 0.380952 0.22619 -1 -1 -1 1 -1 -1 0.607143 0 -1 -1 0.77381 -1 0.178571 0.428571 -1 0 


CORRELATION COEFFICIENT:          0.223939
DETECTION POWER:                  0.245502

