
Cycle found:
------------
443404124535131021503233005422552011
------------
Valid sequence 


NORMALIZED NEURAL MODEL:
-1.000000 -1.000000 -1.000000 -1.000000 -1.000000 -1.000000 
-1.000000 0.000000 0.392857 0.571429 0.773810 1.000000 
-1.000000 -1.000000 0.000000 0.178571 0.380952 0.607143 
-1.000000 -1.000000 -1.000000 0.000000 0.202381 0.428571 
-1.000000 -1.000000 -1.000000 -1.000000 0.000000 0.226190 
-1.000000 -1.000000 -1.000000 -1.000000 -1.000000 0.000000 

NORMALIZED GUIDE FUNCTION:
0.751019 0.793371 0.832381 0.867801 0.899401 0.92698 0.95036 0.969391 0.983949 0.993942 0.999304 1 0.996025 0.987405 0.974192 0.956472 0.934357 0.907989 0.877534 0.843188 0.805171 0.763724 0.719114 0.671625 0.621561 0.569242 0.515004 0.459192 0.402165 0.344288 0.285931 0.227467 0.169272 0.111717 0.0551727 0 


BIN SEQUENCE:
3 3 4 4 4 5 5 5 6 6 6 6 6 6 5 5 5 4 4 4 3 3 3 3 2 2 2 2 2 2 1 1 1 1 1 1 


SEQUENCE OF PREFERRED BINS:
33  33  44  44  44  55  55  55  66  66  66  66  66  66  55  55  55  44  44  44  33  33  33  33  22  22  22  22  22  22  ...
42  42  53  53  53  64  64  64  55  55  55  55  55  55  64  64  64  53  53  53  42  42  42  42  31  31  31  31  31  31  ...
51  51  62  62  62  33  33  33  44  44  44  44  44  44  33  33  33  62  62  62  51  51  51  51  44  44  44  44  44  44  ...
66  66  11  11  11  22  22  22  33  33  33  33  33  33  22  22  22  11  11  11  66  66  66  66  55  55  55  55  55  55  ...
00  00  00  00  00  11  11  11  22  22  22  22  22  22  11  11  11  00  00  00  00  00  00  00  66  66  66  66  66  66  ...
00  00  00  00  00  00  00  00  11  11  11  11  11  11  00  00  00  00  00  00  00  00  00  00  00  00  00  00  00  00  ...


BIN ALLOCATION OF DISTANCES:
2 1 5 2 3 1 
5 1 5 6 6 6 
4 5 1 3 5 6 
2 4 3 2 4 6 
4 5 1 2 3 4 
3 4 1 6 2 3 


BINS USED:
3 2 4 4 3 5 5 5 4 6 6 4 6 4 5 5 5 6 3 2 3 3 2 2 2 1 2 1 1 6 3 1 4 1 1 0 


TRANSITION SEQUENCE:
0 -1 0.202381 -1 -1 -1 0.392857 0.380952 0.22619 -1 0.428571 -1 0.571429 -1 -1 -1 -1 1 -1 -1 -1 0.178571 0 -1 -1 -1 -1 -1 0 0.607143 0 -1 -1 -1 0 0 


CORRELATION COEFFICIENT:          0.360017
DETECTION POWER:                  0.345096

