Unable to find a valid Hamiltonian Circuit.
Elapsed time: 2 seconds. Trying again...

Cycle found:
------------
400425205351312454410115502330343221
------------
Valid sequence 


NORMALIZED NEURAL MODEL:
-1.000000 -1.000000 -1.000000 -1.000000 -1.000000 -1.000000 
-1.000000 0.000000 0.392857 0.571429 0.773810 1.000000 
-1.000000 -1.000000 0.000000 0.178571 0.380952 0.607143 
-1.000000 -1.000000 -1.000000 0.000000 0.202381 0.428571 
-1.000000 -1.000000 -1.000000 -1.000000 0.000000 0.226190 
-1.000000 -1.000000 -1.000000 -1.000000 -1.000000 0.000000 

NORMALIZED GUIDE FUNCTION:
1 0.981614 0.9603 0.936192 0.90944 0.880214 0.848699 0.815094 0.779612 0.742479 0.703931 0.664215 0.623582 0.582293 0.540611 0.498804 0.457139 0.415883 0.375301 0.335654 0.297197 0.260177 0.224833 0.191394 0.160075 0.13108 0.104596 0.0807955 0.0598342 0.0418491 0.0269583 0.0152604 0.00683336 0.00173459 0 0.00164406 


BIN SEQUENCE:
6 6 6 6 6 6 5 5 5 5 5 5 4 4 4 4 4 4 3 3 3 3 3 3 2 2 2 2 2 2 1 1 1 1 1 1 


SEQUENCE OF PREFERRED BINS:
66  66  66  66  66  66  55  55  55  55  55  55  44  44  44  44  44  44  33  33  33  33  33  33  22  22  22  22  22  22  ...
55  55  55  55  55  55  64  64  64  64  64  64  53  53  53  53  53  53  42  42  42  42  42  42  31  31  31  31  31  31  ...
44  44  44  44  44  44  33  33  33  33  33  33  62  62  62  62  62  62  51  51  51  51  51  51  44  44  44  44  44  44  ...
33  33  33  33  33  33  22  22  22  22  22  22  11  11  11  11  11  11  66  66  66  66  66  66  55  55  55  55  55  55  ...
22  22  22  22  22  22  11  11  11  11  11  11  00  00  00  00  00  00  00  00  00  00  00  00  66  66  66  66  66  66  ...
11  11  11  11  11  11  00  00  00  00  00  00  00  00  00  00  00  00  00  00  00  00  00  00  00  00  00  00  00  00  ...


BIN ALLOCATION OF DISTANCES:
6 3 1 1 6 4 
2 1 5 5 6 6 
4 1 1 2 3 5 
3 4 4 1 3 5 
5 2 4 2 2 3 
6 4 6 5 3 2 


BINS USED:
5 6 6 4 5 6 4 4 5 5 4 5 4 5 3 3 3 2 2 2 3 1 6 2 6 1 2 1 3 1 3 2 4 1 1 0 


TRANSITION SEQUENCE:
-1 -1 -1 -1 0.607143 -1 -1 -1 -1 0.428571 -1 0.571429 -1 0.392857 0.380952 0.22619 -1 0 -1 -1 -1 0 1 0 -1 -1 0.178571 0 -1 -1 0.202381 -1 -1 0 -1 0 


CORRELATION COEFFICIENT:          0.283628
DETECTION POWER:                  0.268285

