
Cycle found:
------------
543250135341230524511033142204400215
------------
Valid sequence 


NORMALIZED NEURAL MODEL:
-1.000000 -1.000000 -1.000000 -1.000000 -1.000000 -1.000000 
-1.000000 0.000000 0.392857 0.571429 0.773810 1.000000 
-1.000000 -1.000000 0.000000 0.178571 0.380952 0.607143 
-1.000000 -1.000000 -1.000000 0.000000 0.202381 0.428571 
-1.000000 -1.000000 -1.000000 -1.000000 0.000000 0.226190 
-1.000000 -1.000000 -1.000000 -1.000000 -1.000000 0.000000 

NORMALIZED GUIDE FUNCTION:
0.938992 0.958093 0.973736 0.985817 0.994257 0.998996 1 0.99726 0.990788 0.980624 0.966827 0.949483 0.928699 0.904605 0.877351 0.84711 0.814072 0.778446 0.740458 0.700348 0.658371 0.614796 0.569898 0.523966 0.477291 0.430173 0.382912 0.335812 0.289175 0.2433 0.198481 0.155007 0.113159 0.073205 0.0354039 0 


BIN SEQUENCE:
5 5 5 6 6 6 6 6 6 5 5 5 4 4 4 4 4 4 3 3 3 3 3 3 2 2 2 2 2 2 1 1 1 1 1 1 


SEQUENCE OF PREFERRED BINS:
55  55  55  66  66  66  66  66  66  55  55  55  44  44  44  44  44  44  33  33  33  33  33  33  22  22  22  22  22  22  ...
64  64  64  55  55  55  55  55  55  64  64  64  53  53  53  53  53  53  42  42  42  42  42  42  31  31  31  31  31  31  ...
33  33  33  44  44  44  44  44  44  33  33  33  62  62  62  62  62  62  51  51  51  51  51  51  44  44  44  44  44  44  ...
22  22  22  33  33  33  33  33  33  22  22  22  11  11  11  11  11  11  66  66  66  66  66  66  55  55  55  55  55  55  ...
11  11  11  22  22  22  22  22  22  11  11  11  00  00  00  00  00  00  00  00  00  00  00  00  66  66  66  66  66  66  ...
00  00  00  11  11  11  11  11  11  00  00  00  00  00  00  00  00  00  00  00  00  00  00  00  00  00  00  00  00  00  ...


BIN ALLOCATION OF DISTANCES:
1 5 5 2 2 3 
4 2 6 6 6 6 
1 2 2 4 5 6 
3 1 5 2 4 6 
1 4 1 4 3 4 
5 1 3 3 5 3 


BINS USED:
5 4 5 6 5 5 6 6 3 4 4 6 4 3 3 3 5 4 1 2 4 2 2 1 6 1 2 1 2 3 1 1 5 2 6 0 


TRANSITION SEQUENCE:
-1 -1 -1 0.607143 -1 -1 0.571429 0.428571 -1 0.202381 -1 0.392857 0.178571 -1 -1 -1 0.380952 0.22619 -1 0 -1 -1 0 -1 0.77381 -1 0 -1 -1 0 -1 -1 -1 -1 1 0 


CORRELATION COEFFICIENT:          0.0425979
DETECTION POWER:                  0.195941

