Unable to find a valid Hamiltonian Circuit.
Elapsed time: 2 seconds. Trying again...
Unable to find a valid Hamiltonian Circuit.
Elapsed time: 2 seconds. Trying again...

Cycle found:
------------
350541325245121020040115531442234330
------------
Valid sequence 


NORMALIZED NEURAL MODEL:
-1.000000 -1.000000 -1.000000 -1.000000 -1.000000 -1.000000 
-1.000000 0.000000 0.392857 0.571429 0.773810 1.000000 
-1.000000 -1.000000 0.000000 0.178571 0.380952 0.607143 
-1.000000 -1.000000 -1.000000 0.000000 0.202381 0.428571 
-1.000000 -1.000000 -1.000000 -1.000000 0.000000 0.226190 
-1.000000 -1.000000 -1.000000 -1.000000 -1.000000 0.000000 

NORMALIZED GUIDE FUNCTION:
1 0.943949 0.886589 0.828289 0.769424 0.710371 0.651508 0.593212 0.535856 0.479805 0.425417 0.373038 0.323002 0.275624 0.231207 0.190029 0.152352 0.118412 0.0884227 0.0625702 0.0410156 0.0238915 0.0113025 0.00332344 0 0.0013478 0.00735255 0.0179702 0.0331271 0.0527209 0.0766206 0.104668 0.136678 0.172442 0.211726 0.254274 


BIN SEQUENCE:
6 6 6 6 6 6 5 5 5 5 5 5 4 4 4 4 3 3 3 2 2 2 1 1 1 1 1 1 2 2 2 3 3 3 4 4 


SEQUENCE OF PREFERRED BINS:
66  66  66  66  66  66  55  55  55  55  55  55  44  44  44  44  33  33  33  22  22  22  11  11  11  11  11  11  22  22  ...
55  55  55  55  55  55  64  64  64  64  64  64  53  53  53  53  42  42  42  31  31  31  22  22  22  22  22  22  31  31  ...
44  44  44  44  44  44  33  33  33  33  33  33  62  62  62  62  51  51  51  44  44  44  33  33  33  33  33  33  44  44  ...
33  33  33  33  33  33  22  22  22  22  22  22  11  11  11  11  66  66  66  55  55  55  44  44  44  44  44  44  55  55  ...
22  22  22  22  22  22  11  11  11  11  11  11  00  00  00  00  00  00  00  66  66  66  55  55  55  55  55  55  66  66  ...
11  11  11  11  11  11  00  00  00  00  00  00  00  00  00  00  00  00  00  00  00  00  66  66  66  66  66  66  00  00  ...


BIN ALLOCATION OF DISTANCES:
5 6 4 4 5 6 
2 1 4 6 6 6 
2 3 1 2 3 6 
3 1 5 1 3 5 
2 5 2 2 1 3 
5 4 4 3 4 1 


BINS USED:
5 5 6 4 5 6 5 6 4 3 3 4 4 3 2 4 2 5 5 2 6 1 6 1 3 1 6 1 2 1 2 3 2 1 3 0 


TRANSITION SEQUENCE:
0.428571 -1 -1 -1 -1 0.571429 -1 0.607143 -1 0.380952 0.22619 -1 0.392857 -1 -1 -1 -1 -1 -1 -1 -1 0 1 0 -1 -1 0.77381 0 -1 0 0.178571 0.202381 -1 0 -1 0 


CORRELATION COEFFICIENT:          0.173194
DETECTION POWER:                  0.254737

