
Cycle found:
------------
033042232412510521400154353113445502
------------
Valid sequence 


NORMALIZED NEURAL MODEL:
-1.000000 -1.000000 -1.000000 -1.000000 -1.000000 -1.000000 
-1.000000 0.000000 0.392857 0.571429 0.773810 1.000000 
-1.000000 -1.000000 0.000000 0.178571 0.380952 0.607143 
-1.000000 -1.000000 -1.000000 0.000000 0.202381 0.428571 
-1.000000 -1.000000 -1.000000 -1.000000 0.000000 0.226190 
-1.000000 -1.000000 -1.000000 -1.000000 -1.000000 0.000000 

NORMALIZED GUIDE FUNCTION:
0 0.0749273 0.149773 0.224059 0.297308 0.369054 0.438838 0.506215 0.570754 0.632046 0.6897 0.743349 0.792654 0.837302 0.877011 0.91153 0.940642 0.964165 0.981953 0.993897 0.999924 1 0.99413 0.982355 0.964756 0.94145 0.912591 0.878367 0.839002 0.794752 0.745904 0.692775 0.635708 0.575071 0.511255 0.444672 


BIN SEQUENCE:
1 1 1 1 1 1 2 2 2 3 3 3 4 4 4 5 5 5 6 6 6 6 6 6 5 5 5 4 4 4 3 3 3 2 2 2 


SEQUENCE OF PREFERRED BINS:
11  11  11  11  11  11  22  22  22  33  33  33  44  44  44  55  55  55  66  66  66  66  66  66  55  55  55  44  44  44  ...
22  22  22  22  22  22  31  31  31  42  42  42  53  53  53  64  64  64  55  55  55  55  55  55  64  64  64  53  53  53  ...
33  33  33  33  33  33  44  44  44  51  51  51  62  62  62  33  33  33  44  44  44  44  44  44  33  33  33  62  62  62  ...
44  44  44  44  44  44  55  55  55  66  66  66  11  11  11  22  22  22  33  33  33  33  33  33  22  22  22  11  11  11  ...
55  55  55  55  55  55  66  66  66  00  00  00  00  00  00  11  11  11  22  22  22  22  22  22  11  11  11  00  00  00  ...
66  66  66  66  66  66  00  00  00  00  00  00  00  00  00  00  00  00  11  11  11  11  11  11  00  00  00  00  00  00  ...


BIN ALLOCATION OF DISTANCES:
6 5 5 1 2 5 
4 1 4 5 5 6 
3 6 1 3 4 5 
2 3 2 1 3 4 
6 3 1 6 1 4 
3 4 6 2 2 2 


BINS USED:
1 1 2 2 1 1 3 2 4 3 4 5 4 4 5 6 6 5 6 6 5 6 2 6 4 2 3 1 5 3 1 4 2 3 5 0 


TRANSITION SEQUENCE:
-1 0 -1 -1 -1 0 0.178571 -1 0.380952 -1 0.392857 0.607143 -1 -1 -1 -1 -1 0.77381 -1 -1 -1 1 -1 -1 0.428571 -1 -1 0 0.571429 0.202381 0 0.22619 0 -1 -1 0 


CORRELATION COEFFICIENT:          0.359313
DETECTION POWER:                  0.400387

