
Cycle found:
------------
251453042441234055432002211013315035
------------
Valid sequence 


NORMALIZED NEURAL MODEL:
-1.000000 -1.000000 -1.000000 -1.000000 -1.000000 -1.000000 
-1.000000 0.000000 0.392857 0.571429 0.773810 1.000000 
-1.000000 -1.000000 0.000000 0.178571 0.380952 0.607143 
-1.000000 -1.000000 -1.000000 0.000000 0.202381 0.428571 
-1.000000 -1.000000 -1.000000 -1.000000 0.000000 0.226190 
-1.000000 -1.000000 -1.000000 -1.000000 -1.000000 0.000000 

NORMALIZED GUIDE FUNCTION:
1 0.95087 0.900014 0.847759 0.79444 0.740401 0.685987 0.631548 0.577431 0.523983 0.471546 0.420454 0.371034 0.3236 0.278456 0.235887 0.196165 0.159541 0.126248 0.0964963 0.070473 0.0483419 0.0302417 0.016285 0.00655784 0.00111905 0 0.00320438 0.0107082 0.0224599 0.0383807 0.0583655 0.082283 0.109977 0.141266 0.175949 


BIN SEQUENCE:
6 6 6 6 6 6 5 5 5 5 5 5 4 4 4 4 4 3 3 3 2 2 2 1 1 1 1 1 1 2 2 2 3 3 3 4 


SEQUENCE OF PREFERRED BINS:
66  66  66  66  66  66  55  55  55  55  55  55  44  44  44  44  44  33  33  33  22  22  22  11  11  11  11  11  11  22  ...
55  55  55  55  55  55  64  64  64  64  64  64  53  53  53  53  53  42  42  42  31  31  31  22  22  22  22  22  22  31  ...
44  44  44  44  44  44  33  33  33  33  33  33  62  62  62  62  62  51  51  51  44  44  44  33  33  33  33  33  33  44  ...
33  33  33  33  33  33  22  22  22  22  22  22  11  11  11  11  11  66  66  66  55  55  55  44  44  44  44  44  44  55  ...
22  22  22  22  22  22  11  11  11  11  11  11  00  00  00  00  00  00  00  00  66  66  66  55  55  55  55  55  55  66  ...
11  11  11  11  11  11  00  00  00  00  00  00  00  00  00  00  00  00  00  00  00  00  00  66  66  66  66  66  66  00  ...


BIN ALLOCATION OF DISTANCES:
1 3 3 5 5 4 
3 1 5 6 6 6 
2 2 1 4 4 6 
6 5 2 1 4 5 
2 2 3 1 3 4 
1 6 2 5 3 4 


BINS USED:
6 6 6 4 5 6 5 3 4 3 2 5 4 4 2 4 4 3 1 2 2 1 3 1 2 1 3 3 6 1 5 6 1 5 5 0 


TRANSITION SEQUENCE:
0.607143 -1 0.77381 0.22619 -1 -1 -1 -1 0.380952 0 -1 0.392857 0.178571 0.202381 -1 -1 0 -1 -1 -1 -1 -1 -1 0 -1 0 -1 -1 0.571429 0 -1 1 -1 -1 0.428571 0 


CORRELATION COEFFICIENT:          0.205754
DETECTION POWER:                  0.229852

