Unable to find a valid Hamiltonian Circuit.
Elapsed time: 2 seconds. Trying again...

Cycle found:
------------
425015352132345410311220551433024004
------------
Valid sequence 


NORMALIZED NEURAL MODEL:
-1.000000 -1.000000 -1.000000 -1.000000 -1.000000 -1.000000 
-1.000000 0.000000 0.392857 0.571429 0.773810 1.000000 
-1.000000 -1.000000 0.000000 0.178571 0.380952 0.607143 
-1.000000 -1.000000 -1.000000 0.000000 0.202381 0.428571 
-1.000000 -1.000000 -1.000000 -1.000000 0.000000 0.226190 
-1.000000 -1.000000 -1.000000 -1.000000 -1.000000 0.000000 

NORMALIZED GUIDE FUNCTION:
1 0.93439 0.86813 0.801643 0.735357 0.669694 0.605075 0.541913 0.48061 0.421557 0.36513 0.311688 0.261568 0.21509 0.172546 0.134206 0.100309 0.0710699 0.0466696 0.0272598 0.0129597 0.0038554 0 0.00141275 0.00807918 0.0199512 0.0369474 0.0589538 0.0858242 0.117382 0.153419 0.193701 0.237966 0.285925 0.337269 0.391664 


BIN SEQUENCE:
6 6 6 6 6 6 5 5 5 5 5 4 4 4 3 3 3 2 2 2 1 1 1 1 1 1 2 2 2 3 3 3 4 4 4 5 


SEQUENCE OF PREFERRED BINS:
66  66  66  66  66  66  55  55  55  55  55  44  44  44  33  33  33  22  22  22  11  11  11  11  11  11  22  22  22  33  ...
55  55  55  55  55  55  64  64  64  64  64  53  53  53  42  42  42  31  31  31  22  22  22  22  22  22  31  31  31  42  ...
44  44  44  44  44  44  33  33  33  33  33  62  62  62  51  51  51  44  44  44  33  33  33  33  33  33  44  44  44  51  ...
33  33  33  33  33  33  22  22  22  22  22  11  11  11  66  66  66  55  55  55  44  44  44  44  44  44  55  55  55  66  ...
22  22  22  22  22  22  11  11  11  11  11  00  00  00  00  00  00  66  66  66  55  55  55  55  55  55  66  66  66  00  ...
11  11  11  11  11  11  00  00  00  00  00  00  00  00  00  00  00  00  00  00  66  66  66  66  66  66  00  00  00  00  ...


BIN ALLOCATION OF DISTANCES:
5 6 5 2 5 5 
3 1 4 4 6 6 
1 5 1 3 3 6 
2 2 3 1 3 4 
6 2 6 5 1 3 
4 1 4 4 2 2 


BINS USED:
6 6 4 6 6 4 4 4 5 4 3 3 3 3 2 2 3 2 2 1 4 1 1 5 2 1 6 5 1 2 5 3 6 5 5 0 


TRANSITION SEQUENCE:
-1 0.607143 -1 -1 1 -1 0.428571 -1 -1 0.571429 -1 0.178571 0.202381 0.22619 -1 -1 -1 -1 -1 0 0.392857 0 -1 -1 0 -1 0.77381 -1 0 -1 -1 0.380952 -1 -1 -1 0 


CORRELATION COEFFICIENT:          0.350005
DETECTION POWER:                  0.279038

