Unable to find a valid Hamiltonian Circuit.
Elapsed time: 2 seconds. Trying again...

Cycle found:
------------
301435404531241050234421133225515200
------------
Valid sequence 


NORMALIZED NEURAL MODEL:
-1.000000 -1.000000 -1.000000 -1.000000 -1.000000 -1.000000 
-1.000000 0.000000 0.392857 0.571429 0.773810 1.000000 
-1.000000 -1.000000 0.000000 0.178571 0.380952 0.607143 
-1.000000 -1.000000 -1.000000 0.000000 0.202381 0.428571 
-1.000000 -1.000000 -1.000000 -1.000000 0.000000 0.226190 
-1.000000 -1.000000 -1.000000 -1.000000 -1.000000 0.000000 

NORMALIZED GUIDE FUNCTION:
1 0.981873 0.960778 0.936852 0.910254 0.881158 0.849752 0.816242 0.780844 0.743789 0.705315 0.66567 0.625111 0.583898 0.542296 0.500571 0.458992 0.417824 0.377329 0.337767 0.299389 0.262439 0.227152 0.193752 0.162449 0.13344 0.10691 0.083023 0.0619291 0.0437592 0.0286256 0.0166208 0.00781723 0.00226665 0 0.0010271 


BIN SEQUENCE:
6 6 6 6 6 6 5 5 5 5 5 5 4 4 4 4 4 4 3 3 3 3 3 3 2 2 2 2 2 2 1 1 1 1 1 1 


SEQUENCE OF PREFERRED BINS:
66  66  66  66  66  66  55  55  55  55  55  55  44  44  44  44  44  44  33  33  33  33  33  33  22  22  22  22  22  22  ...
55  55  55  55  55  55  64  64  64  64  64  64  53  53  53  53  53  53  42  42  42  42  42  42  31  31  31  31  31  31  ...
44  44  44  44  44  44  33  33  33  33  33  33  62  62  62  62  62  62  51  51  51  51  51  51  44  44  44  44  44  44  ...
33  33  33  33  33  33  22  22  22  22  22  22  11  11  11  11  11  11  66  66  66  66  66  66  55  55  55  55  55  55  ...
22  22  22  22  22  22  11  11  11  11  11  11  00  00  00  00  00  00  00  00  00  00  00  00  66  66  66  66  66  66  ...
11  11  11  11  11  11  00  00  00  00  00  00  00  00  00  00  00  00  00  00  00  00  00  00  00  00  00  00  00  00  ...


BIN ALLOCATION OF DISTANCES:
2 5 3 2 4 4 
2 1 4 6 6 6 
1 2 1 3 4 6 
6 3 2 1 3 5 
5 4 3 5 1 4 
3 1 5 5 6 2 


BINS USED:
6 5 6 5 5 6 5 4 4 5 3 4 4 4 2 4 3 3 3 3 1 3 2 1 6 1 2 1 6 2 1 6 5 1 2 0 


TRANSITION SEQUENCE:
-1 -1 0.77381 -1 0.428571 -1 -1 -1 0.22619 -1 -1 0.392857 0.380952 -1 -1 -1 -1 -1 0.178571 0.202381 0 -1 -1 0 0.571429 0 -1 0 0.607143 0 -1 1 -1 -1 -1 0 


CORRELATION COEFFICIENT:          0.16344
DETECTION POWER:                  0.239681

