
Cycle found:
------------
110422012440234551352541503005314332
------------
Valid sequence 


NORMALIZED NEURAL MODEL:
-1.000000 -1.000000 -1.000000 -1.000000 -1.000000 -1.000000 
-1.000000 0.000000 0.392857 0.571429 0.773810 1.000000 
-1.000000 -1.000000 0.000000 0.178571 0.380952 0.607143 
-1.000000 -1.000000 -1.000000 0.000000 0.202381 0.428571 
-1.000000 -1.000000 -1.000000 -1.000000 0.000000 0.226190 
-1.000000 -1.000000 -1.000000 -1.000000 -1.000000 0.000000 

NORMALIZED GUIDE FUNCTION:
0 0.0449584 0.0918659 0.140418 0.190299 0.241187 0.292755 0.34467 0.396598 0.448209 0.499171 0.54916 0.597859 0.644958 0.690161 0.733181 0.773748 0.81161 0.846529 0.878289 0.906695 0.931572 0.95277 0.970161 0.983644 0.993141 0.998602 1 0.997337 0.99064 0.97996 0.965377 0.946993 0.924935 0.899353 0.870419 


BIN SEQUENCE:
1 1 1 1 1 1 2 2 2 2 2 2 3 3 3 3 3 3 4 4 4 5 5 5 6 6 6 6 6 6 5 5 5 4 4 4 


SEQUENCE OF PREFERRED BINS:
11  11  11  11  11  11  22  22  22  22  22  22  33  33  33  33  33  33  44  44  44  55  55  55  66  66  66  66  66  66  ...
22  22  22  22  22  22  31  31  31  31  31  31  42  42  42  42  42  42  53  53  53  64  64  64  55  55  55  55  55  55  ...
33  33  33  33  33  33  44  44  44  44  44  44  51  51  51  51  51  51  62  62  62  33  33  33  44  44  44  44  44  44  ...
44  44  44  44  44  44  55  55  55  55  55  55  66  66  66  66  66  66  11  11  11  22  22  22  33  33  33  33  33  33  ...
55  55  55  55  55  55  66  66  66  66  66  66  00  00  00  00  00  00  00  00  00  11  11  11  22  22  22  22  22  22  ...
66  66  66  66  66  66  00  00  00  00  00  00  00  00  00  00  00  00  00  00  00  00  00  00  11  11  11  11  11  11  ...


BIN ALLOCATION OF DISTANCES:
5 4 5 6 4 6 
1 1 3 4 6 6 
2 6 1 3 3 4 
5 4 2 2 3 4 
2 5 1 1 2 3 
6 2 5 1 5 3 


BINS USED:
1 1 4 1 1 2 4 3 3 2 2 5 3 3 3 3 2 4 4 5 4 5 5 6 6 6 5 5 6 1 4 6 1 2 2 0 


TRANSITION SEQUENCE:
0 -1 -1 -1 0 -1 -1 0.392857 0.380952 0 -1 -1 0.178571 0.202381 0.22619 0 -1 0.571429 0.428571 -1 0.607143 -1 -1 1 -1 -1 -1 -1 -1 -1 -1 0.77381 -1 0 -1 0 


CORRELATION COEFFICIENT:          0.295673
DETECTION POWER:                  0.346891

