
Cycle found:
------------
251435421245231033411305532015004402
------------
Valid sequence 


NORMALIZED NEURAL MODEL:
-1.000000 -1.000000 -1.000000 -1.000000 -1.000000 -1.000000 
-1.000000 0.000000 0.392857 0.571429 0.773810 1.000000 
-1.000000 -1.000000 0.000000 0.178571 0.380952 0.607143 
-1.000000 -1.000000 -1.000000 0.000000 0.202381 0.428571 
-1.000000 -1.000000 -1.000000 -1.000000 0.000000 0.226190 
-1.000000 -1.000000 -1.000000 -1.000000 -1.000000 0.000000 

NORMALIZED GUIDE FUNCTION:
1 0.912052 0.825363 0.74049 0.657975 0.578348 0.502119 0.429776 0.361783 0.298576 0.24056 0.188108 0.141555 0.101201 0.0673042 0.0400829 0.0197118 0.00632201 0 0.000786887 0.00867828 0.0236243 0.0455299 0.0742553 0.109617 0.15139 0.199306 0.253059 0.312306 0.376668 0.445732 0.519058 0.596175 0.67659 0.759788 0.845237 


BIN SEQUENCE:
6 6 6 6 5 5 5 4 4 4 3 3 3 2 2 2 1 1 1 1 1 1 2 2 2 3 3 3 4 4 4 5 5 5 6 6 


SEQUENCE OF PREFERRED BINS:
66  66  66  66  55  55  55  44  44  44  33  33  33  22  22  22  11  11  11  11  11  11  22  22  22  33  33  33  44  44  ...
55  55  55  55  64  64  64  53  53  53  42  42  42  31  31  31  22  22  22  22  22  22  31  31  31  42  42  42  53  53  ...
44  44  44  44  33  33  33  62  62  62  51  51  51  44  44  44  33  33  33  33  33  33  44  44  44  51  51  51  62  62  ...
33  33  33  33  22  22  22  11  11  11  66  66  66  55  55  55  44  44  44  44  44  44  55  55  55  66  66  66  11  11  ...
22  22  22  22  11  11  11  00  00  00  00  00  00  66  66  66  55  55  55  55  55  55  66  66  66  00  00  00  00  00  ...
11  11  11  11  00  00  00  00  00  00  00  00  00  00  00  00  66  66  66  66  66  66  00  00  00  00  00  00  00  00  ...


BIN ALLOCATION OF DISTANCES:
5 5 4 1 6 4 
2 1 4 5 6 6 
1 5 1 3 3 6 
4 2 6 1 3 5 
2 2 4 5 2 3 
3 6 3 1 4 2 


BINS USED:
6 6 6 5 5 4 4 5 4 3 3 3 3 2 2 1 1 3 2 1 5 4 4 2 1 6 1 5 6 3 5 6 2 2 4 0 


TRANSITION SEQUENCE:
0.607143 -1 0.77381 -1 0.428571 -1 -1 -1 0.392857 0.380952 0.22619 -1 0.178571 -1 -1 -1 0 0.202381 -1 0 0.571429 -1 -1 0 -1 -1 -1 -1 1 -1 -1 -1 0 -1 -1 0 


CORRELATION COEFFICIENT:          0.222403
DETECTION POWER:                  0.29642

