
Cycle found:
------------
233101122140343530055445150425202413
------------
Valid sequence 


NORMALIZED NEURAL MODEL:
-1.000000 -1.000000 -1.000000 -1.000000 -1.000000 -1.000000 
-1.000000 0.000000 0.392857 0.571429 0.773810 1.000000 
-1.000000 -1.000000 0.000000 0.178571 0.380952 0.607143 
-1.000000 -1.000000 -1.000000 0.000000 0.202381 0.428571 
-1.000000 -1.000000 -1.000000 -1.000000 0.000000 0.226190 
-1.000000 -1.000000 -1.000000 -1.000000 -1.000000 0.000000 

NORMALIZED GUIDE FUNCTION:
0.205804 0.167658 0.132942 0.101876 0.0746594 0.0514637 0.0324363 0.0176975 0.00734017 0.00142893 0 0.00306086 0.0105902 0.0225383 0.0388268 0.0593498 0.0839744 0.112541 0.144866 0.180741 0.219933 0.262193 0.307246 0.354805 0.404563 0.456201 0.509387 0.563782 0.619034 0.674792 0.730697 0.786391 0.841518 0.895725 0.948665 1 


BIN SEQUENCE:
4 3 3 3 2 2 2 1 1 1 1 1 1 2 2 2 3 3 3 4 4 4 4 4 5 5 5 5 5 5 6 6 6 6 6 6 


SEQUENCE OF PREFERRED BINS:
44  33  33  33  22  22  22  11  11  11  11  11  11  22  22  22  33  33  33  44  44  44  44  44  55  55  55  55  55  55  ...
53  42  42  42  31  31  31  22  22  22  22  22  22  31  31  31  42  42  42  53  53  53  53  53  64  64  64  64  64  64  ...
62  51  51  51  44  44  44  33  33  33  33  33  33  44  44  44  51  51  51  62  62  62  62  62  33  33  33  33  33  33  ...
11  66  66  66  55  55  55  44  44  44  44  44  44  55  55  55  66  66  66  11  11  11  11  11  22  22  22  22  22  22  ...
00  00  00  00  66  66  66  55  55  55  55  55  55  66  66  66  00  00  00  00  00  00  00  00  11  11  11  11  11  11  ...
00  00  00  00  00  00  00  66  66  66  66  66  66  00  00  00  00  00  00  00  00  00  00  00  00  00  00  00  00  00  ...


BIN ALLOCATION OF DISTANCES:
3 2 4 3 5 3 
3 1 5 6 6 6 
3 2 1 4 5 6 
5 2 3 2 4 5 
1 6 1 1 4 4 
2 6 1 2 5 4 


BINS USED:
4 2 2 3 2 1 5 1 2 6 1 3 4 1 5 2 5 3 3 4 5 4 4 6 6 2 5 1 6 1 3 4 5 6 6 0 


TRANSITION SEQUENCE:
0.178571 0 -1 -1 -1 0 0.392857 0 -1 0.77381 -1 -1 0.202381 -1 0.428571 -1 -1 -1 -1 0 -1 0 0.22619 -1 1 -1 -1 -1 0.607143 -1 -1 -1 0.380952 -1 0.571429 0 


CORRELATION COEFFICIENT:          0.117232
DETECTION POWER:                  0.268078

