
Cycle found:
------------
251505404313210142003530233445522411
------------
Valid sequence 


NORMALIZED NEURAL MODEL:
-1.000000 -1.000000 -1.000000 -1.000000 -1.000000 -1.000000 
-1.000000 0.000000 0.392857 0.571429 0.773810 1.000000 
-1.000000 -1.000000 0.000000 0.178571 0.380952 0.607143 
-1.000000 -1.000000 -1.000000 0.000000 0.202381 0.428571 
-1.000000 -1.000000 -1.000000 -1.000000 0.000000 0.226190 
-1.000000 -1.000000 -1.000000 -1.000000 -1.000000 0.000000 

NORMALIZED GUIDE FUNCTION:
1 0.961003 0.919767 0.876556 0.831648 0.785333 0.737907 0.689676 0.640949 0.592037 0.543255 0.494915 0.447326 0.400791 0.355608 0.312066 0.270442 0.231001 0.193994 0.159656 0.128204 0.0998397 0.0747405 0.0530651 0.0349499 0.0205082 0.00982965 0.00297992 0 0.000906092 0.00568951 0.0143167 0.0267297 0.042846 0.0625598 0.0857421 


BIN SEQUENCE:
6 6 6 6 6 6 5 5 5 5 5 5 4 4 4 4 4 4 3 3 3 3 3 2 2 2 1 1 1 1 1 1 2 2 2 3 


SEQUENCE OF PREFERRED BINS:
66  66  66  66  66  66  55  55  55  55  55  55  44  44  44  44  44  44  33  33  33  33  33  22  22  22  11  11  11  11  ...
55  55  55  55  55  55  64  64  64  64  64  64  53  53  53  53  53  53  42  42  42  42  42  31  31  31  22  22  22  22  ...
44  44  44  44  44  44  33  33  33  33  33  33  62  62  62  62  62  62  51  51  51  51  51  44  44  44  33  33  33  33  ...
33  33  33  33  33  33  22  22  22  22  22  22  11  11  11  11  11  11  66  66  66  66  66  55  55  55  44  44  44  44  ...
22  22  22  22  22  22  11  11  11  11  11  11  00  00  00  00  00  00  00  00  00  00  00  66  66  66  55  55  55  55  ...
11  11  11  11  11  11  00  00  00  00  00  00  00  00  00  00  00  00  00  00  00  00  00  00  00  00  66  66  66  66  ...


BIN ALLOCATION OF DISTANCES:
3 4 1 1 5 6 
3 1 2 4 6 6 
3 5 1 2 2 5 
3 4 6 1 2 3 
5 6 4 4 1 2 
5 6 4 3 5 2 


BINS USED:
5 6 6 5 6 5 5 5 4 4 4 6 5 3 4 6 4 3 3 1 3 3 3 1 2 1 2 1 2 2 4 1 2 6 1 0 


TRANSITION SEQUENCE:
0.607143 -1 1 -1 -1 -1 -1 -1 -1 -1 0.571429 -1 -1 -1 -1 0.77381 -1 -1 -1 -1 0.428571 -1 -1 -1 0.178571 0 0.202381 0 0.22619 0 -1 0 0.380952 -1 0 0 


CORRELATION COEFFICIENT:          0.512114
DETECTION POWER:                  0.407739

