
Cycle found:
------------
523534014102513212055045442243300311
------------
Valid sequence 


NORMALIZED NEURAL MODEL:
-1.000000 -1.000000 -1.000000 -1.000000 -1.000000 -1.000000 
-1.000000 0.000000 0.392857 0.571429 0.773810 1.000000 
-1.000000 -1.000000 0.000000 0.178571 0.380952 0.607143 
-1.000000 -1.000000 -1.000000 0.000000 0.202381 0.428571 
-1.000000 -1.000000 -1.000000 -1.000000 0.000000 0.226190 
-1.000000 -1.000000 -1.000000 -1.000000 -1.000000 0.000000 

NORMALIZED GUIDE FUNCTION:
0.76205 0.804083 0.842573 0.877283 0.908 0.934539 0.95674 0.974473 0.987638 0.996161 1 0.999144 0.993611 0.983449 0.968735 0.949577 0.926108 0.898491 0.866915 0.831591 0.792756 0.75067 0.705609 0.657871 0.607769 0.555631 0.501795 0.446611 0.390436 0.333633 0.276567 0.219604 0.163109 0.107442 0.052957 0 


BIN SEQUENCE:
3 3 4 4 4 5 5 5 6 6 6 6 6 6 5 5 5 4 4 4 3 3 3 3 2 2 2 2 2 2 1 1 1 1 1 1 


SEQUENCE OF PREFERRED BINS:
33  33  44  44  44  55  55  55  66  66  66  66  66  66  55  55  55  44  44  44  33  33  33  33  22  22  22  22  22  22  ...
42  42  53  53  53  64  64  64  55  55  55  55  55  55  64  64  64  53  53  53  42  42  42  42  31  31  31  31  31  31  ...
51  51  62  62  62  33  33  33  44  44  44  44  44  44  33  33  33  62  62  62  51  51  51  51  44  44  44  44  44  44  ...
66  66  11  11  11  22  22  22  33  33  33  33  33  33  22  22  22  11  11  11  66  66  66  66  55  55  55  55  55  55  ...
00  00  00  00  00  11  11  11  22  22  22  22  22  22  11  11  11  00  00  00  00  00  00  00  66  66  66  66  66  66  ...
00  00  00  00  00  00  00  00  11  11  11  11  11  11  00  00  00  00  00  00  00  00  00  00  00  00  00  00  00  00  ...


BIN ALLOCATION OF DISTANCES:
1 5 3 1 2 2 
6 1 4 4 5 5 
4 5 2 3 4 5 
1 6 6 2 3 4 
5 6 6 4 2 3 
1 6 3 3 1 2 


BINS USED:
3 3 4 3 3 5 5 5 6 6 3 5 6 4 6 5 4 4 2 2 1 2 3 1 2 6 2 4 4 2 1 1 1 6 1 0 


TRANSITION SEQUENCE:
-1 0.178571 0.428571 -1 0.202381 -1 -1 0.77381 -1 -1 -1 0.607143 -1 0.571429 -1 -1 0.392857 -1 -1 0 -1 -1 0.22619 -1 0 -1 0 0.380952 -1 0 -1 -1 -1 -1 0 0 


CORRELATION COEFFICIENT:          0.451266
DETECTION POWER:                  0.391572

