
Cycle found:
------------
343515045541244005322103025201133142
------------
Valid sequence 


NORMALIZED NEURAL MODEL:
-1.000000 -1.000000 -1.000000 -1.000000 -1.000000 -1.000000 
-1.000000 0.000000 0.392857 0.571429 0.773810 1.000000 
-1.000000 -1.000000 0.000000 0.178571 0.380952 0.607143 
-1.000000 -1.000000 -1.000000 0.000000 0.202381 0.428571 
-1.000000 -1.000000 -1.000000 -1.000000 0.000000 0.226190 
-1.000000 -1.000000 -1.000000 -1.000000 -1.000000 0.000000 

NORMALIZED GUIDE FUNCTION:
0.916472 0.93942 0.958865 0.974682 0.98677 0.99505 0.99947 1 0.996638 0.989404 0.978344 0.96353 0.945055 0.923038 0.897619 0.868962 0.837249 0.802683 0.765485 0.725895 0.684164 0.64056 0.595362 0.54886 0.501352 0.453141 0.404536 0.355849 0.307391 0.259472 0.212401 0.166477 0.121996 0.0792426 0.0384901 0 


BIN SEQUENCE:
4 5 5 5 6 6 6 6 6 6 5 5 5 4 4 4 4 4 3 3 3 3 3 3 2 2 2 2 2 2 1 1 1 1 1 1 


SEQUENCE OF PREFERRED BINS:
44  55  55  55  66  66  66  66  66  66  55  55  55  44  44  44  44  44  33  33  33  33  33  33  22  22  22  22  22  22  ...
53  64  64  64  55  55  55  55  55  55  64  64  64  53  53  53  53  53  42  42  42  42  42  42  31  31  31  31  31  31  ...
62  33  33  33  44  44  44  44  44  44  33  33  33  62  62  62  62  62  51  51  51  51  51  51  44  44  44  44  44  44  ...
11  22  22  22  33  33  33  33  33  33  22  22  22  11  11  11  11  11  66  66  66  66  66  66  55  55  55  55  55  55  ...
00  11  11  11  22  22  22  22  22  22  11  11  11  00  00  00  00  00  00  00  00  00  00  00  66  66  66  66  66  66  ...
00  00  00  00  11  11  11  11  11  11  00  00  00  00  00  00  00  00  00  00  00  00  00  00  00  00  00  00  00  00  ...


BIN ALLOCATION OF DISTANCES:
4 1 1 2 5 3 
3 2 5 6 6 6 
6 1 2 4 5 6 
3 6 3 2 4 5 
1 3 1 4 2 4 
5 5 1 2 3 4 


BINS USED:
4 4 5 5 6 5 5 4 4 3 3 5 5 2 1 4 3 2 3 2 1 3 2 3 1 6 1 6 1 2 6 2 6 6 1 0 


TRANSITION SEQUENCE:
0.202381 -1 0.428571 -1 1 -1 -1 0.22619 0 -1 -1 0.392857 0.380952 0 -1 -1 -1 -1 -1 0 -1 -1 -1 -1 -1 0.607143 -1 -1 -1 0 0.571429 0 -1 0.77381 -1 0 


CORRELATION COEFFICIENT:          0.0317699
DETECTION POWER:                  0.194395

