
Cycle found:
------------
021101233044205134145325403155224350
------------
Valid sequence 


NORMALIZED NEURAL MODEL:
-1.000000 -1.000000 -1.000000 -1.000000 -1.000000 -1.000000 
-1.000000 0.000000 0.392857 0.571429 0.773810 1.000000 
-1.000000 -1.000000 0.000000 0.178571 0.380952 0.607143 
-1.000000 -1.000000 -1.000000 0.000000 0.202381 0.428571 
-1.000000 -1.000000 -1.000000 -1.000000 0.000000 0.226190 
-1.000000 -1.000000 -1.000000 -1.000000 -1.000000 0.000000 

NORMALIZED GUIDE FUNCTION:
0 0.0655997 0.131866 0.198374 0.264697 0.330412 0.395097 0.458338 0.519728 0.578874 0.635397 0.688934 0.739141 0.785695 0.828298 0.866674 0.900578 0.929791 0.954123 0.973419 0.987553 0.996433 1 0.998231 0.991134 0.978755 0.961171 0.938492 0.910864 0.878461 0.84149 0.800186 0.754812 0.705659 0.653039 0.597289 


BIN SEQUENCE:
1 1 1 1 1 1 2 2 2 2 2 3 3 3 4 4 4 5 5 5 6 6 6 6 6 6 5 5 5 4 4 4 3 3 3 2 


SEQUENCE OF PREFERRED BINS:
11  11  11  11  11  11  22  22  22  22  22  33  33  33  44  44  44  55  55  55  66  66  66  66  66  66  55  55  55  44  ...
22  22  22  22  22  22  31  31  31  31  31  42  42  42  53  53  53  64  64  64  55  55  55  55  55  55  64  64  64  53  ...
33  33  33  33  33  33  44  44  44  44  44  51  51  51  62  62  62  33  33  33  44  44  44  44  44  44  33  33  33  62  ...
44  44  44  44  44  44  55  55  55  55  55  66  66  66  11  11  11  22  22  22  33  33  33  33  33  33  22  22  22  11  ...
55  55  55  55  55  55  66  66  66  66  66  00  00  00  00  00  00  11  11  11  22  22  22  22  22  22  11  11  11  00  ...
66  66  66  66  66  66  00  00  00  00  00  00  00  00  00  00  00  00  00  00  11  11  11  11  11  11  00  00  00  00  ...


BIN ALLOCATION OF DISTANCES:
3 3 2 5 3 3 
2 1 5 6 6 6 
5 1 1 2 5 6 
3 5 6 1 4 6 
4 5 3 1 2 4 
2 4 1 4 4 2 


BINS USED:
2 1 1 2 3 5 2 1 3 3 2 3 5 3 4 6 4 5 6 4 4 6 6 4 4 5 5 6 2 1 1 5 1 6 2 0 


TRANSITION SEQUENCE:
-1 -1 0 -1 -1 0.392857 0.178571 0 -1 -1 0 -1 -1 -1 -1 0.571429 0.202381 -1 0.77381 0.22619 -1 -1 0.607143 -1 -1 -1 -1 1 0 -1 0 0.380952 -1 0.428571 -1 0 


CORRELATION COEFFICIENT:          0.27519
DETECTION POWER:                  0.236148

