
Cycle found:
------------
525302405432012135114223441003315504
------------
Valid sequence 


NORMALIZED NEURAL MODEL:
-1.000000 -1.000000 -1.000000 -1.000000 -1.000000 -1.000000 
-1.000000 0.000000 0.392857 0.571429 0.773810 1.000000 
-1.000000 -1.000000 0.000000 0.178571 0.380952 0.607143 
-1.000000 -1.000000 -1.000000 0.000000 0.202381 0.428571 
-1.000000 -1.000000 -1.000000 -1.000000 0.000000 0.226190 
-1.000000 -1.000000 -1.000000 -1.000000 -1.000000 0.000000 

NORMALIZED GUIDE FUNCTION:
1 0.953194 0.904534 0.854331 0.802909 0.750597 0.69773 0.644648 0.59169 0.539195 0.487499 0.436933 0.38782 0.340474 0.295197 0.252277 0.211989 0.174589 0.140315 0.109385 0.0819949 0.0583188 0.0385062 0.0226818 0.0109451 0.00336906 0 0.000857335 0.00593339 0.0151935 0.0285761 0.0459935 0.067332 0.0924529 0.121193 0.153368 


BIN SEQUENCE:
6 6 6 6 6 6 5 5 5 5 5 5 4 4 4 4 4 4 3 3 3 2 2 2 1 1 1 1 1 1 2 2 2 3 3 3 


SEQUENCE OF PREFERRED BINS:
66  66  66  66  66  66  55  55  55  55  55  55  44  44  44  44  44  44  33  33  33  22  22  22  11  11  11  11  11  11  ...
55  55  55  55  55  55  64  64  64  64  64  64  53  53  53  53  53  53  42  42  42  31  31  31  22  22  22  22  22  22  ...
44  44  44  44  44  44  33  33  33  33  33  33  62  62  62  62  62  62  51  51  51  44  44  44  33  33  33  33  33  33  ...
33  33  33  33  33  33  22  22  22  22  22  22  11  11  11  11  11  11  66  66  66  55  55  55  44  44  44  44  44  44  ...
22  22  22  22  22  22  11  11  11  11  11  11  00  00  00  00  00  00  00  00  00  66  66  66  55  55  55  55  55  55  ...
11  11  11  11  11  11  00  00  00  00  00  00  00  00  00  00  00  00  00  00  00  00  00  00  66  66  66  66  66  66  ...


BIN ALLOCATION OF DISTANCES:
1 3 5 2 2 5 
6 1 4 5 5 6 
3 3 1 2 4 5 
5 1 4 1 2 4 
6 6 3 4 1 3 
2 3 6 6 4 2 


BINS USED:
6 5 6 5 5 4 6 5 4 4 4 3 3 4 3 5 4 3 1 5 3 1 2 2 1 6 6 1 2 1 1 6 2 2 2 0 


TRANSITION SEQUENCE:
-1 0.607143 -1 -1 -1 0.380952 -1 -1 -1 -1 -1 -1 -1 0.392857 -1 0.571429 0.428571 -1 0 0.77381 -1 0 0.178571 0.202381 0 -1 -1 -1 -1 0 -1 1 0 -1 -1 0 


CORRELATION COEFFICIENT:          0.179026
DETECTION POWER:                  0.164611

