
Cycle found:
------------
251500314132104352345405533024422011
------------
Valid sequence 


NORMALIZED NEURAL MODEL:
-1.000000 -1.000000 -1.000000 -1.000000 -1.000000 -1.000000 
-1.000000 0.000000 0.392857 0.571429 0.773810 1.000000 
-1.000000 -1.000000 0.000000 0.178571 0.380952 0.607143 
-1.000000 -1.000000 -1.000000 0.000000 0.202381 0.428571 
-1.000000 -1.000000 -1.000000 -1.000000 0.000000 0.226190 
-1.000000 -1.000000 -1.000000 -1.000000 -1.000000 0.000000 

NORMALIZED GUIDE FUNCTION:
1 0.973294 0.943862 0.911898 0.877608 0.841217 0.802961 0.763086 0.721852 0.679523 0.636373 0.592679 0.548722 0.504783 0.461144 0.418083 0.375876 0.334791 0.295089 0.257023 0.220834 0.186751 0.154988 0.125745 0.0992064 0.0755369 0.0548839 0.0373749 0.0231173 0.0121972 0.00467942 0.000606776 0 0.0028576 0.00915589 0.0188492 


BIN SEQUENCE:
6 6 6 6 6 6 5 5 5 5 5 5 4 4 4 4 4 4 3 3 3 3 3 3 2 2 2 2 2 1 1 1 1 1 1 2 


SEQUENCE OF PREFERRED BINS:
66  66  66  66  66  66  55  55  55  55  55  55  44  44  44  44  44  44  33  33  33  33  33  33  22  22  22  22  22  11  ...
55  55  55  55  55  55  64  64  64  64  64  64  53  53  53  53  53  53  42  42  42  42  42  42  31  31  31  31  31  22  ...
44  44  44  44  44  44  33  33  33  33  33  33  62  62  62  62  62  62  51  51  51  51  51  51  44  44  44  44  44  33  ...
33  33  33  33  33  33  22  22  22  22  22  22  11  11  11  11  11  11  66  66  66  66  66  66  55  55  55  55  55  44  ...
22  22  22  22  22  22  11  11  11  11  11  11  00  00  00  00  00  00  00  00  00  00  00  00  66  66  66  66  66  55  ...
11  11  11  11  11  11  00  00  00  00  00  00  00  00  00  00  00  00  00  00  00  00  00  00  00  00  00  00  00  66  ...


BIN ALLOCATION OF DISTANCES:
6 5 5 6 5 2 
2 1 4 4 6 6 
1 4 1 3 3 5 
2 5 4 1 3 4 
2 6 2 3 1 3 
5 6 4 1 3 2 


BINS USED:
5 6 6 5 6 6 5 6 6 4 4 4 2 5 3 4 4 3 3 3 3 2 2 2 1 1 2 5 3 1 2 1 1 5 1 0 


TRANSITION SEQUENCE:
0.607143 -1 1 -1 -1 -1 -1 0.77381 -1 0.571429 -1 -1 -1 -1 -1 0.428571 -1 0.178571 0.202381 0.22619 -1 -1 -1 0 -1 0 -1 -1 0.380952 0 -1 0 -1 -1 0 0 


CORRELATION COEFFICIENT:          0.584135
DETECTION POWER:                  0.377271

