
Cycle found:
------------
420300525124135023455311014404332215
------------
Valid sequence 


NORMALIZED NEURAL MODEL:
-1.000000 -1.000000 -1.000000 -1.000000 -1.000000 -1.000000 
-1.000000 0.000000 0.392857 0.571429 0.773810 1.000000 
-1.000000 -1.000000 0.000000 0.178571 0.380952 0.607143 
-1.000000 -1.000000 -1.000000 0.000000 0.202381 0.428571 
-1.000000 -1.000000 -1.000000 -1.000000 0.000000 0.226190 
-1.000000 -1.000000 -1.000000 -1.000000 -1.000000 0.000000 

NORMALIZED GUIDE FUNCTION:
1 0.951746 0.901715 0.850225 0.797608 0.744198 0.690339 0.636376 0.582653 0.529515 0.477302 0.42635 0.376985 0.329522 0.284268 0.241511 0.201527 0.164573 0.130885 0.10068 0.074152 0.0514724 0.032787 0.0182164 0.00785467 0.00176925 0 0.00255919 0.00943137 0.0205735 0.035915 0.0553587 0.0787808 0.106032 0.136939 0.171304 


BIN SEQUENCE:
6 6 6 6 6 6 5 5 5 5 5 5 4 4 4 4 4 3 3 3 2 2 2 1 1 1 1 1 1 2 2 2 3 3 3 4 


SEQUENCE OF PREFERRED BINS:
66  66  66  66  66  66  55  55  55  55  55  55  44  44  44  44  44  33  33  33  22  22  22  11  11  11  11  11  11  22  ...
55  55  55  55  55  55  64  64  64  64  64  64  53  53  53  53  53  42  42  42  31  31  31  22  22  22  22  22  22  31  ...
44  44  44  44  44  44  33  33  33  33  33  33  62  62  62  62  62  51  51  51  44  44  44  33  33  33  33  33  33  44  ...
33  33  33  33  33  33  22  22  22  22  22  22  11  11  11  11  11  66  66  66  55  55  55  44  44  44  44  44  44  55  ...
22  22  22  22  22  22  11  11  11  11  11  11  00  00  00  00  00  00  00  00  66  66  66  55  55  55  55  55  55  66  ...
11  11  11  11  11  11  00  00  00  00  00  00  00  00  00  00  00  00  00  00  00  00  00  66  66  66  66  66  66  00  ...


BIN ALLOCATION OF DISTANCES:
3 2 2 6 2 2 
3 1 4 4 6 6 
6 2 1 3 4 6 
5 2 1 1 3 4 
5 5 6 5 1 4 
4 5 5 1 3 3 


BINS USED:
6 6 6 5 3 2 5 6 5 4 4 5 4 4 4 2 3 3 4 3 1 2 1 3 2 6 1 5 2 5 1 1 1 2 6 0 


TRANSITION SEQUENCE:
-1 -1 -1 -1 -1 -1 -1 0.607143 -1 0.392857 0.380952 -1 0.571429 0.428571 -1 -1 0.178571 0.202381 0.22619 0 -1 -1 0 -1 -1 0.77381 0 -1 -1 -1 0 -1 0 -1 1 0 


CORRELATION COEFFICIENT:          0.154128
DETECTION POWER:                  0.236924

