
Cycle found:
------------
004552232401125102134314150353305442
------------
Valid sequence 


NORMALIZED NEURAL MODEL:
-1.000000 -1.000000 -1.000000 -1.000000 -1.000000 -1.000000 
-1.000000 0.000000 0.392857 0.571429 0.773810 1.000000 
-1.000000 -1.000000 0.000000 0.178571 0.380952 0.607143 
-1.000000 -1.000000 -1.000000 0.000000 0.202381 0.428571 
-1.000000 -1.000000 -1.000000 -1.000000 0.000000 0.226190 
-1.000000 -1.000000 -1.000000 -1.000000 -1.000000 0.000000 

NORMALIZED GUIDE FUNCTION:
0.178533 0.143135 0.111249 0.0830732 0.0587848 0.0385341 0.0224461 0.0106187 0.00312237 0 0.00126625 0.00690772 0.016883 0.031123 0.0495313 0.0719851 0.0983356 0.12841 0.16201 0.198917 0.23889 0.281671 0.326981 0.374528 0.424004 0.47509 0.527457 0.580768 0.634682 0.688851 0.74293 0.796571 0.849432 0.901175 0.951471 1 


BIN SEQUENCE:
4 3 3 3 2 2 2 1 1 1 1 1 1 2 2 2 3 3 3 4 4 4 4 4 5 5 5 5 5 5 6 6 6 6 6 6 


SEQUENCE OF PREFERRED BINS:
44  33  33  33  22  22  22  11  11  11  11  11  11  22  22  22  33  33  33  44  44  44  44  44  55  55  55  55  55  55  ...
53  42  42  42  31  31  31  22  22  22  22  22  22  31  31  31  42  42  42  53  53  53  53  53  64  64  64  64  64  64  ...
62  51  51  51  44  44  44  33  33  33  33  33  33  44  44  44  51  51  51  62  62  62  62  62  33  33  33  33  33  33  ...
11  66  66  66  55  55  55  44  44  44  44  44  44  55  55  55  66  66  66  11  11  11  11  11  22  22  22  22  22  22  ...
00  00  00  00  66  66  66  55  55  55  55  55  55  66  66  66  00  00  00  00  00  00  00  00  11  11  11  11  11  11  ...
00  00  00  00  00  00  00  66  66  66  66  66  66  00  00  00  00  00  00  00  00  00  00  00  00  00  00  00  00  00  ...


BIN ALLOCATION OF DISTANCES:
4 4 6 6 3 6 
4 1 4 5 5 6 
2 6 1 3 4 5 
2 3 1 2 3 5 
1 2 6 5 2 4 
5 1 2 1 3 3 


BINS USED:
4 3 4 3 2 1 3 1 4 1 4 1 4 5 1 4 6 6 5 3 5 3 5 2 6 5 6 5 1 2 2 6 3 2 6 0 


TRANSITION SEQUENCE:
-1 -1 0.22619 0 -1 0 0.178571 -1 0.380952 -1 -1 0 0.392857 0.607143 -1 -1 -1 -1 0.571429 0.202381 -1 -1 0.77381 -1 1 -1 -1 0.428571 -1 0 -1 -1 -1 0 -1 0 


CORRELATION COEFFICIENT:          -0.109634
DETECTION POWER:                  0.433273

