
Cycle found:
------------
320545012104223311300244351552534140
------------
Valid sequence 


NORMALIZED NEURAL MODEL:
-1.000000 -1.000000 -1.000000 -1.000000 -1.000000 -1.000000 
-1.000000 0.000000 0.392857 0.571429 0.773810 1.000000 
-1.000000 -1.000000 0.000000 0.178571 0.380952 0.607143 
-1.000000 -1.000000 -1.000000 0.000000 0.202381 0.428571 
-1.000000 -1.000000 -1.000000 -1.000000 0.000000 0.226190 
-1.000000 -1.000000 -1.000000 -1.000000 -1.000000 0.000000 

NORMALIZED GUIDE FUNCTION:
0.491948 0.429355 0.369747 0.313507 0.260991 0.212536 0.168448 0.129009 0.0944688 0.0650463 0.0409276 0.0222645 0.00917414 0.00173764 0 0.00396968 0.0136186 0.0288823 0.0496604 0.0758173 0.107183 0.143554 0.184695 0.230341 0.280197 0.333942 0.39123 0.451692 0.514941 0.580568 0.648154 0.717264 0.787455 0.858277 0.929277 1 


BIN SEQUENCE:
5 5 4 4 4 3 3 3 2 2 2 1 1 1 1 1 1 2 2 2 3 3 3 4 4 4 5 5 5 5 6 6 6 6 6 6 


SEQUENCE OF PREFERRED BINS:
55  55  44  44  44  33  33  33  22  22  22  11  11  11  11  11  11  22  22  22  33  33  33  44  44  44  55  55  55  55  ...
64  64  53  53  53  42  42  42  31  31  31  22  22  22  22  22  22  31  31  31  42  42  42  53  53  53  64  64  64  64  ...
33  33  62  62  62  51  51  51  44  44  44  33  33  33  33  33  33  44  44  44  51  51  51  62  62  62  33  33  33  33  ...
22  22  11  11  11  66  66  66  55  55  55  44  44  44  44  44  44  55  55  55  66  66  66  11  11  11  22  22  22  22  ...
11  11  00  00  00  00  00  00  66  66  66  55  55  55  55  55  55  66  66  66  00  00  00  00  00  00  11  11  11  11  ...
00  00  00  00  00  00  00  00  00  00  00  66  66  66  66  66  66  00  00  00  00  00  00  00  00  00  00  00  00  00  ...


BIN ALLOCATION OF DISTANCES:
5 2 6 4 1 4 
2 1 4 4 6 6 
5 2 1 3 3 6 
3 2 5 1 3 4 
6 5 1 5 2 3 
3 5 1 6 4 2 


BINS USED:
5 5 4 4 3 3 2 4 2 2 1 1 1 3 1 2 1 4 3 5 6 3 2 5 4 5 6 2 1 6 6 3 5 6 6 0 


TRANSITION SEQUENCE:
-1 -1 -1 -1 0.22619 -1 -1 0.392857 -1 -1 -1 -1 0 0.178571 0 -1 0 0.571429 -1 -1 -1 0.380952 0 -1 0.428571 -1 1 0 -1 0.607143 -1 0.202381 -1 0.77381 -1 0 


CORRELATION COEFFICIENT:          0.167995
DETECTION POWER:                  0.235704

