
Cycle found:
------------
221104423003453551312405254150201433
------------
Valid sequence 


NORMALIZED NEURAL MODEL:
-1.000000 -1.000000 -1.000000 -1.000000 -1.000000 -1.000000 
-1.000000 0.000000 0.392857 0.571429 0.773810 1.000000 
-1.000000 -1.000000 0.000000 0.178571 0.380952 0.607143 
-1.000000 -1.000000 -1.000000 0.000000 0.202381 0.428571 
-1.000000 -1.000000 -1.000000 -1.000000 0.000000 0.226190 
-1.000000 -1.000000 -1.000000 -1.000000 -1.000000 0.000000 

NORMALIZED GUIDE FUNCTION:
0 0.0446948 0.0913525 0.139671 0.189337 0.240031 0.291426 0.343192 0.394996 0.446507 0.497396 0.547338 0.596015 0.643118 0.688349 0.731421 0.772063 0.810019 0.845052 0.876943 0.905493 0.930527 0.951892 0.969457 0.983117 0.992793 0.99843 1 0.997501 0.990958 0.980419 0.96596 0.947682 0.925708 0.900188 0.87129 


BIN SEQUENCE:
1 1 1 1 1 1 2 2 2 2 2 2 3 3 3 3 3 3 4 4 4 5 5 5 6 6 6 6 6 6 5 5 5 4 4 4 


SEQUENCE OF PREFERRED BINS:
11  11  11  11  11  11  22  22  22  22  22  22  33  33  33  33  33  33  44  44  44  55  55  55  66  66  66  66  66  66  ...
22  22  22  22  22  22  31  31  31  31  31  31  42  42  42  42  42  42  53  53  53  64  64  64  55  55  55  55  55  55  ...
33  33  33  33  33  33  44  44  44  44  44  44  51  51  51  51  51  51  62  62  62  33  33  33  44  44  44  44  44  44  ...
44  44  44  44  44  44  55  55  55  55  55  55  66  66  66  66  66  66  11  11  11  22  22  22  33  33  33  33  33  33  ...
55  55  55  55  55  55  66  66  66  66  66  66  00  00  00  00  00  00  00  00  00  11  11  11  22  22  22  22  22  22  ...
66  66  66  66  66  66  00  00  00  00  00  00  00  00  00  00  00  00  00  00  00  00  00  00  11  11  11  11  11  11  ...


BIN ALLOCATION OF DISTANCES:
2 3 1 2 1 6 
4 1 5 5 6 6 
4 2 1 3 4 5 
3 6 2 1 3 5 
5 2 2 6 1 4 
4 4 5 3 6 3 


BINS USED:
1 2 1 4 1 1 2 3 3 2 2 3 4 3 5 3 4 5 6 5 4 5 6 5 5 6 2 6 4 1 4 3 6 6 1 0 


TRANSITION SEQUENCE:
0 -1 0 -1 -1 0 -1 0.178571 -1 -1 -1 0.202381 0.22619 -1 0.428571 0 -1 0.571429 -1 0.392857 0.380952 -1 -1 -1 0.607143 -1 -1 1 -1 -1 -1 -1 0.77381 -1 0 0 


CORRELATION COEFFICIENT:          0.402961
DETECTION POWER:                  0.365328

