
Cycle found:
------------
251541455013524340212330053110322044
------------
Valid sequence 


NORMALIZED NEURAL MODEL:
-1.000000 -1.000000 -1.000000 -1.000000 -1.000000 -1.000000 
-1.000000 0.000000 0.392857 0.571429 0.773810 1.000000 
-1.000000 -1.000000 0.000000 0.178571 0.380952 0.607143 
-1.000000 -1.000000 -1.000000 0.000000 0.202381 0.428571 
-1.000000 -1.000000 -1.000000 -1.000000 0.000000 0.226190 
-1.000000 -1.000000 -1.000000 -1.000000 -1.000000 0.000000 

NORMALIZED GUIDE FUNCTION:
1 0.962951 0.923577 0.88213 0.838877 0.794096 0.748075 0.701111 0.653503 0.605557 0.55758 0.509881 0.462762 0.416527 0.371471 0.327881 0.286035 0.2462 0.20863 0.173563 0.141224 0.111816 0.0855261 0.0625207 0.0429447 0.0269211 0.0145501 0.00590844 0.0010489 0 0.00276587 0.00932618 0.0196363 0.0336278 0.0512084 0.0722631 


BIN SEQUENCE:
6 6 6 6 6 6 5 5 5 5 5 5 4 4 4 4 4 4 3 3 3 3 3 2 2 2 1 1 1 1 1 1 2 2 2 3 


SEQUENCE OF PREFERRED BINS:
66  66  66  66  66  66  55  55  55  55  55  55  44  44  44  44  44  44  33  33  33  33  33  22  22  22  11  11  11  11  ...
55  55  55  55  55  55  64  64  64  64  64  64  53  53  53  53  53  53  42  42  42  42  42  31  31  31  22  22  22  22  ...
44  44  44  44  44  44  33  33  33  33  33  33  62  62  62  62  62  62  51  51  51  51  51  44  44  44  33  33  33  33  ...
33  33  33  33  33  33  22  22  22  22  22  22  11  11  11  11  11  11  66  66  66  66  66  55  55  55  44  44  44  44  ...
22  22  22  22  22  22  11  11  11  11  11  11  00  00  00  00  00  00  00  00  00  00  00  66  66  66  55  55  55  55  ...
11  11  11  11  11  11  00  00  00  00  00  00  00  00  00  00  00  00  00  00  00  00  00  00  00  00  66  66  66  66  ...


BIN ALLOCATION OF DISTANCES:
2 5 4 6 6 6 
1 1 4 5 6 6 
1 3 1 3 4 5 
2 1 1 2 4 5 
3 5 2 4 3 4 
3 6 2 2 5 3 


BINS USED:
5 6 6 5 5 6 4 3 3 5 5 5 2 4 4 4 3 4 3 4 3 2 2 2 6 2 1 1 1 6 1 1 1 6 3 0 


TRANSITION SEQUENCE:
0.607143 -1 1 -1 -1 0.77381 0.22619 0 -1 -1 0.571429 0.428571 -1 0.380952 -1 0.202381 -1 -1 -1 0.392857 0.178571 0 -1 -1 -1 -1 -1 0 -1 -1 -1 0 -1 -1 0 0 


CORRELATION COEFFICIENT:          0.503257
DETECTION POWER:                  0.311961

