
Cycle found:
------------
110053220440231243452513541550330142
------------
Valid sequence 


NORMALIZED NEURAL MODEL:
-1.000000 -1.000000 -1.000000 -1.000000 -1.000000 -1.000000 
-1.000000 0.000000 0.392857 0.571429 0.773810 1.000000 
-1.000000 -1.000000 0.000000 0.178571 0.380952 0.607143 
-1.000000 -1.000000 -1.000000 0.000000 0.202381 0.428571 
-1.000000 -1.000000 -1.000000 -1.000000 0.000000 0.226190 
-1.000000 -1.000000 -1.000000 -1.000000 -1.000000 0.000000 

NORMALIZED GUIDE FUNCTION:
0 0.0678187 0.136037 0.20419 0.271819 0.338481 0.403745 0.467199 0.528449 0.587127 0.642886 0.69541 0.744408 0.789621 0.830822 0.867815 0.900438 0.928564 0.952098 0.970981 0.985188 0.994728 0.999641 1 0.99591 0.987505 0.974946 0.95842 0.938142 0.914343 0.887281 0.857227 0.824469 0.789309 0.752059 0.713037 


BIN SEQUENCE:
1 1 1 1 1 1 2 2 2 2 2 2 3 3 4 4 4 5 5 5 6 6 6 6 6 6 5 5 5 4 4 4 3 3 3 3 


SEQUENCE OF PREFERRED BINS:
11  11  11  11  11  11  22  22  22  22  22  22  33  33  44  44  44  55  55  55  66  66  66  66  66  66  55  55  55  44  ...
22  22  22  22  22  22  31  31  31  31  31  31  42  42  53  53  53  64  64  64  55  55  55  55  55  55  64  64  64  53  ...
33  33  33  33  33  33  44  44  44  44  44  44  51  51  62  62  62  33  33  33  44  44  44  44  44  44  33  33  33  62  ...
44  44  44  44  44  44  55  55  55  55  55  55  66  66  11  11  11  22  22  22  33  33  33  33  33  33  22  22  22  11  ...
55  55  55  55  55  55  66  66  66  66  66  66  00  00  00  00  00  11  11  11  22  22  22  22  22  22  11  11  11  00  ...
66  66  66  66  66  66  00  00  00  00  00  00  00  00  00  00  00  00  00  00  11  11  11  11  11  11  00  00  00  00  ...


BIN ALLOCATION OF DISTANCES:
1 5 4 6 3 1 
1 1 5 6 6 6 
4 4 2 4 5 6 
2 3 1 2 5 6 
2 2 3 4 2 5 
3 4 5 1 3 3 


BINS USED:
1 1 1 1 1 1 2 4 3 2 2 4 4 3 5 5 4 5 5 5 6 4 6 6 3 2 6 3 3 6 2 2 5 6 3 0 


TRANSITION SEQUENCE:
0 -1 -1 -1 -1 -1 0 -1 -1 0 -1 -1 0.178571 -1 0.392857 0.380952 -1 0.202381 0.22619 -1 0.607143 -1 0.571429 0.428571 -1 -1 1 0 -1 -1 0 -1 -1 0.77381 -1 0 


CORRELATION COEFFICIENT:          0.290324
DETECTION POWER:                  0.247469

