
Cycle found:
------------
454010550033112144202524135153432230
------------
Valid sequence 


NORMALIZED NEURAL MODEL:
-1.000000 -1.000000 -1.000000 -1.000000 -1.000000 -1.000000 
-1.000000 0.000000 0.392857 0.571429 0.773810 1.000000 
-1.000000 -1.000000 0.000000 0.178571 0.380952 0.607143 
-1.000000 -1.000000 -1.000000 0.000000 0.202381 0.428571 
-1.000000 -1.000000 -1.000000 -1.000000 0.000000 0.226190 
-1.000000 -1.000000 -1.000000 -1.000000 -1.000000 0.000000 

NORMALIZED GUIDE FUNCTION:
0.214669 0.176098 0.140821 0.109069 0.0810531 0.0569576 0.0369439 0.0211469 0.0096749 0.00260843 0 0.00187359 0.00822448 0.0190192 0.0341958 0.0536639 0.0773058 0.104977 0.136505 0.171696 0.210329 0.252162 0.296932 0.344357 0.394136 0.445955 0.499484 0.554383 0.610302 0.666884 0.723768 0.780588 0.836982 0.892586 0.947042 1 


BIN SEQUENCE:
4 4 3 3 3 2 2 2 1 1 1 1 1 1 2 2 2 3 3 3 4 4 4 4 5 5 5 5 5 5 6 6 6 6 6 6 


SEQUENCE OF PREFERRED BINS:
44  44  33  33  33  22  22  22  11  11  11  11  11  11  22  22  22  33  33  33  44  44  44  44  55  55  55  55  55  55  ...
53  53  42  42  42  31  31  31  22  22  22  22  22  22  31  31  31  42  42  42  53  53  53  53  64  64  64  64  64  64  ...
62  62  51  51  51  44  44  44  33  33  33  33  33  33  44  44  44  51  51  51  62  62  62  62  33  33  33  33  33  33  ...
11  11  66  66  66  55  55  55  44  44  44  44  44  44  55  55  55  66  66  66  11  11  11  11  22  22  22  22  22  22  ...
00  00  00  00  00  66  66  66  55  55  55  55  55  55  66  66  66  00  00  00  00  00  00  00  11  11  11  11  11  11  ...
00  00  00  00  00  00  00  00  66  66  66  66  66  66  00  00  00  00  00  00  00  00  00  00  00  00  00  00  00  00  ...


BIN ALLOCATION OF DISTANCES:
4 4 6 4 1 2 
3 1 4 5 5 6 
3 2 1 3 3 5 
6 1 1 1 3 4 
2 6 5 6 2 3 
2 6 5 5 4 2 


BINS USED:
3 4 2 4 3 2 2 2 4 4 1 1 1 4 2 5 2 5 3 6 5 5 3 6 5 4 6 6 5 3 6 1 1 3 6 0 


TRANSITION SEQUENCE:
0.22619 -1 -1 -1 -1 -1 0 -1 -1 -1 0 -1 0 0.392857 -1 0.77381 0 -1 -1 -1 0.607143 -1 0.380952 -1 0.571429 0.428571 -1 1 -1 0.202381 -1 -1 0 0.178571 -1 0 


CORRELATION COEFFICIENT:          -0.0421321
DETECTION POWER:                  0.372404

