
Cycle found:
------------
331122144524254320550415103023534001
------------
Valid sequence 


NORMALIZED NEURAL MODEL:
-1.000000 -1.000000 -1.000000 -1.000000 -1.000000 -1.000000 
-1.000000 0.000000 0.392857 0.571429 0.773810 1.000000 
-1.000000 -1.000000 0.000000 0.178571 0.380952 0.607143 
-1.000000 -1.000000 -1.000000 0.000000 0.202381 0.428571 
-1.000000 -1.000000 -1.000000 -1.000000 0.000000 0.226190 
-1.000000 -1.000000 -1.000000 -1.000000 -1.000000 0.000000 

NORMALIZED GUIDE FUNCTION:
0 0.0891362 0.176899 0.262727 0.346068 0.426387 0.503168 0.575919 0.64417 0.707483 0.765449 0.817695 0.863884 0.903716 0.936933 0.96332 0.982704 0.994958 1 0.997794 0.988351 0.971728 0.948029 0.917401 0.880038 0.836176 0.786093 0.730107 0.668573 0.601884 0.530464 0.454769 0.375282 0.292509 0.20698 0.119242 


BIN SEQUENCE:
1 1 1 1 2 2 2 3 3 3 4 4 4 5 5 5 6 6 6 6 6 6 5 5 5 4 4 4 3 3 3 2 2 2 1 1 


SEQUENCE OF PREFERRED BINS:
11  11  11  11  22  22  22  33  33  33  44  44  44  55  55  55  66  66  66  66  66  66  55  55  55  44  44  44  33  33  ...
22  22  22  22  31  31  31  42  42  42  53  53  53  64  64  64  55  55  55  55  55  55  64  64  64  53  53  53  42  42  ...
33  33  33  33  44  44  44  51  51  51  62  62  62  33  33  33  44  44  44  44  44  44  33  33  33  62  62  62  51  51  ...
44  44  44  44  55  55  55  66  66  66  11  11  11  22  22  22  33  33  33  33  33  33  22  22  22  11  11  11  66  66  ...
55  55  55  55  66  66  66  00  00  00  00  00  00  11  11  11  22  22  22  22  22  22  11  11  11  00  00  00  00  00  ...
66  66  66  66  00  00  00  00  00  00  00  00  00  00  00  00  11  11  11  11  11  11  00  00  00  00  00  00  00  00  ...


BIN ALLOCATION OF DISTANCES:
1 2 3 4 6 6 
6 2 4 5 6 6 
6 1 2 3 4 5 
4 2 5 2 3 5 
1 2 5 5 3 4 
1 1 3 1 4 3 


BINS USED:
2 2 2 4 2 1 6 3 4 3 4 5 5 4 5 5 6 6 3 1 6 2 6 1 6 4 4 3 3 5 1 3 1 1 2 0 


TRANSITION SEQUENCE:
0 -1 0 0.392857 0 -1 0.77381 0 0.22619 -1 0.380952 -1 0.607143 -1 -1 -1 -1 -1 0 -1 -1 -1 1 -1 -1 -1 -1 -1 0.178571 0.428571 -1 0.202381 -1 -1 -1 0 


CORRELATION COEFFICIENT:          0.304156
DETECTION POWER:                  0.257688

