
Cycle found:
------------
050223345324312520154042130035514411
------------
Valid sequence 


NORMALIZED NEURAL MODEL:
-1.000000 -1.000000 -1.000000 -1.000000 -1.000000 -1.000000 
-1.000000 0.000000 0.392857 0.571429 0.773810 1.000000 
-1.000000 -1.000000 0.000000 0.178571 0.380952 0.607143 
-1.000000 -1.000000 -1.000000 0.000000 0.202381 0.428571 
-1.000000 -1.000000 -1.000000 -1.000000 0.000000 0.226190 
-1.000000 -1.000000 -1.000000 -1.000000 -1.000000 0.000000 

NORMALIZED GUIDE FUNCTION:
0 0.0752078 0.150306 0.224814 0.298255 0.37016 0.440071 0.507542 0.572144 0.633465 0.691118 0.744737 0.793982 0.838543 0.878141 0.912525 0.941483 0.964835 0.982436 0.994181 1 0.999863 0.993776 0.981786 0.963975 0.940463 0.911407 0.877 0.837467 0.793067 0.744089 0.690852 0.633701 0.573006 0.509161 0.442576 


BIN SEQUENCE:
1 1 1 1 1 1 2 2 2 3 3 3 4 4 4 5 5 5 6 6 6 6 6 6 5 5 5 4 4 4 3 3 3 2 2 2 


SEQUENCE OF PREFERRED BINS:
11  11  11  11  11  11  22  22  22  33  33  33  44  44  44  55  55  55  66  66  66  66  66  66  55  55  55  44  44  44  ...
22  22  22  22  22  22  31  31  31  42  42  42  53  53  53  64  64  64  55  55  55  55  55  55  64  64  64  53  53  53  ...
33  33  33  33  33  33  44  44  44  51  51  51  62  62  62  33  33  33  44  44  44  44  44  44  33  33  33  62  62  62  ...
44  44  44  44  44  44  55  55  55  66  66  66  11  11  11  22  22  22  33  33  33  33  33  33  22  22  22  11  11  11  ...
55  55  55  55  55  55  66  66  66  00  00  00  00  00  00  11  11  11  22  22  22  22  22  22  11  11  11  00  00  00  ...
66  66  66  66  66  66  00  00  00  00  00  00  00  00  00  00  00  00  11  11  11  11  11  11  00  00  00  00  00  00  ...


BIN ALLOCATION OF DISTANCES:
4 6 3 3 6 2 
1 1 4 5 5 6 
6 2 1 2 4 5 
1 4 4 1 3 5 
6 5 5 4 1 3 
2 3 6 2 3 2 


BINS USED:
2 2 3 1 2 1 3 3 2 4 4 4 4 4 5 6 6 6 6 3 6 6 5 2 5 1 4 3 5 2 3 5 1 5 1 0 


TRANSITION SEQUENCE:
-1 -1 -1 0 0.178571 0 0.202381 0.22619 -1 -1 0.380952 -1 -1 0.392857 0.607143 -1 -1 -1 1 -1 -1 -1 -1 -1 0.571429 -1 -1 -1 0.428571 0 -1 0.77381 0 -1 0 0 


CORRELATION COEFFICIENT:          0.386877
DETECTION POWER:                  0.35995

