
Cycle found:
------------
442211234102451320354300525501533140
------------
Valid sequence 


NORMALIZED NEURAL MODEL:
-1.000000 -1.000000 -1.000000 -1.000000 -1.000000 -1.000000 
-1.000000 0.000000 0.392857 0.571429 0.773810 1.000000 
-1.000000 -1.000000 0.000000 0.178571 0.380952 0.607143 
-1.000000 -1.000000 -1.000000 0.000000 0.202381 0.428571 
-1.000000 -1.000000 -1.000000 -1.000000 0.000000 0.226190 
-1.000000 -1.000000 -1.000000 -1.000000 -1.000000 0.000000 

NORMALIZED GUIDE FUNCTION:
0 0.0923578 0.182953 0.271208 0.356565 0.438484 0.516449 0.589969 0.658585 0.721868 0.779427 0.830906 0.87599 0.914406 0.945924 0.970359 0.98757 0.997466 1 0.995174 0.983036 0.963683 0.937254 0.903937 0.863961 0.817599 0.765163 0.707003 0.643506 0.575091 0.502208 0.425336 0.344975 0.261649 0.175898 0.0882783 


BIN SEQUENCE:
1 1 1 2 2 2 3 3 3 4 4 4 5 5 5 6 6 6 6 6 6 5 5 5 4 4 4 3 3 3 2 2 2 1 1 1 


SEQUENCE OF PREFERRED BINS:
11  11  11  22  22  22  33  33  33  44  44  44  55  55  55  66  66  66  66  66  66  55  55  55  44  44  44  33  33  33  ...
22  22  22  31  31  31  42  42  42  53  53  53  64  64  64  55  55  55  55  55  55  64  64  64  53  53  53  42  42  42  ...
33  33  33  44  44  44  51  51  51  62  62  62  33  33  33  44  44  44  44  44  44  33  33  33  62  62  62  51  51  51  ...
44  44  44  55  55  55  66  66  66  11  11  11  22  22  22  33  33  33  33  33  33  22  22  22  11  11  11  66  66  66  ...
55  55  55  66  66  66  00  00  00  00  00  00  11  11  11  22  22  22  22  22  22  11  11  11  00  00  00  00  00  00  ...
66  66  66  00  00  00  00  00  00  00  00  00  00  00  00  11  11  11  11  11  11  00  00  00  00  00  00  00  00  00  ...


BIN ALLOCATION OF DISTANCES:
5 2 4 5 4 2 
5 1 4 5 6 6 
6 2 1 3 4 5 
2 2 6 1 3 5 
2 3 1 3 1 3 
1 4 4 6 6 3 


BINS USED:
1 1 1 2 1 4 3 3 3 5 4 4 3 4 5 6 6 5 5 6 3 2 5 2 4 5 3 1 2 6 6 1 2 6 2 0 


TRANSITION SEQUENCE:
0 -1 0 -1 0 0.392857 0.178571 0.202381 -1 -1 -1 0.380952 0.22619 -1 0.571429 -1 -1 -1 0.428571 -1 -1 -1 -1 -1 -1 0.607143 0 -1 -1 1 -1 0 -1 0.77381 -1 0 


CORRELATION COEFFICIENT:          0.249992
DETECTION POWER:                  0.21034

