
Cycle found:
------------
220100311213245250535441551434042330
------------
Valid sequence 


NORMALIZED NEURAL MODEL:
-1.000000 -1.000000 -1.000000 -1.000000 -1.000000 -1.000000 
-1.000000 0.000000 0.392857 0.571429 0.773810 1.000000 
-1.000000 -1.000000 0.000000 0.178571 0.380952 0.607143 
-1.000000 -1.000000 -1.000000 0.000000 0.202381 0.428571 
-1.000000 -1.000000 -1.000000 -1.000000 0.000000 0.226190 
-1.000000 -1.000000 -1.000000 -1.000000 -1.000000 0.000000 

NORMALIZED GUIDE FUNCTION:
0.235742 0.316441 0.394692 0.469997 0.541873 0.609862 0.673531 0.732472 0.786312 0.834706 0.877347 0.913964 0.944325 0.968239 0.985555 0.996163 1 0.997043 0.987314 0.970877 0.947841 0.918356 0.882614 0.840844 0.793319 0.740343 0.682258 0.61944 0.55229 0.481242 0.406752 0.329298 0.249377 0.167502 0.0841985 0 


BIN SEQUENCE:
1 1 2 2 2 3 3 3 4 4 4 5 5 5 6 6 6 6 6 6 5 5 5 4 4 4 3 3 3 2 2 2 1 1 1 1 


SEQUENCE OF PREFERRED BINS:
11  11  22  22  22  33  33  33  44  44  44  55  55  55  66  66  66  66  66  66  55  55  55  44  44  44  33  33  33  22  ...
22  22  31  31  31  42  42  42  53  53  53  64  64  64  55  55  55  55  55  55  64  64  64  53  53  53  42  42  42  31  ...
33  33  44  44  44  51  51  51  62  62  62  33  33  33  44  44  44  44  44  44  33  33  33  62  62  62  51  51  51  44  ...
44  44  55  55  55  66  66  66  11  11  11  22  22  22  33  33  33  33  33  33  22  22  22  11  11  11  66  66  66  55  ...
55  55  66  66  66  00  00  00  00  00  00  11  11  11  22  22  22  22  22  22  11  11  11  00  00  00  00  00  00  66  ...
66  66  00  00  00  00  00  00  00  00  00  00  00  00  11  11  11  11  11  11  00  00  00  00  00  00  00  00  00  00  ...


BIN ALLOCATION OF DISTANCES:
2 2 3 4 1 5 
2 1 5 6 6 6 
3 4 1 4 5 6 
1 2 6 1 4 6 
2 3 1 3 3 5 
5 2 5 4 4 3 


BINS USED:
1 3 2 2 2 4 2 1 5 4 6 6 5 5 5 6 5 5 4 6 4 3 3 6 3 2 6 3 4 2 1 1 4 1 1 0 


TRANSITION SEQUENCE:
0 -1 -1 -1 -1 -1 -1 0 0.392857 -1 0.571429 -1 0.380952 0.22619 -1 0.607143 -1 -1 -1 0.428571 -1 0 -1 1 0 -1 0.77381 -1 0.202381 -1 -1 -1 0.178571 0 -1 0 


CORRELATION COEFFICIENT:          0.349736
DETECTION POWER:                  0.238658

