
Cycle found:
------------
450251235243215303133400442201141055
------------
Valid sequence 


NORMALIZED NEURAL MODEL:
-1.000000 -1.000000 -1.000000 -1.000000 -1.000000 -1.000000 
-1.000000 0.000000 0.392857 0.571429 0.773810 1.000000 
-1.000000 -1.000000 0.000000 0.178571 0.380952 0.607143 
-1.000000 -1.000000 -1.000000 0.000000 0.202381 0.428571 
-1.000000 -1.000000 -1.000000 -1.000000 0.000000 0.226190 
-1.000000 -1.000000 -1.000000 -1.000000 -1.000000 0.000000 

NORMALIZED GUIDE FUNCTION:
0.705756 0.753854 0.798316 0.838875 0.875288 0.907344 0.934858 0.957676 0.975675 0.988763 0.99688 1 0.998127 0.991299 0.979583 0.96308 0.94192 0.916262 0.886293 0.852227 0.814305 0.772788 0.727961 0.68013 0.629616 0.576757 0.521905 0.465421 0.407677 0.349049 0.289919 0.230668 0.171676 0.113322 0.0559757 0 


BIN SEQUENCE:
3 3 3 4 4 4 5 5 5 6 6 6 6 6 6 5 5 5 4 4 4 3 3 3 2 2 2 2 2 2 1 1 1 1 1 1 


SEQUENCE OF PREFERRED BINS:
33  33  33  44  44  44  55  55  55  66  66  66  66  66  66  55  55  55  44  44  44  33  33  33  22  22  22  22  22  22  ...
42  42  42  53  53  53  64  64  64  55  55  55  55  55  55  64  64  64  53  53  53  42  42  42  31  31  31  31  31  31  ...
51  51  51  62  62  62  33  33  33  44  44  44  44  44  44  33  33  33  62  62  62  51  51  51  44  44  44  44  44  44  ...
66  66  66  11  11  11  22  22  22  33  33  33  33  33  33  22  22  22  11  11  11  66  66  66  55  55  55  55  55  55  ...
00  00  00  00  00  00  11  11  11  22  22  22  22  22  22  11  11  11  00  00  00  00  00  00  66  66  66  66  66  66  ...
00  00  00  00  00  00  00  00  00  11  11  11  11  11  11  00  00  00  00  00  00  00  00  00  00  00  00  00  00  00  ...


BIN ALLOCATION OF DISTANCES:
3 2 3 5 4 2 
2 1 5 5 6 6 
2 2 1 3 3 5 
4 4 4 1 3 5 
2 6 5 6 1 3 
4 4 6 1 6 1 


BINS USED:
3 4 3 5 4 5 3 5 6 3 6 4 2 6 1 4 5 4 5 1 3 2 3 4 1 5 1 2 2 1 6 6 2 2 1 0 


TRANSITION SEQUENCE:
0.22619 -1 -1 0.607143 -1 0.392857 0.178571 0.428571 -1 0.380952 -1 -1 -1 1 -1 -1 -1 -1 0.571429 0 0.202381 -1 -1 -1 0 -1 0 -1 -1 0 0.77381 -1 -1 -1 0 0 


CORRELATION COEFFICIENT:          0.304908
DETECTION POWER:                  0.299002

