
Cycle found:
------------
022003344301352514055421532412311045
------------
Valid sequence 


NORMALIZED NEURAL MODEL:
-1.000000 -1.000000 -1.000000 -1.000000 -1.000000 -1.000000 
-1.000000 0.000000 0.392857 0.571429 0.773810 1.000000 
-1.000000 -1.000000 0.000000 0.178571 0.380952 0.607143 
-1.000000 -1.000000 -1.000000 0.000000 0.202381 0.428571 
-1.000000 -1.000000 -1.000000 -1.000000 0.000000 0.226190 
-1.000000 -1.000000 -1.000000 -1.000000 -1.000000 0.000000 

NORMALIZED GUIDE FUNCTION:
0 0.0805682 0.160451 0.239141 0.316138 0.390962 0.463146 0.532247 0.597843 0.659541 0.716973 0.769804 0.81773 0.860482 0.897826 0.929566 0.955543 0.975636 0.989765 0.997887 1 0.996141 0.986384 0.970842 0.949665 0.923035 0.891172 0.854326 0.812777 0.766834 0.716832 0.663128 0.606101 0.546148 0.483683 0.419131 


BIN SEQUENCE:
1 1 1 1 1 1 2 2 2 3 3 4 4 4 5 5 5 6 6 6 6 6 6 5 5 5 4 4 4 3 3 3 3 2 2 2 


SEQUENCE OF PREFERRED BINS:
11  11  11  11  11  11  22  22  22  33  33  44  44  44  55  55  55  66  66  66  66  66  66  55  55  55  44  44  44  33  ...
22  22  22  22  22  22  31  31  31  42  42  53  53  53  64  64  64  55  55  55  55  55  55  64  64  64  53  53  53  42  ...
33  33  33  33  33  33  44  44  44  51  51  62  62  62  33  33  33  44  44  44  44  44  44  33  33  33  62  62  62  51  ...
44  44  44  44  44  44  55  55  55  66  66  11  11  11  22  22  22  33  33  33  33  33  33  22  22  22  11  11  11  66  ...
55  55  55  55  55  55  66  66  66  00  00  00  00  00  11  11  11  22  22  22  22  22  22  11  11  11  00  00  00  00  ...
66  66  66  66  66  66  00  00  00  00  00  00  00  00  00  00  00  11  11  11  11  11  11  00  00  00  00  00  00  00  ...


BIN ALLOCATION OF DISTANCES:
5 5 1 5 6 6 
2 1 3 4 6 6 
2 4 1 3 3 6 
4 4 5 1 3 4 
5 4 5 1 2 3 
1 6 3 2 2 2 


BINS USED:
1 1 2 5 5 1 3 2 1 4 5 4 4 3 6 6 6 5 6 2 2 5 4 6 2 5 3 4 3 3 4 1 2 6 3 0 


TRANSITION SEQUENCE:
-1 0 -1 -1 -1 0 0.202381 0 -1 -1 -1 0.571429 0.428571 -1 0.607143 -1 0.77381 -1 -1 0 -1 -1 -1 1 -1 -1 0.380952 -1 0.392857 0.178571 -1 0 -1 -1 0.22619 0 


CORRELATION COEFFICIENT:          0.387522
DETECTION POWER:                  0.430136

