
Cycle found:
------------
314153252005450221011244034335513042
------------
Valid sequence 


NORMALIZED NEURAL MODEL:
-1.000000 -1.000000 -1.000000 -1.000000 -1.000000 -1.000000 
-1.000000 0.000000 0.392857 0.571429 0.773810 1.000000 
-1.000000 -1.000000 0.000000 0.178571 0.380952 0.607143 
-1.000000 -1.000000 -1.000000 0.000000 0.202381 0.428571 
-1.000000 -1.000000 -1.000000 -1.000000 0.000000 0.226190 
-1.000000 -1.000000 -1.000000 -1.000000 -1.000000 0.000000 

NORMALIZED GUIDE FUNCTION:
1 0.925212 0.850471 0.776257 0.703045 0.631306 0.561499 0.494074 0.429464 0.368084 0.31033 0.256575 0.207166 0.162421 0.122632 0.0880548 0.0589159 0.0354052 0.017677 0.00584874 0 0.00017219 0.00636814 0.0185521 0.0366499 0.0605495 0.0901014 0.12512 0.165385 0.210641 0.260602 0.31495 0.37334 0.435402 0.500739 0.568935 


BIN SEQUENCE:
6 6 6 6 6 6 5 5 5 4 4 4 3 3 3 2 2 2 1 1 1 1 1 1 2 2 2 3 3 3 4 4 4 5 5 5 


SEQUENCE OF PREFERRED BINS:
66  66  66  66  66  66  55  55  55  44  44  44  33  33  33  22  22  22  11  11  11  11  11  11  22  22  22  33  33  33  ...
55  55  55  55  55  55  64  64  64  53  53  53  42  42  42  31  31  31  22  22  22  22  22  22  31  31  31  42  42  42  ...
44  44  44  44  44  44  33  33  33  62  62  62  51  51  51  44  44  44  33  33  33  33  33  33  44  44  44  51  51  51  ...
33  33  33  33  33  33  22  22  22  11  11  11  66  66  66  55  55  55  44  44  44  44  44  44  55  55  55  66  66  66  ...
22  22  22  22  22  22  11  11  11  00  00  00  00  00  00  66  66  66  55  55  55  55  55  55  66  66  66  00  00  00  ...
11  11  11  11  11  11  00  00  00  00  00  00  00  00  00  00  00  00  66  66  66  66  66  66  00  00  00  00  00  00  ...


BIN ALLOCATION OF DISTANCES:
4 2 3 4 4 4 
2 1 3 5 6 6 
6 3 1 2 3 5 
1 6 6 1 2 5 
4 6 5 4 1 3 
2 2 5 5 3 1 


BINS USED:
6 6 6 6 5 6 5 5 6 4 4 3 3 2 3 1 3 2 2 1 3 3 1 4 4 2 4 1 5 1 2 5 1 4 5 0 


TRANSITION SEQUENCE:
-1 0.77381 -1 1 -1 -1 0.607143 -1 -1 -1 -1 -1 0.22619 -1 -1 0 -1 -1 -1 0 0.392857 0.380952 0 -1 -1 0.202381 -1 0 0.428571 0 -1 0.571429 -1 -1 -1 0 


CORRELATION COEFFICIENT:          0.442479
DETECTION POWER:                  0.360609

