Unable to find a valid Hamiltonian Circuit.
Elapsed time: 2 seconds. Trying again...

Cycle found:
------------
435251324005010203341122155442304531
------------
Valid sequence 


NORMALIZED NEURAL MODEL:
-1.000000 -1.000000 -1.000000 -1.000000 -1.000000 -1.000000 
-1.000000 0.000000 0.392857 0.571429 0.773810 1.000000 
-1.000000 -1.000000 0.000000 0.178571 0.380952 0.607143 
-1.000000 -1.000000 -1.000000 0.000000 0.202381 0.428571 
-1.000000 -1.000000 -1.000000 -1.000000 0.000000 0.226190 
-1.000000 -1.000000 -1.000000 -1.000000 -1.000000 0.000000 

NORMALIZED GUIDE FUNCTION:
1 0.928751 0.857292 0.786082 0.715576 0.646224 0.578469 0.512741 0.44946 0.389027 0.331824 0.278214 0.228534 0.183097 0.142187 0.106061 0.0749433 0.049025 0.0284653 0.013388 0.00388193 0 0.00175904 0.00913976 0.0220869 0.0405095 0.0642819 0.0932443 0.127204 0.165936 0.209185 0.256669 0.308077 0.363075 0.421305 0.482389 


BIN SEQUENCE:
6 6 6 6 6 6 5 5 5 5 4 4 4 3 3 3 2 2 2 1 1 1 1 1 1 2 2 2 3 3 3 4 4 4 5 5 


SEQUENCE OF PREFERRED BINS:
66  66  66  66  66  66  55  55  55  55  44  44  44  33  33  33  22  22  22  11  11  11  11  11  11  22  22  22  33  33  ...
55  55  55  55  55  55  64  64  64  64  53  53  53  42  42  42  31  31  31  22  22  22  22  22  22  31  31  31  42  42  ...
44  44  44  44  44  44  33  33  33  33  62  62  62  51  51  51  44  44  44  33  33  33  33  33  33  44  44  44  51  51  ...
33  33  33  33  33  33  22  22  22  22  11  11  11  66  66  66  55  55  55  44  44  44  44  44  44  55  55  55  66  66  ...
22  22  22  22  22  22  11  11  11  11  00  00  00  00  00  00  66  66  66  55  55  55  55  55  55  66  66  66  00  00  ...
11  11  11  11  11  11  00  00  00  00  00  00  00  00  00  00  00  00  00  66  66  66  66  66  66  00  00  00  00  00  ...


BIN ALLOCATION OF DISTANCES:
4 4 3 3 4 4 
4 1 5 6 6 6 
2 1 1 2 5 6 
1 5 5 2 3 5 
6 2 3 6 2 4 
3 3 5 1 1 2 


BINS USED:
6 5 5 6 3 6 5 5 6 4 4 3 4 4 3 2 3 2 3 2 1 5 1 1 6 2 1 2 3 2 1 4 4 1 5 0 


TRANSITION SEQUENCE:
-1 0.428571 -1 0.607143 -1 0.571429 -1 0.380952 -1 -1 -1 -1 -1 -1 -1 -1 -1 0 0.202381 -1 0 0.392857 0 -1 1 0 -1 0 -1 0.178571 -1 -1 0.22619 -1 -1 0 


CORRELATION COEFFICIENT:          0.254163
DETECTION POWER:                  0.261733

