
Cycle found:
------------
420325043530524551341233115440221001
------------
Valid sequence 


NORMALIZED NEURAL MODEL:
-1.000000 -1.000000 -1.000000 -1.000000 -1.000000 -1.000000 
-1.000000 0.000000 0.392857 0.571429 0.773810 1.000000 
-1.000000 -1.000000 0.000000 0.178571 0.380952 0.607143 
-1.000000 -1.000000 -1.000000 0.000000 0.202381 0.428571 
-1.000000 -1.000000 -1.000000 -1.000000 0.000000 0.226190 
-1.000000 -1.000000 -1.000000 -1.000000 -1.000000 0.000000 

NORMALIZED GUIDE FUNCTION:
1 0.952921 0.904003 0.853562 0.80192 0.749411 0.696371 0.643139 0.590058 0.537466 0.4857 0.43509 0.38596 0.338624 0.293381 0.250521 0.210316 0.17302 0.13887 0.108083 0.0808508 0.0573464 0.0377166 0.0220836 0.0105441 0.00316838 0 0.00105557 0.00632462 0.0157697 0.0293268 0.0469053 0.0683892 0.0936376 0.122485 0.154745 


BIN SEQUENCE:
6 6 6 6 6 6 5 5 5 5 5 5 4 4 4 4 4 4 3 3 3 2 2 2 1 1 1 1 1 1 2 2 2 3 3 3 


SEQUENCE OF PREFERRED BINS:
66  66  66  66  66  66  55  55  55  55  55  55  44  44  44  44  44  44  33  33  33  22  22  22  11  11  11  11  11  11  ...
55  55  55  55  55  55  64  64  64  64  64  64  53  53  53  53  53  53  42  42  42  31  31  31  22  22  22  22  22  22  ...
44  44  44  44  44  44  33  33  33  33  33  33  62  62  62  62  62  62  51  51  51  44  44  44  33  33  33  33  33  33  ...
33  33  33  33  33  33  22  22  22  22  22  22  11  11  11  11  11  11  66  66  66  55  55  55  44  44  44  44  44  44  ...
22  22  22  22  22  22  11  11  11  11  11  11  00  00  00  00  00  00  00  00  00  66  66  66  55  55  55  55  55  55  ...
11  11  11  11  11  11  00  00  00  00  00  00  00  00  00  00  00  00  00  00  00  00  00  00  66  66  66  66  66  66  ...


BIN ALLOCATION OF DISTANCES:
4 4 1 6 5 5 
6 1 3 4 4 5 
6 1 1 2 3 4 
3 1 5 2 2 4 
6 3 6 6 2 3 
5 2 3 5 1 2 


BINS USED:
6 6 6 5 4 5 5 6 4 5 3 5 3 3 3 2 2 4 2 3 3 2 2 1 1 5 1 2 6 1 1 1 6 4 4 0 


TRANSITION SEQUENCE:
-1 -1 -1 -1 0.607143 -1 -1 -1 0.428571 -1 -1 -1 -1 0.380952 0.22619 0 -1 0.571429 0.202381 -1 0.392857 0.178571 0 -1 0 1 -1 0 -1 -1 0 -1 -1 -1 -1 0 


CORRELATION COEFFICIENT:          0.150113
DETECTION POWER:                  0.141845

