
Cycle found:
------------
510530421543502414401120032255233134
------------
Valid sequence 


NORMALIZED NEURAL MODEL:
-1.000000 -1.000000 -1.000000 -1.000000 -1.000000 -1.000000 
-1.000000 0.000000 0.392857 0.571429 0.773810 1.000000 
-1.000000 -1.000000 0.000000 0.178571 0.380952 0.607143 
-1.000000 -1.000000 -1.000000 0.000000 0.202381 0.428571 
-1.000000 -1.000000 -1.000000 -1.000000 0.000000 0.226190 
-1.000000 -1.000000 -1.000000 -1.000000 -1.000000 0.000000 

NORMALIZED GUIDE FUNCTION:
0.781948 0.821378 0.857386 0.889742 0.918242 0.942704 0.962974 0.978925 0.990456 0.997495 1 0.997957 0.991381 0.980317 0.964837 0.945043 0.921065 0.893056 0.861199 0.8257 0.786788 0.744714 0.699748 0.65218 0.602316 0.550476 0.496993 0.442211 0.386481 0.33016 0.273609 0.21719 0.161266 0.106192 0.052322 0 


BIN SEQUENCE:
3 3 4 4 4 5 5 5 6 6 6 6 6 6 5 5 5 4 4 4 3 3 3 3 2 2 2 2 2 2 1 1 1 1 1 1 


SEQUENCE OF PREFERRED BINS:
33  33  44  44  44  55  55  55  66  66  66  66  66  66  55  55  55  44  44  44  33  33  33  33  22  22  22  22  22  22  ...
42  42  53  53  53  64  64  64  55  55  55  55  55  55  64  64  64  53  53  53  42  42  42  42  31  31  31  31  31  31  ...
51  51  62  62  62  33  33  33  44  44  44  44  44  44  33  33  33  62  62  62  51  51  51  51  44  44  44  44  44  44  ...
66  66  11  11  11  22  22  22  33  33  33  33  33  33  22  22  22  11  11  11  66  66  66  66  55  55  55  55  55  55  ...
00  00  00  00  00  11  11  11  22  22  22  22  22  22  11  11  11  00  00  00  00  00  00  00  66  66  66  66  66  66  ...
00  00  00  00  00  00  00  00  11  11  11  11  11  11  00  00  00  00  00  00  00  00  00  00  00  00  00  00  00  00  ...


BIN ALLOCATION OF DISTANCES:
1 3 3 1 5 5 
5 1 6 6 6 6 
2 5 1 4 5 6 
4 3 3 1 4 6 
1 2 4 3 2 4 
2 3 2 4 5 2 


BINS USED:
3 5 5 4 4 5 4 5 6 5 3 6 2 3 5 2 6 2 1 3 1 6 2 1 1 3 1 6 2 2 4 1 3 6 4 0 


TRANSITION SEQUENCE:
-1 -1 -1 -1 -1 -1 -1 -1 1 -1 -1 0.428571 -1 -1 0.380952 -1 0.77381 0 -1 -1 0 0.392857 -1 -1 -1 -1 0 0.607143 0 -1 0.178571 0 -1 0.571429 0.202381 0 


CORRELATION COEFFICIENT:          0.29959
DETECTION POWER:                  0.238378

