
Cycle found:
------------
044112215423013145105350255240034332
------------
Valid sequence 


NORMALIZED NEURAL MODEL:
-1.000000 -1.000000 -1.000000 -1.000000 -1.000000 -1.000000 
-1.000000 0.000000 0.392857 0.571429 0.773810 1.000000 
-1.000000 -1.000000 0.000000 0.178571 0.380952 0.607143 
-1.000000 -1.000000 -1.000000 0.000000 0.202381 0.428571 
-1.000000 -1.000000 -1.000000 -1.000000 0.000000 0.226190 
-1.000000 -1.000000 -1.000000 -1.000000 -1.000000 0.000000 

NORMALIZED GUIDE FUNCTION:
0 0.0444941 0.0909617 0.139102 0.188605 0.23915 0.290414 0.342066 0.393775 0.44521 0.496042 0.545947 0.594607 0.641713 0.686964 0.730075 0.770772 0.8088 0.843919 0.875909 0.90457 0.929724 0.951216 0.968913 0.98271 0.992523 0.998296 1 0.997629 0.991206 0.980778 0.966418 0.948226 0.926322 0.900855 0.871992 


BIN SEQUENCE:
1 1 1 1 1 1 2 2 2 2 2 2 3 3 3 3 3 3 4 4 4 5 5 5 6 6 6 6 6 6 5 5 5 4 4 4 


SEQUENCE OF PREFERRED BINS:
11  11  11  11  11  11  22  22  22  22  22  22  33  33  33  33  33  33  44  44  44  55  55  55  66  66  66  66  66  66  ...
22  22  22  22  22  22  31  31  31  31  31  31  42  42  42  42  42  42  53  53  53  64  64  64  55  55  55  55  55  55  ...
33  33  33  33  33  33  44  44  44  44  44  44  51  51  51  51  51  51  62  62  62  33  33  33  44  44  44  44  44  44  ...
44  44  44  44  44  44  55  55  55  55  55  55  66  66  66  66  66  66  11  11  11  22  22  22  33  33  33  33  33  33  ...
55  55  55  55  55  55  66  66  66  66  66  66  00  00  00  00  00  00  00  00  00  11  11  11  22  22  22  22  22  22  ...
66  66  66  66  66  66  00  00  00  00  00  00  00  00  00  00  00  00  00  00  00  00  00  00  11  11  11  11  11  11  ...


BIN ALLOCATION OF DISTANCES:
2 3 5 2 1 4 
6 1 4 5 5 5 
6 2 1 3 4 5 
2 3 2 1 3 4 
6 2 3 6 1 4 
6 4 6 5 3 1 


BINS USED:
1 1 2 1 4 1 2 5 3 3 3 2 3 5 3 5 4 4 6 4 5 4 6 5 5 1 6 4 6 2 2 3 6 1 2 0 


TRANSITION SEQUENCE:
-1 0 -1 0 0.392857 0 -1 1 -1 -1 0.178571 -1 -1 0.571429 -1 0.77381 0.22619 -1 -1 -1 -1 0.428571 -1 -1 0.607143 0 -1 0.380952 -1 -1 -1 0.202381 -1 0 -1 0 


CORRELATION COEFFICIENT:          0.054382
DETECTION POWER:                  0.32363

