
Cycle found:
------------
104452400153542550203323113412214305
------------
Valid sequence 


NORMALIZED NEURAL MODEL:
-1.000000 -1.000000 -1.000000 -1.000000 -1.000000 -1.000000 
-1.000000 0.000000 0.392857 0.571429 0.773810 1.000000 
-1.000000 -1.000000 0.000000 0.178571 0.380952 0.607143 
-1.000000 -1.000000 -1.000000 0.000000 0.202381 0.428571 
-1.000000 -1.000000 -1.000000 -1.000000 0.000000 0.226190 
-1.000000 -1.000000 -1.000000 -1.000000 -1.000000 0.000000 

NORMALIZED GUIDE FUNCTION:
0.817191 0.852022 0.883645 0.911844 0.936425 0.957216 0.974067 0.986856 0.995484 0.99988 1 0.995826 0.987369 0.974667 0.957785 0.936816 0.911879 0.88312 0.85071 0.814842 0.775734 0.733627 0.688779 0.641468 0.59199 0.540654 0.487785 0.433715 0.378788 0.323355 0.26777 0.212389 0.157569 0.103666 0.0510285 0 


BIN SEQUENCE:
3 4 4 4 5 5 5 6 6 6 6 6 6 5 5 5 4 4 4 3 3 3 3 3 2 2 2 2 2 2 1 1 1 1 1 1 


SEQUENCE OF PREFERRED BINS:
33  44  44  44  55  55  55  66  66  66  66  66  66  55  55  55  44  44  44  33  33  33  33  33  22  22  22  22  22  22  ...
42  53  53  53  64  64  64  55  55  55  55  55  55  64  64  64  53  53  53  42  42  42  42  42  31  31  31  31  31  31  ...
51  62  62  62  33  33  33  44  44  44  44  44  44  33  33  33  62  62  62  51  51  51  51  51  44  44  44  44  44  44  ...
66  11  11  11  22  22  22  33  33  33  33  33  33  22  22  22  11  11  11  66  66  66  66  66  55  55  55  55  55  55  ...
00  00  00  00  11  11  11  22  22  22  22  22  22  11  11  11  00  00  00  00  00  00  00  00  66  66  66  66  66  66  ...
00  00  00  00  00  00  00  11  11  11  11  11  11  00  00  00  00  00  00  00  00  00  00  00  00  00  00  00  00  00  ...


BIN ALLOCATION OF DISTANCES:
6 5 2 1 4 3 
3 2 5 5 6 6 
4 1 2 3 5 6 
1 4 4 3 4 5 
2 1 2 1 3 5 
2 1 6 6 4 3 


BINS USED:
3 4 3 5 6 5 2 6 5 6 6 5 4 2 6 3 2 2 4 1 3 4 3 4 2 5 4 1 5 2 1 6 1 1 3 0 


TRANSITION SEQUENCE:
-1 -1 0 0.22619 -1 0.380952 -1 -1 -1 1 -1 0.428571 -1 -1 0.607143 0 -1 -1 -1 -1 0 -1 0.178571 -1 0 0.571429 0.202381 -1 0.392857 0 -1 0.77381 -1 -1 -1 0 


CORRELATION COEFFICIENT:          0.111512
DETECTION POWER:                  0.283611

