
Cycle found:
------------
341035452044015325055123300221131424
------------
Valid sequence 


NORMALIZED NEURAL MODEL:
-1.000000 -1.000000 -1.000000 -1.000000 -1.000000 -1.000000 
-1.000000 0.000000 0.392857 0.571429 0.773810 1.000000 
-1.000000 -1.000000 0.000000 0.178571 0.380952 0.607143 
-1.000000 -1.000000 -1.000000 0.000000 0.202381 0.428571 
-1.000000 -1.000000 -1.000000 -1.000000 0.000000 0.226190 
-1.000000 -1.000000 -1.000000 -1.000000 -1.000000 0.000000 

NORMALIZED GUIDE FUNCTION:
0.719487 0.764699 0.80663 0.845011 0.879594 0.910157 0.936502 0.95846 0.975886 0.988669 0.996725 1 0.998472 0.992148 0.981067 0.965299 0.944943 0.920127 0.891009 0.857773 0.820632 0.779821 0.735601 0.688253 0.638081 0.585403 0.530557 0.473894 0.415775 0.356572 0.296664 0.236435 0.17627 0.116555 0.0576728 0 


BIN SEQUENCE:
3 3 3 4 4 4 5 5 5 6 6 6 6 6 6 5 5 5 4 4 4 3 3 3 2 2 2 2 2 2 1 1 1 1 1 1 


SEQUENCE OF PREFERRED BINS:
33  33  33  44  44  44  55  55  55  66  66  66  66  66  66  55  55  55  44  44  44  33  33  33  22  22  22  22  22  22  ...
42  42  42  53  53  53  64  64  64  55  55  55  55  55  55  64  64  64  53  53  53  42  42  42  31  31  31  31  31  31  ...
51  51  51  62  62  62  33  33  33  44  44  44  44  44  44  33  33  33  62  62  62  51  51  51  44  44  44  44  44  44  ...
66  66  66  11  11  11  22  22  22  33  33  33  33  33  33  22  22  22  11  11  11  66  66  66  55  55  55  55  55  55  ...
00  00  00  00  00  00  11  11  11  22  22  22  22  22  22  11  11  11  00  00  00  00  00  00  66  66  66  66  66  66  ...
00  00  00  00  00  00  00  00  00  11  11  11  11  11  11  00  00  00  00  00  00  00  00  00  00  00  00  00  00  00  ...


BIN ALLOCATION OF DISTANCES:
1 6 1 4 6 2 
2 1 4 5 5 6 
5 1 2 3 4 5 
2 6 6 2 3 4 
2 3 1 5 3 4 
3 1 5 6 4 3 


BINS USED:
3 3 2 4 4 4 4 5 5 6 3 2 6 6 6 6 5 3 2 3 1 4 3 2 2 1 1 2 1 1 5 6 5 1 4 0 


TRANSITION SEQUENCE:
0.202381 -1 -1 -1 0.428571 -1 0.22619 -1 -1 -1 0 -1 -1 1 -1 -1 0.607143 -1 -1 0 -1 0.392857 0.178571 0 -1 -1 -1 0 -1 0 0.571429 -1 0.77381 -1 0.380952 0 


CORRELATION COEFFICIENT:          0.0552352
DETECTION POWER:                  0.288687

