
Cycle found:
------------
410223055044534012425213200351433115
------------
Valid sequence 


NORMALIZED NEURAL MODEL:
-1.000000 -1.000000 -1.000000 -1.000000 -1.000000 -1.000000 
-1.000000 0.000000 0.392857 0.571429 0.773810 1.000000 
-1.000000 -1.000000 0.000000 0.178571 0.380952 0.607143 
-1.000000 -1.000000 -1.000000 0.000000 0.202381 0.428571 
-1.000000 -1.000000 -1.000000 -1.000000 0.000000 0.226190 
-1.000000 -1.000000 -1.000000 -1.000000 -1.000000 0.000000 

NORMALIZED GUIDE FUNCTION:
0 0.058433 0.118031 0.178412 0.23919 0.299976 0.360379 0.420014 0.478499 0.535457 0.590526 0.643351 0.693595 0.740935 0.785068 0.825711 0.862604 0.895509 0.924216 0.948541 0.968328 0.983449 0.993807 0.999336 1 0.995794 0.986745 0.972911 0.954379 0.931268 0.903726 0.871929 0.836081 0.796409 0.75317 0.706638 


BIN SEQUENCE:
1 1 1 1 1 1 2 2 2 2 2 2 3 3 3 4 4 4 5 5 5 6 6 6 6 6 6 5 5 5 4 4 4 3 3 3 


SEQUENCE OF PREFERRED BINS:
11  11  11  11  11  11  22  22  22  22  22  22  33  33  33  44  44  44  55  55  55  66  66  66  66  66  66  55  55  55  ...
22  22  22  22  22  22  31  31  31  31  31  31  42  42  42  53  53  53  64  64  64  55  55  55  55  55  55  64  64  64  ...
33  33  33  33  33  33  44  44  44  44  44  44  51  51  51  62  62  62  33  33  33  44  44  44  44  44  44  33  33  33  ...
44  44  44  44  44  44  55  55  55  55  55  55  66  66  66  11  11  11  22  22  22  33  33  33  33  33  33  22  22  22  ...
55  55  55  55  55  55  66  66  66  66  66  66  00  00  00  00  00  00  11  11  11  22  22  22  22  22  22  11  11  11  ...
66  66  66  66  66  66  00  00  00  00  00  00  00  00  00  00  00  00  00  00  00  11  11  11  11  11  11  00  00  00  ...


BIN ALLOCATION OF DISTANCES:
6 3 2 6 3 3 
1 1 4 5 5 5 
6 6 1 2 4 5 
2 4 6 2 3 5 
3 1 6 1 2 3 
1 4 5 4 4 2 


BINS USED:
1 1 2 1 2 2 3 2 1 3 2 3 4 3 3 3 4 4 6 5 5 6 5 6 6 6 6 5 4 5 1 2 4 1 5 0 


TRANSITION SEQUENCE:
-1 -1 -1 0 0.178571 -1 -1 0 -1 -1 0 0.22619 -1 0.202381 -1 -1 0.392857 0.380952 -1 0.607143 -1 -1 0.571429 -1 -1 -1 -1 0.428571 -1 0.77381 -1 0 -1 0 1 0 


CORRELATION COEFFICIENT:          0.280663
DETECTION POWER:                  0.250331

