
Cycle found:
------------
241252300221310545534335011514403204
------------
Valid sequence 


NORMALIZED NEURAL MODEL:
-1.000000 -1.000000 -1.000000 -1.000000 -1.000000 -1.000000 
-1.000000 0.000000 0.392857 0.571429 0.773810 1.000000 
-1.000000 -1.000000 0.000000 0.178571 0.380952 0.607143 
-1.000000 -1.000000 -1.000000 0.000000 0.202381 0.428571 
-1.000000 -1.000000 -1.000000 -1.000000 0.000000 0.226190 
-1.000000 -1.000000 -1.000000 -1.000000 -1.000000 0.000000 

NORMALIZED GUIDE FUNCTION:
0.954045 0.970442 0.983304 0.992551 0.998127 1 0.998161 0.992624 0.983428 0.970635 0.954331 0.934622 0.911637 0.885527 0.856461 0.824628 0.790234 0.753501 0.714667 0.673982 0.631708 0.588117 0.543489 0.498111 0.452274 0.406272 0.360399 0.31495 0.270214 0.226478 0.184021 0.143113 0.104015 0.0669757 0.0322306 0 


BIN SEQUENCE:
5 5 5 6 6 6 6 6 6 5 5 5 4 4 4 4 4 4 3 3 3 3 3 3 2 2 2 2 2 2 1 1 1 1 1 1 


SEQUENCE OF PREFERRED BINS:
55  55  55  66  66  66  66  66  66  55  55  55  44  44  44  44  44  44  33  33  33  33  33  33  22  22  22  22  22  22  ...
64  64  64  55  55  55  55  55  55  64  64  64  53  53  53  53  53  53  42  42  42  42  42  42  31  31  31  31  31  31  ...
33  33  33  44  44  44  44  44  44  33  33  33  62  62  62  62  62  62  51  51  51  51  51  51  44  44  44  44  44  44  ...
22  22  22  33  33  33  33  33  33  22  22  22  11  11  11  11  11  11  66  66  66  66  66  66  55  55  55  55  55  55  ...
11  11  11  22  22  22  22  22  22  11  11  11  00  00  00  00  00  00  00  00  00  00  00  00  66  66  66  66  66  66  ...
00  00  00  11  11  11  11  11  11  00  00  00  00  00  00  00  00  00  00  00  00  00  00  00  00  00  00  00  00  00  ...


BIN ALLOCATION OF DISTANCES:
5 3 4 1 1 3 
4 2 5 5 6 6 
1 1 2 3 4 6 
5 3 5 2 3 5 
6 4 6 2 2 4 
1 1 6 2 4 3 


BINS USED:
4 4 5 6 6 3 5 5 4 2 1 5 3 4 3 4 4 3 2 3 2 2 5 1 3 2 6 1 6 2 6 1 5 1 1 0 


TRANSITION SEQUENCE:
0.380952 -1 0.392857 0.607143 -1 0.178571 -1 -1 -1 0 -1 0.571429 -1 -1 -1 -1 0.22619 0 -1 0.202381 -1 0 0.428571 -1 -1 0 1 -1 0.77381 0 -1 -1 -1 -1 -1 0 


CORRELATION COEFFICIENT:          0.0296563
DETECTION POWER:                  0.231697

