
Cycle found:
------------
542103135005245125341144330223204015
------------
Valid sequence 


NORMALIZED NEURAL MODEL:
-1.000000 -1.000000 -1.000000 -1.000000 -1.000000 -1.000000 
-1.000000 0.000000 0.392857 0.571429 0.773810 1.000000 
-1.000000 -1.000000 0.000000 0.178571 0.380952 0.607143 
-1.000000 -1.000000 -1.000000 0.000000 0.202381 0.428571 
-1.000000 -1.000000 -1.000000 -1.000000 0.000000 0.226190 
-1.000000 -1.000000 -1.000000 -1.000000 -1.000000 0.000000 

NORMALIZED GUIDE FUNCTION:
1 0.969093 0.935619 0.89979 0.861837 0.822002 0.78054 0.737716 0.693804 0.649084 0.603844 0.558374 0.512963 0.467904 0.423484 0.379988 0.337696 0.296878 0.257796 0.220701 0.18583 0.153407 0.123641 0.0967219 0.0728237 0.0520994 0.0346826 0.0206852 0.0101976 0.00328759 0 0.000356543 0.00435558 0.0119721 0.023158 0.0378423 


BIN SEQUENCE:
6 6 6 6 6 6 5 5 5 5 5 5 4 4 4 4 4 4 3 3 3 3 3 3 2 2 2 2 1 1 1 1 1 1 2 2 


SEQUENCE OF PREFERRED BINS:
66  66  66  66  66  66  55  55  55  55  55  55  44  44  44  44  44  44  33  33  33  33  33  33  22  22  22  22  11  11  ...
55  55  55  55  55  55  64  64  64  64  64  64  53  53  53  53  53  53  42  42  42  42  42  42  31  31  31  31  22  22  ...
44  44  44  44  44  44  33  33  33  33  33  33  62  62  62  62  62  62  51  51  51  51  51  51  44  44  44  44  33  33  ...
33  33  33  33  33  33  22  22  22  22  22  22  11  11  11  11  11  11  66  66  66  66  66  66  55  55  55  55  44  44  ...
22  22  22  22  22  22  11  11  11  11  11  11  00  00  00  00  00  00  00  00  00  00  00  00  66  66  66  66  55  55  ...
11  11  11  11  11  11  00  00  00  00  00  00  00  00  00  00  00  00  00  00  00  00  00  00  00  00  00  00  66  66  ...


BIN ALLOCATION OF DISTANCES:
4 4 2 6 6 4 
6 1 4 5 6 6 
1 6 2 3 4 5 
1 5 5 2 3 5 
1 2 3 1 2 3 
4 3 3 1 5 2 


BINS USED:
5 3 6 6 6 5 5 5 4 4 4 3 4 3 3 4 5 1 3 2 1 6 2 1 2 1 2 2 3 5 1 6 1 4 6 0 


TRANSITION SEQUENCE:
-1 -1 -1 -1 -1 -1 0.571429 0.428571 -1 -1 -1 -1 0.380952 0.22619 -1 0.392857 0.607143 -1 0.202381 -1 0 0.77381 0 -1 0 -1 -1 0 0.178571 -1 -1 -1 -1 -1 1 0 


CORRELATION COEFFICIENT:          0.130071
DETECTION POWER:                  0.221184

