
Cycle found:
------------
031122345533202135254015142430044105
------------
Valid sequence 


NORMALIZED NEURAL MODEL:
-1.000000 -1.000000 -1.000000 -1.000000 -1.000000 -1.000000 
-1.000000 0.000000 0.392857 0.571429 0.773810 1.000000 
-1.000000 -1.000000 0.000000 0.178571 0.380952 0.607143 
-1.000000 -1.000000 -1.000000 0.000000 0.202381 0.428571 
-1.000000 -1.000000 -1.000000 -1.000000 0.000000 0.226190 
-1.000000 -1.000000 -1.000000 -1.000000 -1.000000 0.000000 

NORMALIZED GUIDE FUNCTION:
0 0.0217549 0.0463717 0.0736916 0.103539 0.135721 0.170031 0.206249 0.244142 0.283466 0.32397 0.365394 0.407471 0.449933 0.492507 0.53492 0.576901 0.618182 0.658499 0.697592 0.735214 0.771123 0.80509 0.836898 0.866345 0.893242 0.91742 0.938723 0.957017 0.972185 0.984132 0.992783 0.998083 1 0.998523 0.993662 


BIN SEQUENCE:
1 1 1 1 1 1 2 2 2 2 2 2 3 3 3 3 3 3 4 4 4 4 4 4 5 5 5 5 5 5 6 6 6 6 6 6 


SEQUENCE OF PREFERRED BINS:
11  11  11  11  11  11  22  22  22  22  22  22  33  33  33  33  33  33  44  44  44  44  44  44  55  55  55  55  55  55  ...
22  22  22  22  22  22  31  31  31  31  31  31  42  42  42  42  42  42  53  53  53  53  53  53  64  64  64  64  64  64  ...
33  33  33  33  33  33  44  44  44  44  44  44  51  51  51  51  51  51  62  62  62  62  62  62  33  33  33  33  33  33  ...
44  44  44  44  44  44  55  55  55  55  55  55  66  66  66  66  66  66  11  11  11  11  11  11  22  22  22  22  22  22  ...
55  55  55  55  55  55  66  66  66  66  66  66  00  00  00  00  00  00  00  00  00  00  00  00  11  11  11  11  11  11  ...
66  66  66  66  66  66  00  00  00  00  00  00  00  00  00  00  00  00  00  00  00  00  00  00  00  00  00  00  00  00  ...


BIN ALLOCATION OF DISTANCES:
5 4 4 2 5 6 
6 1 3 4 6 6 
3 3 1 2 2 5 
5 1 3 1 2 3 
4 1 5 6 1 2 
6 5 4 3 4 2 


BINS USED:
2 1 1 3 1 2 2 2 2 3 1 3 3 4 3 4 3 4 5 4 4 4 6 5 6 5 2 6 5 5 5 1 1 6 6 0 


TRANSITION SEQUENCE:
-1 -1 0 0.392857 0 0.178571 0.202381 0.22619 0 -1 0 -1 -1 -1 -1 0.571429 0.428571 -1 0.607143 -1 -1 -1 1 -1 0.77381 -1 0.380952 -1 -1 -1 -1 0 -1 -1 -1 0 


CORRELATION COEFFICIENT:          0.253372
DETECTION POWER:                  0.54292

