
Cycle found:
------------
351250144521554004113431024223203305
------------
Valid sequence 


NORMALIZED NEURAL MODEL:
-1.000000 -1.000000 -1.000000 -1.000000 -1.000000 -1.000000 
-1.000000 0.000000 0.392857 0.571429 0.773810 1.000000 
-1.000000 -1.000000 0.000000 0.178571 0.380952 0.607143 
-1.000000 -1.000000 -1.000000 0.000000 0.202381 0.428571 
-1.000000 -1.000000 -1.000000 -1.000000 0.000000 0.226190 
-1.000000 -1.000000 -1.000000 -1.000000 -1.000000 0.000000 

NORMALIZED GUIDE FUNCTION:
0.945204 0.963465 0.978152 0.989176 0.996473 1 0.999741 0.995703 0.987918 0.976441 0.961351 0.94275 0.920763 0.895535 0.867232 0.836041 0.802165 0.765825 0.727259 0.686715 0.644456 0.600756 0.555897 0.510167 0.463861 0.417275 0.370709 0.324461 0.278826 0.234095 0.190553 0.148478 0.108136 0.0697833 0.033662 0 


BIN SEQUENCE:
5 5 5 6 6 6 6 6 6 5 5 5 4 4 4 4 4 4 3 3 3 3 3 3 2 2 2 2 2 2 1 1 1 1 1 1 


SEQUENCE OF PREFERRED BINS:
55  55  55  66  66  66  66  66  66  55  55  55  44  44  44  44  44  44  33  33  33  33  33  33  22  22  22  22  22  22  ...
64  64  64  55  55  55  55  55  55  64  64  64  53  53  53  53  53  53  42  42  42  42  42  42  31  31  31  31  31  31  ...
33  33  33  44  44  44  44  44  44  33  33  33  62  62  62  62  62  62  51  51  51  51  51  51  44  44  44  44  44  44  ...
22  22  22  33  33  33  33  33  33  22  22  22  11  11  11  11  11  11  66  66  66  66  66  66  55  55  55  55  55  55  ...
11  11  11  22  22  22  22  22  22  11  11  11  00  00  00  00  00  00  00  00  00  00  00  00  66  66  66  66  66  66  ...
00  00  00  11  11  11  11  11  11  00  00  00  00  00  00  00  00  00  00  00  00  00  00  00  00  00  00  00  00  00  ...


BIN ALLOCATION OF DISTANCES:
4 6 5 5 4 2 
6 1 5 6 6 6 
5 5 1 3 3 6 
1 2 2 1 3 5 
2 2 1 1 3 3 
4 4 4 4 2 3 


BINS USED:
5 4 5 6 4 6 6 3 3 4 5 6 3 2 2 4 4 2 1 6 3 1 2 6 5 3 1 1 3 2 5 5 1 1 2 0 


TRANSITION SEQUENCE:
0.428571 -1 0.392857 0.607143 -1 -1 0.77381 0 0.22619 -1 -1 1 0 -1 -1 -1 -1 -1 0 0.571429 0.202381 -1 -1 -1 -1 0.380952 -1 0 0.178571 -1 -1 -1 0 -1 -1 0 


CORRELATION COEFFICIENT:          0.327192
DETECTION POWER:                  0.192038

