
Cycle found:
------------
041542021253552343003110133224451405
------------
Valid sequence 


NORMALIZED NEURAL MODEL:
-1.000000 -1.000000 -1.000000 -1.000000 -1.000000 -1.000000 
-1.000000 0.000000 0.392857 0.571429 0.773810 1.000000 
-1.000000 -1.000000 0.000000 0.178571 0.380952 0.607143 
-1.000000 -1.000000 -1.000000 0.000000 0.202381 0.428571 
-1.000000 -1.000000 -1.000000 -1.000000 0.000000 0.226190 
-1.000000 -1.000000 -1.000000 -1.000000 -1.000000 0.000000 

NORMALIZED GUIDE FUNCTION:
1 0.930884 0.861306 0.791714 0.722554 0.654273 0.587316 0.522119 0.459109 0.3987 0.341294 0.287272 0.236996 0.190806 0.149017 0.111915 0.0797608 0.0527808 0.0311706 0.015092 0.00467154 0 0.0011314 0.00808261 0.0208331 0.0393248 0.0634625 0.0931142 0.128112 0.168252 0.213298 0.262979 0.316996 0.375017 0.436687 0.501622 


BIN SEQUENCE:
6 6 6 6 6 6 5 5 5 5 4 4 4 3 3 3 2 2 2 1 1 1 1 1 1 2 2 2 3 3 3 4 4 4 5 5 


SEQUENCE OF PREFERRED BINS:
66  66  66  66  66  66  55  55  55  55  44  44  44  33  33  33  22  22  22  11  11  11  11  11  11  22  22  22  33  33  ...
55  55  55  55  55  55  64  64  64  64  53  53  53  42  42  42  31  31  31  22  22  22  22  22  22  31  31  31  42  42  ...
44  44  44  44  44  44  33  33  33  33  62  62  62  51  51  51  44  44  44  33  33  33  33  33  33  44  44  44  51  51  ...
33  33  33  33  33  33  22  22  22  22  11  11  11  66  66  66  55  55  55  44  44  44  44  44  44  55  55  55  66  66  ...
22  22  22  22  22  22  11  11  11  11  00  00  00  00  00  00  66  66  66  55  55  55  55  55  55  66  66  66  00  00  ...
11  11  11  11  11  11  00  00  00  00  00  00  00  00  00  00  00  00  00  66  66  66  66  66  66  00  00  00  00  00  ...


BIN ALLOCATION OF DISTANCES:
2 3 5 1 6 4 
2 1 4 4 6 6 
5 5 1 3 4 5 
2 1 1 2 3 4 
4 6 5 2 3 3 
6 1 2 5 6 3 


BINS USED:
6 6 6 6 5 5 5 5 4 5 5 4 3 2 3 3 2 2 2 1 1 1 2 3 4 2 1 1 4 3 3 1 6 4 4 0 


TRANSITION SEQUENCE:
-1 -1 1 -1 -1 -1 -1 -1 0.392857 0.607143 -1 0.428571 0 -1 0.178571 0.202381 -1 -1 -1 -1 -1 0 -1 -1 0.571429 0 -1 0 0.380952 0 0.22619 -1 0.77381 -1 -1 0 


CORRELATION COEFFICIENT:          0.297265
DETECTION POWER:                  0.228142

