Unable to find a valid Hamiltonian Circuit.
Elapsed time: 2 seconds. Trying again...

Cycle found:
------------
252153024354123451332201005503114044
------------
Valid sequence 


NORMALIZED NEURAL MODEL:
-1.000000 -1.000000 -1.000000 -1.000000 -1.000000 -1.000000 
-1.000000 0.000000 0.392857 0.571429 0.773810 1.000000 
-1.000000 -1.000000 0.000000 0.178571 0.380952 0.607143 
-1.000000 -1.000000 -1.000000 0.000000 0.202381 0.428571 
-1.000000 -1.000000 -1.000000 -1.000000 0.000000 0.226190 
-1.000000 -1.000000 -1.000000 -1.000000 -1.000000 0.000000 

NORMALIZED GUIDE FUNCTION:
1 0.967454 0.932387 0.89503 0.855627 0.814437 0.771727 0.727775 0.682864 0.637285 0.591331 0.545298 0.49948 0.45417 0.409657 0.366224 0.324146 0.28369 0.24511 0.208648 0.174534 0.142979 0.114179 0.0883112 0.0655342 0.045986 0.0297836 0.0170221 0.00777465 0.00209151 0 0.00150439 0.00658587 0.0152028 0.027291 0.0427641 


BIN SEQUENCE:
6 6 6 6 6 6 5 5 5 5 5 5 4 4 4 4 4 4 3 3 3 3 3 3 2 2 2 2 1 1 1 1 1 1 2 2 


SEQUENCE OF PREFERRED BINS:
66  66  66  66  66  66  55  55  55  55  55  55  44  44  44  44  44  44  33  33  33  33  33  33  22  22  22  22  11  11  ...
55  55  55  55  55  55  64  64  64  64  64  64  53  53  53  53  53  53  42  42  42  42  42  42  31  31  31  31  22  22  ...
44  44  44  44  44  44  33  33  33  33  33  33  62  62  62  62  62  62  51  51  51  51  51  51  44  44  44  44  33  33  ...
33  33  33  33  33  33  22  22  22  22  22  22  11  11  11  11  11  11  66  66  66  66  66  66  55  55  55  55  44  44  ...
22  22  22  22  22  22  11  11  11  11  11  11  00  00  00  00  00  00  00  00  00  00  00  00  66  66  66  66  55  55  ...
11  11  11  11  11  11  00  00  00  00  00  00  00  00  00  00  00  00  00  00  00  00  00  00  00  00  00  00  66  66  ...


BIN ALLOCATION OF DISTANCES:
4 2 5 5 5 4 
1 1 3 5 6 6 
1 5 1 2 3 6 
6 6 1 2 3 4 
2 3 1 4 2 3 
3 4 6 5 4 2 


BINS USED:
6 6 5 6 5 6 5 3 4 4 4 3 3 2 3 3 4 5 2 1 1 1 2 1 4 4 2 3 5 6 1 6 2 5 2 0 


TRANSITION SEQUENCE:
0.607143 -1 -1 1 -1 -1 -1 0.380952 -1 0.428571 -1 -1 0.392857 0.178571 0.202381 0.22619 -1 0.571429 0 -1 0 -1 -1 -1 -1 -1 0 -1 -1 -1 0 0.77381 -1 -1 0 0 


CORRELATION COEFFICIENT:          0.379498
DETECTION POWER:                  0.229266

