Unable to find a valid Hamiltonian Circuit.
Elapsed time: 2 seconds. Trying again...

Cycle found:
------------
141525351334204540210112300550322443
------------
Valid sequence 


NORMALIZED NEURAL MODEL:
-1.000000 -1.000000 -1.000000 -1.000000 -1.000000 -1.000000 
-1.000000 0.000000 0.392857 0.571429 0.773810 1.000000 
-1.000000 -1.000000 0.000000 0.178571 0.380952 0.607143 
-1.000000 -1.000000 -1.000000 0.000000 0.202381 0.428571 
-1.000000 -1.000000 -1.000000 -1.000000 0.000000 0.226190 
-1.000000 -1.000000 -1.000000 -1.000000 -1.000000 0.000000 

NORMALIZED GUIDE FUNCTION:
1 0.956097 0.910187 0.862565 0.813533 0.763406 0.712504 0.661153 0.609681 0.558419 0.507694 0.457832 0.409153 0.361969 0.316584 0.273288 0.23236 0.194064 0.158647 0.126336 0.0973404 0.0718473 0.0500219 0.0320057 0.0179161 0.00784535 0.00185985 0 0.00227975 0.00868654 0.0191813 0.033699 0.0521483 0.0744132 0.100353 0.129803 


BIN SEQUENCE:
6 6 6 6 6 6 5 5 5 5 5 5 4 4 4 4 4 4 3 3 3 2 2 2 1 1 1 1 1 1 2 2 2 3 3 3 


SEQUENCE OF PREFERRED BINS:
66  66  66  66  66  66  55  55  55  55  55  55  44  44  44  44  44  44  33  33  33  22  22  22  11  11  11  11  11  11  ...
55  55  55  55  55  55  64  64  64  64  64  64  53  53  53  53  53  53  42  42  42  31  31  31  22  22  22  22  22  22  ...
44  44  44  44  44  44  33  33  33  33  33  33  62  62  62  62  62  62  51  51  51  44  44  44  33  33  33  33  33  33  ...
33  33  33  33  33  33  22  22  22  22  22  22  11  11  11  11  11  11  66  66  66  55  55  55  44  44  44  44  44  44  ...
22  22  22  22  22  22  11  11  11  11  11  11  00  00  00  00  00  00  00  00  00  66  66  66  55  55  55  55  55  55  ...
11  11  11  11  11  11  00  00  00  00  00  00  00  00  00  00  00  00  00  00  00  00  00  00  66  66  66  66  66  66  ...


BIN ALLOCATION OF DISTANCES:
1 3 3 3 5 3 
3 1 5 5 6 6 
4 3 2 2 5 6 
1 6 1 2 2 5 
4 4 4 1 2 4 
1 5 6 6 4 2 


BINS USED:
6 4 6 6 6 6 5 5 5 2 2 4 4 5 4 4 4 3 3 3 3 1 5 2 1 1 3 2 1 3 1 2 5 2 1 0 


TRANSITION SEQUENCE:
0.77381 -1 1 -1 0.607143 -1 0.428571 -1 0.571429 0 0.202381 -1 -1 -1 0.22619 -1 -1 -1 -1 -1 -1 0 0.392857 0.178571 -1 -1 -1 0 -1 -1 -1 0 0.380952 0 -1 0 


CORRELATION COEFFICIENT:          0.551825
DETECTION POWER:                  0.394973

