
Cycle found:
------------
131234305350020104152514033224455421
------------
Valid sequence 


NORMALIZED NEURAL MODEL:
-1.000000 -1.000000 -1.000000 -1.000000 -1.000000 -1.000000 
-1.000000 0.000000 0.392857 0.571429 0.773810 1.000000 
-1.000000 -1.000000 0.000000 0.178571 0.380952 0.607143 
-1.000000 -1.000000 -1.000000 0.000000 0.202381 0.428571 
-1.000000 -1.000000 -1.000000 -1.000000 0.000000 0.226190 
-1.000000 -1.000000 -1.000000 -1.000000 -1.000000 0.000000 

NORMALIZED GUIDE FUNCTION:
0.37075 0.442883 0.512288 0.578522 0.641164 0.699812 0.754095 0.803666 0.84821 0.887445 0.921122 0.949027 0.970986 0.98686 0.996551 1 0.997188 0.988135 0.972903 0.951593 0.924344 0.891333 0.852775 0.808919 0.760048 0.706479 0.648556 0.586653 0.521168 0.452521 0.381155 0.307527 0.23211 0.155387 0.077852 0 


BIN SEQUENCE:
1 2 2 2 3 3 3 4 4 4 5 5 5 6 6 6 6 6 6 5 5 5 4 4 4 3 3 3 2 2 2 1 1 1 1 1 


SEQUENCE OF PREFERRED BINS:
11  22  22  22  33  33  33  44  44  44  55  55  55  66  66  66  66  66  66  55  55  55  44  44  44  33  33  33  22  22  ...
22  31  31  31  42  42  42  53  53  53  64  64  64  55  55  55  55  55  55  64  64  64  53  53  53  42  42  42  31  31  ...
33  44  44  44  51  51  51  62  62  62  33  33  33  44  44  44  44  44  44  33  33  33  62  62  62  51  51  51  44  44  ...
44  55  55  55  66  66  66  11  11  11  22  22  22  33  33  33  33  33  33  22  22  22  11  11  11  66  66  66  55  55  ...
55  66  66  66  00  00  00  00  00  00  11  11  11  22  22  22  22  22  22  11  11  11  00  00  00  00  00  00  66  66  ...
66  00  00  00  00  00  00  00  00  00  00  00  00  11  11  11  11  11  11  00  00  00  00  00  00  00  00  00  00  00  ...


BIN ALLOCATION OF DISTANCES:
4 6 4 1 3 4 
6 1 5 5 6 6 
6 3 1 2 5 5 
3 2 2 1 3 5 
4 6 4 3 1 4 
3 2 2 5 2 1 


BINS USED:
5 2 5 2 3 3 3 4 5 5 3 4 4 6 6 6 3 6 6 2 5 2 6 4 1 1 2 1 5 1 4 1 2 4 3 0 


TRANSITION SEQUENCE:
0.571429 -1 0.392857 0.178571 0.202381 -1 -1 -1 -1 0.428571 -1 -1 -1 -1 -1 -1 -1 -1 1 -1 0.607143 -1 0.77381 -1 -1 0 -1 0 0.380952 0 0.22619 0 -1 -1 -1 0 


CORRELATION COEFFICIENT:          0.369453
DETECTION POWER:                  0.477225

