
Cycle found:
------------
410054401120323453524255150221431330
------------
Valid sequence 


NORMALIZED NEURAL MODEL:
-1.000000 -1.000000 -1.000000 -1.000000 -1.000000 -1.000000 
-1.000000 0.000000 0.392857 0.571429 0.773810 1.000000 
-1.000000 -1.000000 0.000000 0.178571 0.380952 0.607143 
-1.000000 -1.000000 -1.000000 0.000000 0.202381 0.428571 
-1.000000 -1.000000 -1.000000 -1.000000 0.000000 0.226190 
-1.000000 -1.000000 -1.000000 -1.000000 -1.000000 0.000000 

NORMALIZED GUIDE FUNCTION:
0 0.0667296 0.134028 0.201463 0.268603 0.335019 0.400286 0.463987 0.525715 0.585078 0.641696 0.69521 0.745279 0.791586 0.833838 0.871767 0.905135 0.933731 0.957376 0.975923 0.989258 0.997299 1 0.997348 0.989364 0.976103 0.957656 0.934145 0.905724 0.87258 0.834928 0.793014 0.74711 0.697513 0.644544 0.588544 


BIN SEQUENCE:
1 1 1 1 1 1 2 2 2 2 2 3 3 3 4 4 4 5 5 5 6 6 6 6 6 6 5 5 5 4 4 4 3 3 3 2 


SEQUENCE OF PREFERRED BINS:
11  11  11  11  11  11  22  22  22  22  22  33  33  33  44  44  44  55  55  55  66  66  66  66  66  66  55  55  55  44  ...
22  22  22  22  22  22  31  31  31  31  31  42  42  42  53  53  53  64  64  64  55  55  55  55  55  55  64  64  64  53  ...
33  33  33  33  33  33  44  44  44  44  44  51  51  51  62  62  62  33  33  33  44  44  44  44  44  44  33  33  33  62  ...
44  44  44  44  44  44  55  55  55  55  55  66  66  66  11  11  11  22  22  22  33  33  33  33  33  33  22  22  22  11  ...
55  55  55  55  55  55  66  66  66  66  66  00  00  00  00  00  00  11  11  11  22  22  22  22  22  22  11  11  11  00  ...
66  66  66  66  66  66  00  00  00  00  00  00  00  00  00  00  00  00  00  00  11  11  11  11  11  11  00  00  00  00  ...


BIN ALLOCATION OF DISTANCES:
1 4 5 4 6 3 
1 1 5 6 6 6 
2 1 1 4 5 6 
4 2 3 2 4 5 
3 1 5 5 2 4 
2 3 6 3 2 3 


BINS USED:
1 1 1 3 2 2 3 4 1 5 2 4 3 4 4 4 3 5 6 5 5 6 3 3 6 2 5 1 1 6 5 2 6 2 4 0 


TRANSITION SEQUENCE:
-1 -1 -1 -1 -1 0 -1 -1 0 0.392857 -1 -1 -1 0.178571 0.202381 0.22619 -1 0.428571 -1 0.380952 -1 0.607143 0 -1 1 -1 -1 0 -1 0.77381 -1 -1 0.571429 0 -1 0 


CORRELATION COEFFICIENT:          0.204422
DETECTION POWER:                  0.198779

