
Cycle found:
------------
452322031105512440043534215014133025
------------
Valid sequence 


NORMALIZED NEURAL MODEL:
-1.000000 -1.000000 -1.000000 -1.000000 -1.000000 -1.000000 
-1.000000 0.000000 0.392857 0.571429 0.773810 1.000000 
-1.000000 -1.000000 0.000000 0.178571 0.380952 0.607143 
-1.000000 -1.000000 -1.000000 0.000000 0.202381 0.428571 
-1.000000 -1.000000 -1.000000 -1.000000 0.000000 0.226190 
-1.000000 -1.000000 -1.000000 -1.000000 -1.000000 0.000000 

NORMALIZED GUIDE FUNCTION:
0.146725 0.119343 0.0942206 0.0715993 0.0517067 0.0347557 0.0209425 0.0104444 0.00341852 0 0.000300545 0.00440719 0.0123812 0.0242569 0.0400414 0.0597134 0.0832232 0.110493 0.141415 0.175854 0.213647 0.254604 0.298508 0.345117 0.394164 0.445363 0.498402 0.552955 0.608677 0.665208 0.722175 0.779198 0.835887 0.891847 0.946683 1 


BIN SEQUENCE:
4 3 3 3 2 2 2 1 1 1 1 1 1 2 2 2 3 3 3 4 4 4 4 4 5 5 5 5 5 5 6 6 6 6 6 6 


SEQUENCE OF PREFERRED BINS:
44  33  33  33  22  22  22  11  11  11  11  11  11  22  22  22  33  33  33  44  44  44  44  44  55  55  55  55  55  55  ...
53  42  42  42  31  31  31  22  22  22  22  22  22  31  31  31  42  42  42  53  53  53  53  53  64  64  64  64  64  64  ...
62  51  51  51  44  44  44  33  33  33  33  33  33  44  44  44  51  51  51  62  62  62  62  62  33  33  33  33  33  33  ...
11  66  66  66  55  55  55  44  44  44  44  44  44  55  55  55  66  66  66  11  11  11  11  11  22  22  22  22  22  22  ...
00  00  00  00  66  66  66  55  55  55  55  55  55  66  66  66  00  00  00  00  00  00  00  00  11  11  11  11  11  11  ...
00  00  00  00  00  00  00  66  66  66  66  66  66  00  00  00  00  00  00  00  00  00  00  00  00  00  00  00  00  00  ...


BIN ALLOCATION OF DISTANCES:
5 5 5 2 5 3 
1 1 4 4 6 6 
1 5 2 3 4 6 
5 1 3 2 4 4 
3 1 6 2 2 4 
6 3 3 6 1 2 


BINS USED:
4 3 3 3 2 1 2 1 1 1 3 2 3 4 4 2 3 5 5 2 4 6 4 6 5 6 6 5 6 1 4 2 5 5 6 0 


TRANSITION SEQUENCE:
0.22619 -1 0.178571 -1 0 -1 -1 -1 0 -1 -1 0 -1 0.392857 0.380952 0 -1 -1 -1 -1 0.428571 -1 0.202381 -1 -1 1 -1 -1 0.77381 -1 0.571429 0 -1 -1 0.607143 0 


CORRELATION COEFFICIENT:          0.223557
DETECTION POWER:                  0.321292

