
Cycle found:
------------
503011004455354252414340233221315120
------------
Valid sequence 


NORMALIZED NEURAL MODEL:
-1.000000 -1.000000 -1.000000 -1.000000 -1.000000 -1.000000 
-1.000000 0.000000 0.392857 0.571429 0.773810 1.000000 
-1.000000 -1.000000 0.000000 0.178571 0.380952 0.607143 
-1.000000 -1.000000 -1.000000 0.000000 0.202381 0.428571 
-1.000000 -1.000000 -1.000000 -1.000000 0.000000 0.226190 
-1.000000 -1.000000 -1.000000 -1.000000 -1.000000 0.000000 

NORMALIZED GUIDE FUNCTION:
0 0.0929494 0.184061 0.272757 0.358476 0.440678 0.518848 0.592497 0.661167 0.724433 0.781906 0.833237 0.878114 0.91627 0.947482 0.971569 0.988401 0.99789 1 0.994739 0.982162 0.962375 0.935524 0.901805 0.861454 0.81475 0.762012 0.703596 0.639895 0.571332 0.498362 0.421467 0.34115 0.257937 0.172369 0.0850037 


BIN SEQUENCE:
1 1 1 2 2 2 3 3 3 4 4 4 5 5 5 6 6 6 6 6 6 5 5 5 4 4 4 3 3 3 2 2 2 1 1 1 


SEQUENCE OF PREFERRED BINS:
11  11  11  22  22  22  33  33  33  44  44  44  55  55  55  66  66  66  66  66  66  55  55  55  44  44  44  33  33  33  ...
22  22  22  31  31  31  42  42  42  53  53  53  64  64  64  55  55  55  55  55  55  64  64  64  53  53  53  42  42  42  ...
33  33  33  44  44  44  51  51  51  62  62  62  33  33  33  44  44  44  44  44  44  33  33  33  62  62  62  51  51  51  ...
44  44  44  55  55  55  66  66  66  11  11  11  22  22  22  33  33  33  33  33  33  22  22  22  11  11  11  66  66  66  ...
55  55  55  66  66  66  00  00  00  00  00  00  11  11  11  22  22  22  22  22  22  11  11  11  00  00  00  00  00  00  ...
66  66  66  00  00  00  00  00  00  00  00  00  00  00  00  11  11  11  11  11  11  00  00  00  00  00  00  00  00  00  ...


BIN ALLOCATION OF DISTANCES:
3 2 6 1 2 2 
4 1 5 5 6 6 
1 4 3 4 5 6 
1 1 2 3 4 5 
2 6 6 2 3 4 
1 3 5 3 5 4 


BINS USED:
1 1 1 2 1 4 3 2 3 4 4 3 5 5 6 6 5 5 6 6 2 4 2 6 4 3 2 3 4 5 1 6 3 5 1 0 


TRANSITION SEQUENCE:
-1 -1 -1 -1 0 -1 -1 -1 0 0.22619 0 -1 0.428571 -1 -1 0.607143 -1 0.380952 -1 0.77381 -1 0.202381 -1 -1 0.178571 0 -1 0 -1 0.571429 -1 1 -1 0.392857 -1 0 


CORRELATION COEFFICIENT:          0.0846508
DETECTION POWER:                  0.405435

