
Cycle found:
------------
254150012103451131440553352432022304
------------
Valid sequence 


NORMALIZED NEURAL MODEL:
-1.000000 -1.000000 -1.000000 -1.000000 -1.000000 -1.000000 
-1.000000 0.000000 0.392857 0.571429 0.773810 1.000000 
-1.000000 -1.000000 0.000000 0.178571 0.380952 0.607143 
-1.000000 -1.000000 -1.000000 0.000000 0.202381 0.428571 
-1.000000 -1.000000 -1.000000 -1.000000 0.000000 0.226190 
-1.000000 -1.000000 -1.000000 -1.000000 -1.000000 0.000000 

NORMALIZED GUIDE FUNCTION:
1 0.917084 0.834919 0.754032 0.674945 0.598166 0.524194 0.453506 0.38656 0.323794 0.265616 0.212406 0.164514 0.122256 0.0859115 0.055724 0.0318968 0.014593 0.0039344 0 0.00282602 0.0124053 0.0286874 0.0515789 0.0809435 0.116603 0.15834 0.205896 0.258976 0.317248 0.380346 0.447874 0.519407 0.594491 0.672652 0.753392 


BIN SEQUENCE:
6 6 6 6 6 5 5 5 4 4 4 3 3 3 2 2 2 1 1 1 1 1 1 2 2 2 3 3 3 4 4 4 5 5 5 6 


SEQUENCE OF PREFERRED BINS:
66  66  66  66  66  55  55  55  44  44  44  33  33  33  22  22  22  11  11  11  11  11  11  22  22  22  33  33  33  44  ...
55  55  55  55  55  64  64  64  53  53  53  42  42  42  31  31  31  22  22  22  22  22  22  31  31  31  42  42  42  53  ...
44  44  44  44  44  33  33  33  62  62  62  51  51  51  44  44  44  33  33  33  33  33  33  44  44  44  51  51  51  62  ...
33  33  33  33  33  22  22  22  11  11  11  66  66  66  55  55  55  44  44  44  44  44  44  55  55  55  66  66  66  11  ...
22  22  22  22  22  11  11  11  00  00  00  00  00  00  66  66  66  55  55  55  55  55  55  66  66  66  00  00  00  00  ...
11  11  11  11  11  00  00  00  00  00  00  00  00  00  00  00  00  66  66  66  66  66  66  00  00  00  00  00  00  00  ...


BIN ALLOCATION OF DISTANCES:
5 6 2 3 3 2 
4 1 4 4 6 6 
2 5 1 2 3 6 
6 1 5 1 2 4 
2 5 5 5 1 3 
4 3 4 3 6 1 


BINS USED:
6 6 5 6 4 5 6 4 5 4 3 2 3 3 1 4 1 6 1 2 2 1 3 1 4 4 3 5 5 2 2 1 2 6 3 0 


TRANSITION SEQUENCE:
0.607143 -1 -1 1 -1 -1 -1 0.392857 -1 -1 -1 0.202381 0.22619 -1 0 0.571429 -1 0.77381 0 -1 -1 0 -1 0 0.428571 -1 0.380952 -1 -1 -1 -1 0 0.178571 -1 -1 0 


CORRELATION COEFFICIENT:          0.20255
DETECTION POWER:                  0.280406

