
Cycle found:
------------
201100322133123404505241535442551430
------------
Valid sequence 


NORMALIZED NEURAL MODEL:
-1.000000 -1.000000 -1.000000 -1.000000 -1.000000 -1.000000 
-1.000000 0.000000 0.392857 0.571429 0.773810 1.000000 
-1.000000 -1.000000 0.000000 0.178571 0.380952 0.607143 
-1.000000 -1.000000 -1.000000 0.000000 0.202381 0.428571 
-1.000000 -1.000000 -1.000000 -1.000000 0.000000 0.226190 
-1.000000 -1.000000 -1.000000 -1.000000 -1.000000 0.000000 

NORMALIZED GUIDE FUNCTION:
0 0.0380973 0.0784726 0.120871 0.165025 0.210655 0.25747 0.305173 0.353459 0.40202 0.450545 0.498723 0.546243 0.5928 0.638093 0.68183 0.723727 0.763511 0.800924 0.835722 0.867675 0.896574 0.922227 0.944464 0.963136 0.978117 0.989303 0.996615 1 0.999428 0.994896 0.986425 0.974063 0.957881 0.937976 0.914469 


BIN SEQUENCE:
1 1 1 1 1 1 2 2 2 2 2 2 3 3 3 3 3 3 4 4 4 4 4 5 5 5 6 6 6 6 6 6 5 5 5 4 


SEQUENCE OF PREFERRED BINS:
11  11  11  11  11  11  22  22  22  22  22  22  33  33  33  33  33  33  44  44  44  44  44  55  55  55  66  66  66  66  ...
22  22  22  22  22  22  31  31  31  31  31  31  42  42  42  42  42  42  53  53  53  53  53  64  64  64  55  55  55  55  ...
33  33  33  33  33  33  44  44  44  44  44  44  51  51  51  51  51  51  62  62  62  62  62  33  33  33  44  44  44  44  ...
44  44  44  44  44  44  55  55  55  55  55  55  66  66  66  66  66  66  11  11  11  11  11  22  22  22  33  33  33  33  ...
55  55  55  55  55  55  66  66  66  66  66  66  00  00  00  00  00  00  00  00  00  00  00  11  11  11  22  22  22  22  ...
66  66  66  66  66  66  00  00  00  00  00  00  00  00  00  00  00  00  00  00  00  00  00  00  00  00  11  11  11  11  ...


BIN ALLOCATION OF DISTANCES:
5 2 2 5 6 6 
1 1 4 4 5 5 
1 3 1 3 4 4 
4 3 2 2 3 4 
3 5 1 1 2 3 
5 6 6 6 6 2 


BINS USED:
1 2 1 1 5 5 2 1 3 4 2 3 4 3 3 3 6 3 5 6 6 4 5 5 6 4 6 2 1 4 2 6 5 1 4 0 


TRANSITION SEQUENCE:
-1 -1 0 -1 -1 -1 -1 0 -1 0.571429 0 -1 0.392857 0.178571 0.202381 -1 -1 0.22619 -1 -1 -1 0.380952 -1 1 -1 0.428571 -1 0 -1 0.607143 0 -1 0.77381 -1 -1 0 


CORRELATION COEFFICIENT:          0.207721
DETECTION POWER:                  0.230945

