
Cycle found:
------------
110551223001342535452024150403321443
------------
Valid sequence 


NORMALIZED NEURAL MODEL:
-1.000000 -1.000000 -1.000000 -1.000000 -1.000000 -1.000000 
-1.000000 0.000000 0.392857 0.571429 0.773810 1.000000 
-1.000000 -1.000000 0.000000 0.178571 0.380952 0.607143 
-1.000000 -1.000000 -1.000000 0.000000 0.202381 0.428571 
-1.000000 -1.000000 -1.000000 -1.000000 0.000000 0.226190 
-1.000000 -1.000000 -1.000000 -1.000000 -1.000000 0.000000 

NORMALIZED GUIDE FUNCTION:
0 0.0869683 0.172763 0.256837 0.338651 0.417682 0.493426 0.565399 0.633143 0.696224 0.754242 0.806826 0.853643 0.894396 0.928825 0.956714 0.977886 0.99221 0.999596 1 0.993423 0.979909 0.95955 0.932477 0.898867 0.858939 0.81295 0.761199 0.704019 0.641778 0.574877 0.503748 0.428847 0.350655 0.269675 0.186426 


BIN SEQUENCE:
1 1 1 1 2 2 2 3 3 3 4 4 4 5 5 5 6 6 6 6 6 6 5 5 5 4 4 4 3 3 3 2 2 2 1 1 


SEQUENCE OF PREFERRED BINS:
11  11  11  11  22  22  22  33  33  33  44  44  44  55  55  55  66  66  66  66  66  66  55  55  55  44  44  44  33  33  ...
22  22  22  22  31  31  31  42  42  42  53  53  53  64  64  64  55  55  55  55  55  55  64  64  64  53  53  53  42  42  ...
33  33  33  33  44  44  44  51  51  51  62  62  62  33  33  33  44  44  44  44  44  44  33  33  33  62  62  62  51  51  ...
44  44  44  44  55  55  55  66  66  66  11  11  11  22  22  22  33  33  33  33  33  33  22  22  22  11  11  11  66  66  ...
55  55  55  55  66  66  66  00  00  00  00  00  00  11  11  11  22  22  22  22  22  22  11  11  11  00  00  00  00  00  ...
66  66  66  66  00  00  00  00  00  00  00  00  00  00  00  00  11  11  11  11  11  11  00  00  00  00  00  00  00  00  ...


BIN ALLOCATION OF DISTANCES:
3 4 6 2 5 2 
4 1 5 5 6 6 
6 4 1 3 4 5 
3 3 1 1 3 5 
2 3 6 2 1 4 
2 2 4 5 6 1 


BINS USED:
1 4 2 1 2 5 1 3 3 3 4 5 3 6 5 5 5 6 4 4 6 6 4 3 6 2 5 2 2 1 1 4 6 1 2 0 


TRANSITION SEQUENCE:
0 -1 -1 0 -1 0.392857 0 0.178571 -1 -1 -1 0.571429 0.202381 -1 0.607143 -1 0.428571 -1 0.22619 -1 -1 -1 0.380952 -1 1 -1 -1 -1 -1 0 -1 -1 0.77381 0 -1 0 


CORRELATION COEFFICIENT:          0.368497
DETECTION POWER:                  0.29797

