
Cycle found:
------------
311004122334454021535143252420305501
------------
Valid sequence 


NORMALIZED NEURAL MODEL:
-1.000000 -1.000000 -1.000000 -1.000000 -1.000000 -1.000000 
-1.000000 0.000000 0.392857 0.571429 0.773810 1.000000 
-1.000000 -1.000000 0.000000 0.178571 0.380952 0.607143 
-1.000000 -1.000000 -1.000000 0.000000 0.202381 0.428571 
-1.000000 -1.000000 -1.000000 -1.000000 0.000000 0.226190 
-1.000000 -1.000000 -1.000000 -1.000000 -1.000000 0.000000 

NORMALIZED GUIDE FUNCTION:
0 0.0380742 0.0784312 0.120811 0.164941 0.210536 0.257305 0.304946 0.353155 0.401621 0.450035 0.498086 0.545467 0.591875 0.637015 0.680597 0.722344 0.76199 0.799283 0.833986 0.865879 0.894759 0.920444 0.942773 0.961604 0.97682 0.988326 0.996052 0.999951 1 0.996203 0.988587 0.977203 0.962128 0.943461 0.921323 


BIN SEQUENCE:
1 1 1 1 1 1 2 2 2 2 2 2 3 3 3 3 3 3 4 4 4 4 4 5 5 5 6 6 6 6 6 6 5 5 5 4 


SEQUENCE OF PREFERRED BINS:
11  11  11  11  11  11  22  22  22  22  22  22  33  33  33  33  33  33  44  44  44  44  44  55  55  55  66  66  66  66  ...
22  22  22  22  22  22  31  31  31  31  31  31  42  42  42  42  42  42  53  53  53  53  53  64  64  64  55  55  55  55  ...
33  33  33  33  33  33  44  44  44  44  44  44  51  51  51  51  51  51  62  62  62  62  62  33  33  33  44  44  44  44  ...
44  44  44  44  44  44  55  55  55  55  55  55  66  66  66  66  66  66  11  11  11  11  11  22  22  22  33  33  33  33  ...
55  55  55  55  55  55  66  66  66  66  66  66  00  00  00  00  00  00  00  00  00  00  00  11  11  11  22  22  22  22  ...
66  66  66  66  66  66  00  00  00  00  00  00  00  00  00  00  00  00  00  00  00  00  00  00  00  00  11  11  11  11  ...


BIN ALLOCATION OF DISTANCES:
1 5 4 6 4 6 
1 1 4 5 6 6 
4 3 2 3 4 5 
1 1 6 2 3 5 
3 1 5 4 2 3 
2 2 6 5 3 2 


BINS USED:
1 1 1 1 4 1 4 2 3 2 3 2 3 3 3 4 3 6 5 5 2 6 4 6 5 6 4 5 4 6 1 6 2 2 5 0 


TRANSITION SEQUENCE:
-1 0 -1 -1 -1 -1 0.392857 0 0.178571 0 0.202381 0 0.22619 -1 -1 -1 -1 1 -1 0.428571 -1 0.77381 -1 -1 0.607143 -1 0.380952 -1 -1 -1 -1 -1 0 -1 -1 0 


CORRELATION COEFFICIENT:          0.247961
DETECTION POWER:                  0.511779

