
Cycle found:
------------
511221320523043410145003533155440242
------------
Valid sequence 


NORMALIZED NEURAL MODEL:
-1.000000 -1.000000 -1.000000 -1.000000 -1.000000 -1.000000 
-1.000000 0.000000 0.392857 0.571429 0.773810 1.000000 
-1.000000 -1.000000 0.000000 0.178571 0.380952 0.607143 
-1.000000 -1.000000 -1.000000 0.000000 0.202381 0.428571 
-1.000000 -1.000000 -1.000000 -1.000000 0.000000 0.226190 
-1.000000 -1.000000 -1.000000 -1.000000 -1.000000 0.000000 

NORMALIZED GUIDE FUNCTION:
0 0.0519396 0.105464 0.160233 0.215899 0.272108 0.328498 0.38471 0.440381 0.495153 0.548672 0.60059 0.650572 0.69829 0.743432 0.785702 0.824822 0.860531 0.892593 0.920791 0.944934 0.964858 0.980423 0.991519 0.998062 1 0.997307 0.98999 0.978084 0.961652 0.94079 0.91562 0.886293 0.852985 0.815903 0.775272 


BIN SEQUENCE:
1 1 1 1 1 1 2 2 2 2 2 2 3 3 3 3 4 4 4 5 5 5 6 6 6 6 6 6 5 5 5 4 4 4 3 3 


SEQUENCE OF PREFERRED BINS:
11  11  11  11  11  11  22  22  22  22  22  22  33  33  33  33  44  44  44  55  55  55  66  66  66  66  66  66  55  55  ...
22  22  22  22  22  22  31  31  31  31  31  31  42  42  42  42  53  53  53  64  64  64  55  55  55  55  55  55  64  64  ...
33  33  33  33  33  33  44  44  44  44  44  44  51  51  51  51  62  62  62  33  33  33  44  44  44  44  44  44  33  33  ...
44  44  44  44  44  44  55  55  55  55  55  55  66  66  66  66  11  11  11  22  22  22  33  33  33  33  33  33  22  22  ...
55  55  55  55  55  55  66  66  66  66  66  66  00  00  00  00  00  00  00  11  11  11  22  22  22  22  22  22  11  11  ...
66  66  66  66  66  66  00  00  00  00  00  00  00  00  00  00  00  00  00  00  00  00  11  11  11  11  11  11  00  00  ...


BIN ALLOCATION OF DISTANCES:
6 3 1 3 3 2 
6 1 5 5 6 6 
3 2 1 4 5 6 
3 5 2 4 4 5 
2 2 1 3 4 5 
4 1 2 6 1 4 


BINS USED:
1 1 5 1 2 5 2 3 2 2 4 3 3 3 4 2 6 3 6 5 4 6 3 5 6 4 5 6 4 1 4 2 1 5 1 0 


TRANSITION SEQUENCE:
-1 0 0.392857 0 -1 0.571429 -1 -1 -1 -1 0.178571 -1 -1 -1 0.202381 -1 -1 -1 0.77381 0.22619 -1 -1 -1 0.428571 -1 0 -1 1 0 -1 0 -1 -1 0.380952 -1 0 


CORRELATION COEFFICIENT:          0.115386
DETECTION POWER:                  0.154309

