
Cycle found:
------------
051535014540312432552102344220411330
------------
Valid sequence 


NORMALIZED NEURAL MODEL:
-1.000000 -1.000000 -1.000000 -1.000000 -1.000000 -1.000000 
-1.000000 0.000000 0.392857 0.571429 0.773810 1.000000 
-1.000000 -1.000000 0.000000 0.178571 0.380952 0.607143 
-1.000000 -1.000000 -1.000000 0.000000 0.202381 0.428571 
-1.000000 -1.000000 -1.000000 -1.000000 0.000000 0.226190 
-1.000000 -1.000000 -1.000000 -1.000000 -1.000000 0.000000 

NORMALIZED GUIDE FUNCTION:
1 0.979631 0.956372 0.930373 0.901797 0.870827 0.837661 0.802508 0.765595 0.727156 0.687437 0.646692 0.605182 0.563171 0.520929 0.478727 0.436834 0.39552 0.355049 0.315681 0.277668 0.241255 0.206675 0.174151 0.143893 0.116095 0.0909357 0.0685783 0.049167 0.0328275 0.0196658 0.00976761 0.00319782 0 0.000196121 0.00378644 


BIN SEQUENCE:
6 6 6 6 6 6 5 5 5 5 5 5 4 4 4 4 4 4 3 3 3 3 3 3 2 2 2 2 2 2 1 1 1 1 1 1 


SEQUENCE OF PREFERRED BINS:
66  66  66  66  66  66  55  55  55  55  55  55  44  44  44  44  44  44  33  33  33  33  33  33  22  22  22  22  22  22  ...
55  55  55  55  55  55  64  64  64  64  64  64  53  53  53  53  53  53  42  42  42  42  42  42  31  31  31  31  31  31  ...
44  44  44  44  44  44  33  33  33  33  33  33  62  62  62  62  62  62  51  51  51  51  51  51  44  44  44  44  44  44  ...
33  33  33  33  33  33  22  22  22  22  22  22  11  11  11  11  11  11  66  66  66  66  66  66  55  55  55  55  55  55  ...
22  22  22  22  22  22  11  11  11  11  11  11  00  00  00  00  00  00  00  00  00  00  00  00  66  66  66  66  66  66  ...
11  11  11  11  11  11  00  00  00  00  00  00  00  00  00  00  00  00  00  00  00  00  00  00  00  00  00  00  00  00  ...


BIN ALLOCATION OF DISTANCES:
5 4 3 6 1 6 
1 1 4 5 5 6 
1 2 1 2 4 5 
3 4 3 2 2 5 
6 6 3 3 2 4 
4 6 1 5 3 2 


BINS USED:
6 6 6 5 5 4 4 5 4 3 6 6 4 4 4 3 3 5 2 1 2 1 3 2 2 2 3 1 1 1 6 1 5 2 3 0 


TRANSITION SEQUENCE:
-1 -1 1 -1 0.428571 -1 -1 0.77381 0.22619 -1 -1 -1 -1 0.392857 0.380952 -1 -1 0.607143 0 -1 -1 -1 -1 0.178571 0.202381 0 -1 0 -1 -1 -1 0 0.571429 0 -1 0 


CORRELATION COEFFICIENT:          0.453437
DETECTION POWER:                  0.330348

