
Cycle found:
------------
201415130425054553344352102231124003
------------
Valid sequence 


NORMALIZED NEURAL MODEL:
-1.000000 -1.000000 -1.000000 -1.000000 -1.000000 -1.000000 
-1.000000 0.000000 0.392857 0.571429 0.773810 1.000000 
-1.000000 -1.000000 0.000000 0.178571 0.380952 0.607143 
-1.000000 -1.000000 -1.000000 0.000000 0.202381 0.428571 
-1.000000 -1.000000 -1.000000 -1.000000 0.000000 0.226190 
-1.000000 -1.000000 -1.000000 -1.000000 -1.000000 0.000000 

NORMALIZED GUIDE FUNCTION:
1 0.936238 0.871666 0.806697 0.741747 0.677233 0.613567 0.55116 0.490411 0.431712 0.375441 0.321961 0.271617 0.224734 0.181616 0.142543 0.107769 0.0775215 0.0519973 0.0313647 0.0157606 0.00528943 2.30649e-05 0 0.00522517 0.0156699 0.0312719 0.0519361 0.0775345 0.107908 0.142865 0.182187 0.225626 0.272907 0.32373 0.377772 


BIN SEQUENCE:
6 6 6 6 6 6 5 5 5 5 5 4 4 4 3 3 3 2 2 2 1 1 1 1 1 1 2 2 2 3 3 3 4 4 4 5 


SEQUENCE OF PREFERRED BINS:
66  66  66  66  66  66  55  55  55  55  55  44  44  44  33  33  33  22  22  22  11  11  11  11  11  11  22  22  22  33  ...
55  55  55  55  55  55  64  64  64  64  64  53  53  53  42  42  42  31  31  31  22  22  22  22  22  22  31  31  31  42  ...
44  44  44  44  44  44  33  33  33  33  33  62  62  62  51  51  51  44  44  44  33  33  33  33  33  33  44  44  44  51  ...
33  33  33  33  33  33  22  22  22  22  22  11  11  11  66  66  66  55  55  55  44  44  44  44  44  44  55  55  55  66  ...
22  22  22  22  22  22  11  11  11  11  11  00  00  00  00  00  00  66  66  66  55  55  55  55  55  55  66  66  66  00  ...
11  11  11  11  11  11  00  00  00  00  00  00  00  00  00  00  00  00  00  00  66  66  66  66  66  66  00  00  00  00  ...


BIN ALLOCATION OF DISTANCES:
3 6 1 6 4 3 
1 1 4 4 5 5 
5 1 2 3 3 5 
6 6 1 2 3 4 
2 4 4 1 2 3 
5 6 6 2 5 2 


BINS USED:
5 6 5 4 5 6 4 6 4 4 5 5 3 5 3 2 2 2 3 2 1 4 6 1 1 1 2 3 6 1 4 3 2 3 6 0 


TRANSITION SEQUENCE:
-1 -1 0.77381 -1 1 -1 0.571429 -1 -1 -1 0.607143 -1 -1 -1 0.22619 0 -1 0 0.202381 0 -1 0.428571 -1 -1 -1 -1 0 0.178571 -1 0 0.392857 0.380952 -1 -1 -1 0 


CORRELATION COEFFICIENT:          0.465651
DETECTION POWER:                  0.498697

