
Cycle found:
------------
110544521322030040242514315534123350
------------
Valid sequence 


NORMALIZED NEURAL MODEL:
-1.000000 -1.000000 -1.000000 -1.000000 -1.000000 -1.000000 
-1.000000 0.000000 0.392857 0.571429 0.773810 1.000000 
-1.000000 -1.000000 0.000000 0.178571 0.380952 0.607143 
-1.000000 -1.000000 -1.000000 0.000000 0.202381 0.428571 
-1.000000 -1.000000 -1.000000 -1.000000 0.000000 0.226190 
-1.000000 -1.000000 -1.000000 -1.000000 -1.000000 0.000000 

NORMALIZED GUIDE FUNCTION:
0 0.0535071 0.108492 0.164603 0.221481 0.278763 0.336081 0.393068 0.449359 0.504594 0.558417 0.610484 0.66046 0.708024 0.752871 0.794711 0.833277 0.868319 0.89961 0.926951 0.950162 0.969095 0.983626 0.993659 0.99913 1 0.996263 0.98794 0.975082 0.957771 0.936116 0.910252 0.880345 0.846583 0.809183 0.768381 


BIN SEQUENCE:
1 1 1 1 1 1 2 2 2 2 2 2 3 3 3 3 4 4 4 5 5 5 6 6 6 6 6 6 5 5 5 4 4 4 3 3 


SEQUENCE OF PREFERRED BINS:
11  11  11  11  11  11  22  22  22  22  22  22  33  33  33  33  44  44  44  55  55  55  66  66  66  66  66  66  55  55  ...
22  22  22  22  22  22  31  31  31  31  31  31  42  42  42  42  53  53  53  64  64  64  55  55  55  55  55  55  64  64  ...
33  33  33  33  33  33  44  44  44  44  44  44  51  51  51  51  62  62  62  33  33  33  44  44  44  44  44  44  33  33  ...
44  44  44  44  44  44  55  55  55  55  55  55  66  66  66  66  11  11  11  22  22  22  33  33  33  33  33  33  22  22  ...
55  55  55  55  55  55  66  66  66  66  66  66  00  00  00  00  00  00  00  11  11  11  22  22  22  22  22  22  11  11  ...
66  66  66  66  66  66  00  00  00  00  00  00  00  00  00  00  00  00  00  00  00  00  11  11  11  11  11  11  00  00  ...


BIN ALLOCATION OF DISTANCES:
3 3 6 3 6 2 
3 1 5 5 6 6 
1 1 1 4 4 5 
3 6 2 2 4 5 
4 5 5 6 2 4 
2 4 2 1 1 3 


BINS USED:
1 3 2 1 2 4 2 1 5 2 1 1 3 3 3 6 4 6 4 5 5 4 6 6 6 6 3 1 4 5 5 4 2 5 2 0 


TRANSITION SEQUENCE:
0 -1 -1 -1 0 0.22619 -1 -1 0.571429 -1 0 -1 -1 -1 -1 -1 -1 -1 0.380952 -1 0.607143 -1 0.77381 -1 -1 1 0 -1 0.202381 -1 0.392857 0.178571 0 0.428571 -1 0 


CORRELATION COEFFICIENT:          0.276242
DETECTION POWER:                  0.321212

