
Cycle found:
------------
135015143032102423455220544004112533
------------
Valid sequence 


NORMALIZED NEURAL MODEL:
-1.000000 -1.000000 -1.000000 -1.000000 -1.000000 -1.000000 
-1.000000 0.000000 0.392857 0.571429 0.773810 1.000000 
-1.000000 -1.000000 0.000000 0.178571 0.380952 0.607143 
-1.000000 -1.000000 -1.000000 0.000000 0.202381 0.428571 
-1.000000 -1.000000 -1.000000 -1.000000 0.000000 0.226190 
-1.000000 -1.000000 -1.000000 -1.000000 -1.000000 0.000000 

NORMALIZED GUIDE FUNCTION:
1 0.937807 0.874735 0.811192 0.747587 0.684325 0.621813 0.560447 0.500617 0.442702 0.387065 0.334056 0.284007 0.237227 0.194007 0.154611 0.11928 0.0882258 0.0616343 0.0396612 0.022432 0.0100417 0.0025537 0 0.00238073 0.00966443 0.0217883 0.0386587 0.0601519 0.086115 0.116367 0.150699 0.188879 0.230649 0.275729 0.323819 


BIN SEQUENCE:
6 6 6 6 6 6 5 5 5 5 5 5 4 4 4 3 3 3 2 2 2 1 1 1 1 1 1 2 2 2 3 3 3 4 4 4 


SEQUENCE OF PREFERRED BINS:
66  66  66  66  66  66  55  55  55  55  55  55  44  44  44  33  33  33  22  22  22  11  11  11  11  11  11  22  22  22  ...
55  55  55  55  55  55  64  64  64  64  64  64  53  53  53  42  42  42  31  31  31  22  22  22  22  22  22  31  31  31  ...
44  44  44  44  44  44  33  33  33  33  33  33  62  62  62  51  51  51  44  44  44  33  33  33  33  33  33  44  44  44  ...
33  33  33  33  33  33  22  22  22  22  22  22  11  11  11  66  66  66  55  55  55  44  44  44  44  44  44  55  55  55  ...
22  22  22  22  22  22  11  11  11  11  11  11  00  00  00  00  00  00  66  66  66  55  55  55  55  55  55  66  66  66  ...
11  11  11  11  11  11  00  00  00  00  00  00  00  00  00  00  00  00  00  00  00  66  66  66  66  66  66  00  00  00  ...


BIN ALLOCATION OF DISTANCES:
4 6 4 5 5 1 
3 1 3 6 6 6 
6 5 1 2 3 6 
4 3 2 1 2 5 
3 4 3 4 1 2 
5 5 2 4 1 2 


BINS USED:
6 5 5 6 6 5 6 4 4 5 2 5 3 4 3 3 2 2 2 2 2 1 6 1 1 1 3 4 5 4 1 3 6 4 1 0 


TRANSITION SEQUENCE:
0.571429 0.428571 -1 -1 1 -1 0.77381 -1 -1 -1 -1 -1 -1 -1 0.380952 -1 0.178571 0.202381 0.22619 0 -1 0 -1 -1 -1 0 -1 -1 -1 -1 0 0.392857 0.607143 -1 0 0 


CORRELATION COEFFICIENT:          0.485169
DETECTION POWER:                  0.389291

