
Cycle found:
------------
345530132102031405254335124411500422
------------
Valid sequence 


NORMALIZED NEURAL MODEL:
-1.000000 -1.000000 -1.000000 -1.000000 -1.000000 -1.000000 
-1.000000 0.000000 0.392857 0.571429 0.773810 1.000000 
-1.000000 -1.000000 0.000000 0.178571 0.380952 0.607143 
-1.000000 -1.000000 -1.000000 0.000000 0.202381 0.428571 
-1.000000 -1.000000 -1.000000 -1.000000 0.000000 0.226190 
-1.000000 -1.000000 -1.000000 -1.000000 -1.000000 0.000000 

NORMALIZED GUIDE FUNCTION:
0.476259 0.540841 0.602549 0.660987 0.71578 0.766577 0.813051 0.854904 0.891867 0.923702 0.950204 0.971202 0.986561 0.996181 1 0.997992 0.990168 0.976578 0.957307 0.932479 0.90225 0.866813 0.826395 0.781253 0.731676 0.67798 0.620508 0.559628 0.495728 0.429219 0.360525 0.290085 0.218351 0.145782 0.0728429 0 


BIN SEQUENCE:
2 2 2 3 3 3 4 4 4 5 5 5 6 6 6 6 6 6 5 5 5 4 4 4 3 3 3 2 2 2 1 1 1 1 1 1 


SEQUENCE OF PREFERRED BINS:
22  22  22  33  33  33  44  44  44  55  55  55  66  66  66  66  66  66  55  55  55  44  44  44  33  33  33  22  22  22  ...
31  31  31  42  42  42  53  53  53  64  64  64  55  55  55  55  55  55  64  64  64  53  53  53  42  42  42  31  31  31  ...
44  44  44  51  51  51  62  62  62  33  33  33  44  44  44  44  44  44  33  33  33  62  62  62  51  51  51  44  44  44  ...
55  55  55  66  66  66  11  11  11  22  22  22  33  33  33  33  33  33  22  22  22  11  11  11  66  66  66  55  55  55  ...
66  66  66  00  00  00  00  00  00  11  11  11  22  22  22  22  22  22  11  11  11  00  00  00  00  00  00  66  66  66  ...
00  00  00  00  00  00  00  00  00  00  00  00  11  11  11  11  11  11  00  00  00  00  00  00  00  00  00  00  00  00  ...


BIN ALLOCATION OF DISTANCES:
2 4 5 6 1 6 
5 1 3 5 6 6 
5 4 1 2 3 5 
4 6 4 1 2 5 
4 1 3 4 2 2 
1 3 6 3 3 2 


BINS USED:
2 2 2 3 4 4 5 4 4 5 5 5 6 6 6 4 6 6 5 3 4 1 5 3 3 3 2 1 1 6 1 2 1 3 1 0 


TRANSITION SEQUENCE:
0.202381 0.22619 0 -1 -1 -1 0.571429 -1 -1 -1 -1 -1 -1 -1 0.77381 -1 -1 -1 0.607143 -1 -1 0 0.428571 -1 0.392857 0.380952 0 -1 0 1 -1 -1 -1 -1 0 0 


CORRELATION COEFFICIENT:          0.281815
DETECTION POWER:                  0.281973

