
Cycle found:
------------
221104003023343201242514505544135315
------------
Valid sequence 


NORMALIZED NEURAL MODEL:
-1.000000 -1.000000 -1.000000 -1.000000 -1.000000 -1.000000 
-1.000000 0.000000 0.392857 0.571429 0.773810 1.000000 
-1.000000 -1.000000 0.000000 0.178571 0.380952 0.607143 
-1.000000 -1.000000 -1.000000 0.000000 0.202381 0.428571 
-1.000000 -1.000000 -1.000000 -1.000000 0.000000 0.226190 
-1.000000 -1.000000 -1.000000 -1.000000 -1.000000 0.000000 

NORMALIZED GUIDE FUNCTION:
0 0.0573177 0.115861 0.175252 0.235112 0.295055 0.354698 0.413659 0.471562 0.528037 0.582726 0.63528 0.685365 0.732665 0.77688 0.817732 0.854963 0.88834 0.917655 0.942725 0.963396 0.979541 0.991064 0.997896 1 0.99737 0.990028 0.978029 0.961455 0.940418 0.91506 0.885549 0.852079 0.814871 0.774167 0.730233 


BIN SEQUENCE:
1 1 1 1 1 1 2 2 2 2 2 2 3 3 3 4 4 4 5 5 5 6 6 6 6 6 6 5 5 5 4 4 4 3 3 3 


SEQUENCE OF PREFERRED BINS:
11  11  11  11  11  11  22  22  22  22  22  22  33  33  33  44  44  44  55  55  55  66  66  66  66  66  66  55  55  55  ...
22  22  22  22  22  22  31  31  31  31  31  31  42  42  42  53  53  53  64  64  64  55  55  55  55  55  55  64  64  64  ...
33  33  33  33  33  33  44  44  44  44  44  44  51  51  51  62  62  62  33  33  33  44  44  44  44  44  44  33  33  33  ...
44  44  44  44  44  44  55  55  55  55  55  55  66  66  66  11  11  11  22  22  22  33  33  33  33  33  33  22  22  22  ...
55  55  55  55  55  55  66  66  66  66  66  66  00  00  00  00  00  00  11  11  11  22  22  22  22  22  22  11  11  11  ...
66  66  66  66  66  66  00  00  00  00  00  00  00  00  00  00  00  00  00  00  00  11  11  11  11  11  11  00  00  00  ...


BIN ALLOCATION OF DISTANCES:
4 6 4 4 3 6 
1 1 5 5 6 6 
5 3 2 3 5 5 
2 1 4 2 3 5 
1 1 6 3 2 4 
4 6 2 1 2 3 


BINS USED:
2 3 1 1 3 1 4 4 2 4 3 2 3 3 4 5 6 5 5 6 5 6 6 4 4 6 3 2 2 1 5 5 1 1 6 0 


TRANSITION SEQUENCE:
0 -1 0 -1 -1 -1 -1 -1 -1 -1 0.178571 0 0.202381 -1 -1 -1 -1 0.392857 0.380952 -1 0.607143 -1 0.77381 0.22619 -1 -1 0 -1 0 -1 0.571429 0.428571 -1 -1 1 0 


CORRELATION COEFFICIENT:          0.277507
DETECTION POWER:                  0.337553

