
Cycle found:
------------
302403254350010512142045344115522331
------------
Valid sequence 


NORMALIZED NEURAL MODEL:
-1.000000 -1.000000 -1.000000 -1.000000 -1.000000 -1.000000 
-1.000000 0.000000 0.392857 0.571429 0.773810 1.000000 
-1.000000 -1.000000 0.000000 0.178571 0.380952 0.607143 
-1.000000 -1.000000 -1.000000 0.000000 0.202381 0.428571 
-1.000000 -1.000000 -1.000000 -1.000000 0.000000 0.226190 
-1.000000 -1.000000 -1.000000 -1.000000 -1.000000 0.000000 

NORMALIZED GUIDE FUNCTION:
0.797721 0.835014 0.868999 0.899455 0.92618 0.948995 0.967749 0.982312 0.992586 0.998497 1 0.997077 0.98974 0.978028 0.962008 0.941777 0.917458 0.889198 0.857172 0.821581 0.782645 0.740609 0.695737 0.648312 0.598635 0.547019 0.493793 0.439295 0.383872 0.327879 0.271674 0.215616 0.160065 0.105379 0.0519086 0 


BIN SEQUENCE:
3 4 4 4 5 5 5 6 6 6 6 6 6 5 5 5 4 4 4 3 3 3 3 3 2 2 2 2 2 2 1 1 1 1 1 1 


SEQUENCE OF PREFERRED BINS:
33  44  44  44  55  55  55  66  66  66  66  66  66  55  55  55  44  44  44  33  33  33  33  33  22  22  22  22  22  22  ...
42  53  53  53  64  64  64  55  55  55  55  55  55  64  64  64  53  53  53  42  42  42  42  42  31  31  31  31  31  31  ...
51  62  62  62  33  33  33  44  44  44  44  44  44  33  33  33  62  62  62  51  51  51  51  51  44  44  44  44  44  44  ...
66  11  11  11  22  22  22  33  33  33  33  33  33  22  22  22  11  11  11  66  66  66  66  66  55  55  55  55  55  55  ...
00  00  00  00  11  11  11  22  22  22  22  22  22  11  11  11  00  00  00  00  00  00  00  00  66  66  66  66  66  66  ...
00  00  00  00  00  00  00  11  11  11  11  11  11  00  00  00  00  00  00  00  00  00  00  00  00  00  00  00  00  00  ...


BIN ALLOCATION OF DISTANCES:
6 3 3 5 1 2 
5 1 4 4 6 6 
2 5 1 2 4 5 
3 3 6 1 2 4 
4 5 3 6 1 2 
5 4 2 3 6 1 


BINS USED:
3 3 4 4 5 6 5 6 6 4 5 6 3 5 2 4 4 5 6 3 2 1 2 3 2 1 5 1 6 1 2 1 2 1 3 0 


TRANSITION SEQUENCE:
-1 -1 0.380952 -1 -1 -1 0.607143 -1 -1 0.428571 -1 -1 -1 -1 -1 -1 0.392857 -1 0.77381 -1 -1 -1 0.22619 -1 0.202381 0 -1 0 1 0 -1 0 0.178571 0 -1 0 


CORRELATION COEFFICIENT:          0.362746
DETECTION POWER:                  0.305335

