
Cycle found:
------------
005223112441325014535515420340433021
------------
Valid sequence 


NORMALIZED NEURAL MODEL:
-1.000000 -1.000000 -1.000000 -1.000000 -1.000000 -1.000000 
-1.000000 0.000000 0.392857 0.571429 0.773810 1.000000 
-1.000000 -1.000000 0.000000 0.178571 0.380952 0.607143 
-1.000000 -1.000000 -1.000000 0.000000 0.202381 0.428571 
-1.000000 -1.000000 -1.000000 -1.000000 0.000000 0.226190 
-1.000000 -1.000000 -1.000000 -1.000000 -1.000000 0.000000 

NORMALIZED GUIDE FUNCTION:
0.0429781 0.0272565 0.0150312 0.00638039 0.0013593 0 0.00231109 0.00827765 0.0178614 0.0310007 0.0476115 0.0675871 0.0907997 0.1171 0.14632 0.178273 0.212753 0.24954 0.288397 0.329077 0.371318 0.41485 0.459395 0.504665 0.550373 0.596225 0.641927 0.687187 0.731714 0.775225 0.817439 0.858088 0.89691 0.933657 0.968094 1 


BIN SEQUENCE:
2 2 1 1 1 1 1 1 2 2 2 2 3 3 3 3 3 3 4 4 4 4 4 4 5 5 5 5 5 5 6 6 6 6 6 6 


SEQUENCE OF PREFERRED BINS:
22  22  11  11  11  11  11  11  22  22  22  22  33  33  33  33  33  33  44  44  44  44  44  44  55  55  55  55  55  55  ...
31  31  22  22  22  22  22  22  31  31  31  31  42  42  42  42  42  42  53  53  53  53  53  53  64  64  64  64  64  64  ...
44  44  33  33  33  33  33  33  44  44  44  44  51  51  51  51  51  51  62  62  62  62  62  62  33  33  33  33  33  33  ...
55  55  44  44  44  44  44  44  55  55  55  55  66  66  66  66  66  66  11  11  11  11  11  11  22  22  22  22  22  22  ...
66  66  55  55  55  55  55  55  66  66  66  66  00  00  00  00  00  00  00  00  00  00  00  00  11  11  11  11  11  11  ...
00  00  66  66  66  66  66  66  00  00  00  00  00  00  00  00  00  00  00  00  00  00  00  00  00  00  00  00  00  00  ...


BIN ALLOCATION OF DISTANCES:
2 3 4 5 4 2 
5 1 4 5 6 6 
5 6 2 3 4 5 
1 1 3 2 3 4 
6 1 5 1 2 4 
3 6 1 3 6 2 


BINS USED:
2 2 1 2 3 1 1 4 4 2 1 5 3 5 3 3 6 4 3 4 2 6 6 6 5 5 5 3 6 4 1 2 1 4 6 0 


TRANSITION SEQUENCE:
-1 -1 -1 0 0.178571 -1 0 0.392857 0.380952 0 -1 0.571429 -1 0.607143 -1 -1 0.77381 0.22619 -1 0.428571 0 -1 1 -1 -1 -1 -1 0.202381 -1 -1 -1 0 -1 -1 -1 0 


CORRELATION COEFFICIENT:          -0.0951321
DETECTION POWER:                  0.288869

