
Cycle found:
------------
110440012243345542314132021525053035
------------
Valid sequence 


NORMALIZED NEURAL MODEL:
-1.000000 -1.000000 -1.000000 -1.000000 -1.000000 -1.000000 
-1.000000 0.000000 0.392857 0.571429 0.773810 1.000000 
-1.000000 -1.000000 0.000000 0.178571 0.380952 0.607143 
-1.000000 -1.000000 -1.000000 0.000000 0.202381 0.428571 
-1.000000 -1.000000 -1.000000 -1.000000 0.000000 0.226190 
-1.000000 -1.000000 -1.000000 -1.000000 -1.000000 0.000000 

NORMALIZED GUIDE FUNCTION:
0 0.0323626 0.0672417 0.104412 0.143636 0.184659 0.227219 0.271041 0.315845 0.361344 0.407245 0.453254 0.499077 0.54442 0.588994 0.632513 0.674699 0.715284 0.754007 0.790623 0.824898 0.856614 0.88557 0.911581 0.934483 0.954131 0.970401 0.983192 0.992423 0.998037 1 0.998302 0.992957 0.984 0.971491 0.955513 


BIN SEQUENCE:
1 1 1 1 1 1 2 2 2 2 2 2 3 3 3 3 3 3 4 4 4 4 4 4 5 5 5 5 6 6 6 6 6 6 5 5 


SEQUENCE OF PREFERRED BINS:
11  11  11  11  11  11  22  22  22  22  22  22  33  33  33  33  33  33  44  44  44  44  44  44  55  55  55  55  66  66  ...
22  22  22  22  22  22  31  31  31  31  31  31  42  42  42  42  42  42  53  53  53  53  53  53  64  64  64  64  55  55  ...
33  33  33  33  33  33  44  44  44  44  44  44  51  51  51  51  51  51  62  62  62  62  62  62  33  33  33  33  44  44  ...
44  44  44  44  44  44  55  55  55  55  55  55  66  66  66  66  66  66  11  11  11  11  11  11  22  22  22  22  33  33  ...
55  55  55  55  55  55  66  66  66  66  66  66  00  00  00  00  00  00  00  00  00  00  00  00  11  11  11  11  22  22  ...
66  66  66  66  66  66  00  00  00  00  00  00  00  00  00  00  00  00  00  00  00  00  00  00  00  00  00  00  11  11  ...


BIN ALLOCATION OF DISTANCES:
1 2 5 3 1 4 
1 1 4 6 6 6 
4 4 2 3 3 6 
1 4 5 2 3 5 
2 6 6 2 2 3 
5 4 5 1 5 3 


BINS USED:
1 1 1 2 2 1 2 4 2 3 2 2 3 3 3 5 6 3 4 6 6 6 5 4 5 4 6 5 6 5 4 1 1 3 5 0 


TRANSITION SEQUENCE:
0 -1 -1 0 -1 -1 -1 0.392857 0 0.380952 -1 0 0.202381 0.22619 0 -1 -1 0.178571 -1 0.77381 -1 0.571429 -1 -1 -1 -1 1 -1 0.607143 -1 -1 -1 -1 -1 0.428571 0 


CORRELATION COEFFICIENT:          0.361971
DETECTION POWER:                  0.427131

