
Cycle found:
------------
105404252450343201230022114413153355
------------
Valid sequence 


NORMALIZED NEURAL MODEL:
-1.000000 -1.000000 -1.000000 -1.000000 -1.000000 -1.000000 
-1.000000 0.000000 0.392857 0.571429 0.773810 1.000000 
-1.000000 -1.000000 0.000000 0.178571 0.380952 0.607143 
-1.000000 -1.000000 -1.000000 0.000000 0.202381 0.428571 
-1.000000 -1.000000 -1.000000 -1.000000 0.000000 0.226190 
-1.000000 -1.000000 -1.000000 -1.000000 -1.000000 0.000000 

NORMALIZED GUIDE FUNCTION:
1 0.979295 0.955703 0.929376 0.900482 0.869207 0.835751 0.800329 0.763168 0.724505 0.684588 0.643673 0.602022 0.559902 0.517583 0.475336 0.43343 0.392135 0.351716 0.31243 0.274529 0.238256 0.203843 0.171511 0.141466 0.113901 0.0889914 0.0668973 0.0477597 0.0317011 0.0188241 0.0092109 0.00292285 0 0.000460821 0.00430212 


BIN SEQUENCE:
6 6 6 6 6 6 5 5 5 5 5 5 4 4 4 4 4 4 3 3 3 3 3 3 2 2 2 2 2 2 1 1 1 1 1 1 


SEQUENCE OF PREFERRED BINS:
66  66  66  66  66  66  55  55  55  55  55  55  44  44  44  44  44  44  33  33  33  33  33  33  22  22  22  22  22  22  ...
55  55  55  55  55  55  64  64  64  64  64  64  53  53  53  53  53  53  42  42  42  42  42  42  31  31  31  31  31  31  ...
44  44  44  44  44  44  33  33  33  33  33  33  62  62  62  62  62  62  51  51  51  51  51  51  44  44  44  44  44  44  ...
33  33  33  33  33  33  22  22  22  22  22  22  11  11  11  11  11  11  66  66  66  66  66  66  55  55  55  55  55  55  ...
22  22  22  22  22  22  11  11  11  11  11  11  00  00  00  00  00  00  00  00  00  00  00  00  66  66  66  66  66  66  ...
11  11  11  11  11  11  00  00  00  00  00  00  00  00  00  00  00  00  00  00  00  00  00  00  00  00  00  00  00  00  ...


BIN ALLOCATION OF DISTANCES:
2 2 1 3 5 6 
6 1 4 5 5 6 
3 6 1 2 4 5 
3 1 3 1 4 5 
6 2 4 3 1 4 
3 6 4 2 5 2 


BINS USED:
6 6 5 6 5 4 5 4 4 4 3 3 4 3 3 3 2 4 2 3 2 1 1 6 1 5 1 2 5 1 6 2 1 5 2 0 


TRANSITION SEQUENCE:
-1 -1 -1 -1 -1 -1 0.607143 -1 0.380952 0.22619 -1 -1 0.202381 -1 -1 -1 -1 0.392857 0.178571 -1 -1 -1 0 -1 0 0.77381 0 -1 0.571429 -1 1 -1 0 0.428571 0 0 


CORRELATION COEFFICIENT:          0.0628195
DETECTION POWER:                  0.268414

