
Cycle found:
------------
032535431341245140552104420011502233
------------
Valid sequence 


NORMALIZED NEURAL MODEL:
-1.000000 -1.000000 -1.000000 -1.000000 -1.000000 -1.000000 
-1.000000 0.000000 0.392857 0.571429 0.773810 1.000000 
-1.000000 -1.000000 0.000000 0.178571 0.380952 0.607143 
-1.000000 -1.000000 -1.000000 0.000000 0.202381 0.428571 
-1.000000 -1.000000 -1.000000 -1.000000 0.000000 0.226190 
-1.000000 -1.000000 -1.000000 -1.000000 -1.000000 0.000000 

NORMALIZED GUIDE FUNCTION:
1 0.965441 0.92844 0.889241 0.8481 0.805287 0.76108 0.715767 0.669639 0.622996 0.576137 0.529363 0.482972 0.437262 0.392523 0.349038 0.307082 0.266921 0.228805 0.192973 0.159649 0.129039 0.10133 0.0766922 0.0552746 0.037205 0.0225897 0.0115124 0.00403385 0.000191661 0 0.00344961 0.0105079 0.0211193 0.0352056 0.0526666 


BIN SEQUENCE:
6 6 6 6 6 6 5 5 5 5 5 5 4 4 4 4 4 4 3 3 3 3 3 3 2 2 2 1 1 1 1 1 1 2 2 2 


SEQUENCE OF PREFERRED BINS:
66  66  66  66  66  66  55  55  55  55  55  55  44  44  44  44  44  44  33  33  33  33  33  33  22  22  22  11  11  11  ...
55  55  55  55  55  55  64  64  64  64  64  64  53  53  53  53  53  53  42  42  42  42  42  42  31  31  31  22  22  22  ...
44  44  44  44  44  44  33  33  33  33  33  33  62  62  62  62  62  62  51  51  51  51  51  51  44  44  44  33  33  33  ...
33  33  33  33  33  33  22  22  22  22  22  22  11  11  11  11  11  11  66  66  66  66  66  66  55  55  55  44  44  44  ...
22  22  22  22  22  22  11  11  11  11  11  11  00  00  00  00  00  00  00  00  00  00  00  00  66  66  66  55  55  55  ...
11  11  11  11  11  11  00  00  00  00  00  00  00  00  00  00  00  00  00  00  00  00  00  00  00  00  00  66  66  66  ...


BIN ALLOCATION OF DISTANCES:
5 6 3 6 3 4 
2 1 4 5 6 6 
2 2 1 2 4 5 
1 3 6 1 2 5 
3 4 3 4 1 3 
5 4 1 6 5 2 


BINS USED:
6 6 5 6 5 5 4 3 5 2 4 4 4 3 4 6 3 4 2 1 2 2 3 1 3 2 5 6 1 6 5 3 1 2 1 0 


TRANSITION SEQUENCE:
-1 -1 0.607143 -1 0.428571 -1 -1 -1 0.571429 0.202381 -1 0.392857 0.380952 0.22619 -1 0.77381 -1 -1 0 -1 -1 -1 -1 0 -1 -1 -1 -1 0 1 -1 -1 0 0.178571 0 0 


CORRELATION COEFFICIENT:          0.254879
DETECTION POWER:                  0.275376

