
Cycle found:
------------
221004455052341243253020135140331154
------------
Valid sequence 


NORMALIZED NEURAL MODEL:
-1.000000 -1.000000 -1.000000 -1.000000 -1.000000 -1.000000 
-1.000000 0.000000 0.392857 0.571429 0.773810 1.000000 
-1.000000 -1.000000 0.000000 0.178571 0.380952 0.607143 
-1.000000 -1.000000 -1.000000 0.000000 0.202381 0.428571 
-1.000000 -1.000000 -1.000000 -1.000000 0.000000 0.226190 
-1.000000 -1.000000 -1.000000 -1.000000 -1.000000 0.000000 

NORMALIZED GUIDE FUNCTION:
0 0.0390285 0.0803155 0.123583 0.168542 0.214893 0.262332 0.310546 0.359223 0.408047 0.456704 0.504881 0.552274 0.598581 0.643513 0.686789 0.72814 0.767314 0.804071 0.83819 0.869469 0.897723 0.922789 0.944527 0.962816 0.977561 0.988689 0.996151 0.999922 1 0.996409 0.989193 0.978424 0.964192 0.94661 0.925813 


BIN SEQUENCE:
1 1 1 1 1 1 2 2 2 2 2 2 3 3 3 3 3 3 4 4 4 4 4 5 5 5 6 6 6 6 6 6 5 5 5 4 


SEQUENCE OF PREFERRED BINS:
11  11  11  11  11  11  22  22  22  22  22  22  33  33  33  33  33  33  44  44  44  44  44  55  55  55  66  66  66  66  ...
22  22  22  22  22  22  31  31  31  31  31  31  42  42  42  42  42  42  53  53  53  53  53  64  64  64  55  55  55  55  ...
33  33  33  33  33  33  44  44  44  44  44  44  51  51  51  51  51  51  62  62  62  62  62  33  33  33  44  44  44  44  ...
44  44  44  44  44  44  55  55  55  55  55  55  66  66  66  66  66  66  11  11  11  11  11  22  22  22  33  33  33  33  ...
55  55  55  55  55  55  66  66  66  66  66  66  00  00  00  00  00  00  00  00  00  00  00  11  11  11  22  22  22  22  ...
66  66  66  66  66  66  00  00  00  00  00  00  00  00  00  00  00  00  00  00  00  00  00  00  00  00  11  11  11  11  ...


BIN ALLOCATION OF DISTANCES:
1 6 4 6 1 3 
1 2 4 5 6 6 
5 2 2 3 3 5 
4 4 3 2 3 4 
6 5 1 6 2 3 
1 5 1 4 5 2 


BINS USED:
2 2 1 1 1 2 3 2 1 3 1 3 3 5 4 3 6 3 5 4 4 4 5 6 5 4 5 6 6 6 2 4 2 6 5 0 


TRANSITION SEQUENCE:
0 -1 -1 -1 -1 0 0.22619 0 -1 -1 -1 0.178571 0.202381 -1 0.392857 0.380952 -1 -1 0.607143 -1 -1 -1 -1 -1 0.571429 0.428571 -1 0.77381 -1 -1 0 -1 0 1 -1 0 


CORRELATION COEFFICIENT:          0.314438
DETECTION POWER:                  0.259859

