
Cycle found:
------------
023203500141534304524210511331225544
------------
Valid sequence 


NORMALIZED NEURAL MODEL:
-1.000000 -1.000000 -1.000000 -1.000000 -1.000000 -1.000000 
-1.000000 0.000000 0.392857 0.571429 0.773810 1.000000 
-1.000000 -1.000000 0.000000 0.178571 0.380952 0.607143 
-1.000000 -1.000000 -1.000000 0.000000 0.202381 0.428571 
-1.000000 -1.000000 -1.000000 -1.000000 0.000000 0.226190 
-1.000000 -1.000000 -1.000000 -1.000000 -1.000000 0.000000 

NORMALIZED GUIDE FUNCTION:
0.73242 0.774554 0.81383 0.849973 0.882723 0.911844 0.937121 0.95836 0.975395 0.988085 0.996315 1 0.999083 0.993537 0.983365 0.968599 0.949302 0.925567 0.897517 0.865302 0.829103 0.789124 0.7456 0.698787 0.648966 0.596438 0.541524 0.484564 0.425913 0.365938 0.305019 0.243544 0.181906 0.120504 0.0597361 0 


BIN SEQUENCE:
3 3 3 4 4 4 5 5 5 6 6 6 6 6 6 5 5 5 4 4 4 3 3 3 2 2 2 2 2 2 1 1 1 1 1 1 


SEQUENCE OF PREFERRED BINS:
33  33  33  44  44  44  55  55  55  66  66  66  66  66  66  55  55  55  44  44  44  33  33  33  22  22  22  22  22  22  ...
42  42  42  53  53  53  64  64  64  55  55  55  55  55  55  64  64  64  53  53  53  42  42  42  31  31  31  31  31  31  ...
51  51  51  62  62  62  33  33  33  44  44  44  44  44  44  33  33  33  62  62  62  51  51  51  44  44  44  44  44  44  ...
66  66  66  11  11  11  22  22  22  33  33  33  33  33  33  22  22  22  11  11  11  66  66  66  55  55  55  55  55  55  ...
00  00  00  00  00  00  11  11  11  22  22  22  22  22  22  11  11  11  00  00  00  00  00  00  66  66  66  66  66  66  ...
00  00  00  00  00  00  00  00  00  11  11  11  11  11  11  00  00  00  00  00  00  00  00  00  00  00  00  00  00  00  ...


BIN ALLOCATION OF DISTANCES:
6 3 3 5 2 1 
4 1 4 5 6 6 
4 2 1 3 4 6 
2 1 3 1 3 5 
2 6 2 4 1 4 
5 2 5 6 5 3 


BINS USED:
3 3 3 4 5 5 5 6 3 6 6 6 6 3 4 2 2 4 5 4 2 2 4 1 2 1 5 1 1 4 1 6 3 5 1 0 


TRANSITION SEQUENCE:
-1 0.178571 -1 -1 -1 0.428571 -1 -1 -1 0.77381 -1 1 -1 0.202381 -1 -1 -1 0.22619 -1 0.380952 -1 -1 -1 -1 -1 0 0.571429 0 -1 0.392857 0 0.607143 0 -1 0 0 


CORRELATION COEFFICIENT:          0.403096
DETECTION POWER:                  0.393107

