
Cycle found:
------------
312455101133022343500521415403204425
------------
Valid sequence 


NORMALIZED NEURAL MODEL:
-1.000000 -1.000000 -1.000000 -1.000000 -1.000000 -1.000000 
-1.000000 0.000000 0.392857 0.571429 0.773810 1.000000 
-1.000000 -1.000000 0.000000 0.178571 0.380952 0.607143 
-1.000000 -1.000000 -1.000000 0.000000 0.202381 0.428571 
-1.000000 -1.000000 -1.000000 -1.000000 0.000000 0.226190 
-1.000000 -1.000000 -1.000000 -1.000000 -1.000000 0.000000 

NORMALIZED GUIDE FUNCTION:
0.356365 0.303965 0.254855 0.209346 0.167724 0.130249 0.0971566 0.0686511 0.0449089 0.0260754 0.012264 0.00355601 0 0.00161136 0.00837239 0.0202325 0.0371084 0.0588849 0.0854156 0.116524 0.152004 0.191622 0.235119 0.282211 0.332592 0.385932 0.441888 0.500097 0.560184 0.621759 0.684429 0.747789 0.811433 0.874953 0.937943 1 


BIN SEQUENCE:
5 4 4 4 3 3 3 2 2 2 1 1 1 1 1 1 2 2 2 3 3 3 4 4 4 5 5 5 5 5 6 6 6 6 6 6 


SEQUENCE OF PREFERRED BINS:
55  44  44  44  33  33  33  22  22  22  11  11  11  11  11  11  22  22  22  33  33  33  44  44  44  55  55  55  55  55  ...
64  53  53  53  42  42  42  31  31  31  22  22  22  22  22  22  31  31  31  42  42  42  53  53  53  64  64  64  64  64  ...
33  62  62  62  51  51  51  44  44  44  33  33  33  33  33  33  44  44  44  51  51  51  62  62  62  33  33  33  33  33  ...
22  11  11  11  66  66  66  55  55  55  44  44  44  44  44  44  55  55  55  66  66  66  11  11  11  22  22  22  22  22  ...
11  00  00  00  00  00  00  66  66  66  55  55  55  55  55  55  66  66  66  00  00  00  00  00  00  11  11  11  11  11  ...
00  00  00  00  00  00  00  00  00  00  66  66  66  66  66  66  00  00  00  00  00  00  00  00  00  00  00  00  00  00  ...


BIN ALLOCATION OF DISTANCES:
2 2 1 4 1 4 
3 1 4 5 5 6 
3 5 1 3 4 5 
2 5 6 1 3 4 
6 3 3 2 1 4 
6 5 6 2 6 2 


BINS USED:
5 4 4 4 2 5 3 2 1 5 1 2 1 1 3 3 2 4 6 2 4 6 5 5 3 6 6 6 4 6 3 1 1 3 5 0 


TRANSITION SEQUENCE:
-1 0.392857 0.380952 0.22619 0 -1 -1 -1 0 0.571429 0 -1 -1 0 0.178571 0.202381 -1 0.428571 -1 -1 -1 -1 -1 0.77381 -1 1 -1 -1 -1 -1 -1 -1 0 -1 0.607143 0 


CORRELATION COEFFICIENT:          0.0632949
DETECTION POWER:                  0.356801

