
Cycle found:
------------
511022330343132040125242145005441535
------------
Valid sequence 


NORMALIZED NEURAL MODEL:
-1.000000 -1.000000 -1.000000 -1.000000 -1.000000 -1.000000 
-1.000000 0.000000 0.392857 0.571429 0.773810 1.000000 
-1.000000 -1.000000 0.000000 0.178571 0.380952 0.607143 
-1.000000 -1.000000 -1.000000 0.000000 0.202381 0.428571 
-1.000000 -1.000000 -1.000000 -1.000000 0.000000 0.226190 
-1.000000 -1.000000 -1.000000 -1.000000 -1.000000 0.000000 

NORMALIZED GUIDE FUNCTION:
0 0.0717638 0.143707 0.21537 0.286293 0.356022 0.424113 0.490128 0.553648 0.614265 0.671594 0.725269 0.774948 0.820316 0.861082 0.89699 0.927811 0.95335 0.973446 0.987974 0.996844 1 0.997426 0.989141 0.975201 0.955698 0.93076 0.900548 0.86526 0.825123 0.780397 0.731371 0.67836 0.621706 0.561774 0.498949 


BIN SEQUENCE:
1 1 1 1 1 1 2 2 2 2 3 3 3 4 4 4 5 5 5 6 6 6 6 6 6 5 5 5 4 4 4 3 3 3 2 2 


SEQUENCE OF PREFERRED BINS:
11  11  11  11  11  11  22  22  22  22  33  33  33  44  44  44  55  55  55  66  66  66  66  66  66  55  55  55  44  44  ...
22  22  22  22  22  22  31  31  31  31  42  42  42  53  53  53  64  64  64  55  55  55  55  55  55  64  64  64  53  53  ...
33  33  33  33  33  33  44  44  44  44  51  51  51  62  62  62  33  33  33  44  44  44  44  44  44  33  33  33  62  62  ...
44  44  44  44  44  44  55  55  55  55  66  66  66  11  11  11  22  22  22  33  33  33  33  33  33  22  22  22  11  11  ...
55  55  55  55  55  55  66  66  66  66  00  00  00  00  00  00  11  11  11  22  22  22  22  22  22  11  11  11  00  00  ...
66  66  66  66  66  66  00  00  00  00  00  00  00  00  00  00  00  00  00  11  11  11  11  11  11  00  00  00  00  00  ...


BIN ALLOCATION OF DISTANCES:
6 5 1 3 5 6 
1 1 5 5 6 6 
4 2 1 2 4 6 
2 4 4 2 3 5 
5 1 6 3 2 3 
4 1 4 3 3 2 


BINS USED:
1 1 1 1 1 2 2 2 3 3 3 4 5 4 4 5 5 5 5 6 4 4 6 2 6 3 4 6 6 3 2 1 6 3 5 0 


TRANSITION SEQUENCE:
-1 0 -1 -1 0 0.178571 0 -1 -1 0.202381 -1 -1 0.571429 -1 -1 -1 -1 -1 0.392857 0.607143 -1 0.380952 -1 -1 0.77381 0.22619 -1 -1 -1 -1 0 -1 1 -1 0.428571 0 


CORRELATION COEFFICIENT:          0.361199
DETECTION POWER:                  0.322642

