
Cycle found:
------------
154252400550441220134530351021432331
------------
Valid sequence 


NORMALIZED NEURAL MODEL:
-1.000000 -1.000000 -1.000000 -1.000000 -1.000000 -1.000000 
-1.000000 0.000000 0.392857 0.571429 0.773810 1.000000 
-1.000000 -1.000000 0.000000 0.178571 0.380952 0.607143 
-1.000000 -1.000000 -1.000000 0.000000 0.202381 0.428571 
-1.000000 -1.000000 -1.000000 -1.000000 0.000000 0.226190 
-1.000000 -1.000000 -1.000000 -1.000000 -1.000000 0.000000 

NORMALIZED GUIDE FUNCTION:
0.728752 0.650263 0.574292 0.501324 0.431826 0.366242 0.304989 0.248459 0.197012 0.150975 0.110641 0.076266 0.0480686 0.0262266 0.0108777 0.00211759 0 0.00453601 0.0156941 0.0334003 0.0575389 0.0879528 0.124445 0.166779 0.214683 0.267846 0.325928 0.388553 0.45532 0.525799 0.599537 0.676061 0.754881 0.83549 0.917371 1 


BIN SEQUENCE:
6 5 5 5 4 4 4 3 3 3 2 2 2 1 1 1 1 1 1 2 2 2 3 3 3 4 4 4 5 5 5 6 6 6 6 6 


SEQUENCE OF PREFERRED BINS:
66  55  55  55  44  44  44  33  33  33  22  22  22  11  11  11  11  11  11  22  22  22  33  33  33  44  44  44  55  55  ...
55  64  64  64  53  53  53  42  42  42  31  31  31  22  22  22  22  22  22  31  31  31  42  42  42  53  53  53  64  64  ...
44  33  33  33  62  62  62  51  51  51  44  44  44  33  33  33  33  33  33  44  44  44  51  51  51  62  62  62  33  33  ...
33  22  22  22  11  11  11  66  66  66  55  55  55  44  44  44  44  44  44  55  55  55  66  66  66  11  11  11  22  22  ...
22  11  11  11  00  00  00  00  00  00  66  66  66  55  55  55  55  55  55  66  66  66  00  00  00  00  00  00  11  11  ...
11  00  00  00  00  00  00  00  00  00  00  00  00  66  66  66  66  66  66  00  00  00  00  00  00  00  00  00  00  00  ...


BIN ALLOCATION OF DISTANCES:
4 1 6 5 1 5 
5 1 3 4 6 6 
1 6 1 2 3 4 
3 5 5 1 2 4 
4 2 5 3 2 3 
2 6 3 6 4 2 


BINS USED:
6 4 5 4 3 3 4 4 5 2 2 1 2 2 3 1 1 1 4 2 3 6 3 5 4 6 5 6 6 6 3 5 2 1 5 0 


TRANSITION SEQUENCE:
1 -1 -1 0.607143 -1 0.380952 -1 -1 -1 0 -1 -1 0 -1 0.392857 0 -1 -1 0.571429 0.202381 0.22619 -1 -1 -1 0.428571 -1 -1 -1 -1 0.77381 -1 -1 0.178571 0 -1 0 


CORRELATION COEFFICIENT:          0.0850369
DETECTION POWER:                  0.259062

