
Cycle found:
------------
143540513424123211004450203152255330
------------
Valid sequence 


NORMALIZED NEURAL MODEL:
-1.000000 -1.000000 -1.000000 -1.000000 -1.000000 -1.000000 
-1.000000 0.000000 0.392857 0.571429 0.773810 1.000000 
-1.000000 -1.000000 0.000000 0.178571 0.380952 0.607143 
-1.000000 -1.000000 -1.000000 0.000000 0.202381 0.428571 
-1.000000 -1.000000 -1.000000 -1.000000 0.000000 0.226190 
-1.000000 -1.000000 -1.000000 -1.000000 -1.000000 0.000000 

NORMALIZED GUIDE FUNCTION:
1 0.931539 0.862608 0.793647 0.7251 0.657407 0.591002 0.526313 0.463758 0.403741 0.346651 0.292857 0.242711 0.196538 0.154642 0.117296 0.0847481 0.0572131 0.0348752 0.0178856 0.006361 0.000383618 0 0.00522094 0.0160213 0.0323402 0.0540811 0.0811127 0.11327 0.150353 0.192133 0.238348 0.288708 0.342897 0.400574 0.461372 


BIN SEQUENCE:
6 6 6 6 6 6 5 5 5 5 4 4 4 3 3 3 2 2 2 1 1 1 1 1 1 2 2 2 3 3 3 4 4 4 5 5 


SEQUENCE OF PREFERRED BINS:
66  66  66  66  66  66  55  55  55  55  44  44  44  33  33  33  22  22  22  11  11  11  11  11  11  22  22  22  33  33  ...
55  55  55  55  55  55  64  64  64  64  53  53  53  42  42  42  31  31  31  22  22  22  22  22  22  31  31  31  42  42  ...
44  44  44  44  44  44  33  33  33  33  62  62  62  51  51  51  44  44  44  33  33  33  33  33  33  44  44  44  51  51  ...
33  33  33  33  33  33  22  22  22  22  11  11  11  66  66  66  55  55  55  44  44  44  44  44  44  55  55  55  66  66  ...
22  22  22  22  22  22  11  11  11  11  00  00  00  00  00  00  66  66  66  55  55  55  55  55  55  66  66  66  00  00  ...
11  11  11  11  11  11  00  00  00  00  00  00  00  00  00  00  00  00  00  66  66  66  66  66  66  00  00  00  00  00  ...


BIN ALLOCATION OF DISTANCES:
1 1 3 5 3 6 
1 1 5 5 6 6 
1 2 2 3 4 6 
4 2 3 2 4 5 
5 4 5 6 2 4 
1 4 3 2 6 3 


BINS USED:
6 6 5 6 5 6 4 5 4 5 4 4 5 3 3 2 1 1 1 3 2 4 1 3 1 5 2 6 3 2 6 3 2 2 4 0 


TRANSITION SEQUENCE:
0.77381 -1 0.428571 -1 -1 -1 -1 0.571429 0.202381 -1 0.380952 -1 0.392857 0.178571 -1 -1 0 -1 -1 -1 0 0.22619 -1 -1 -1 -1 -1 1 -1 0 0.607143 0 -1 0 -1 0 


CORRELATION COEFFICIENT:          0.214886
DETECTION POWER:                  0.246328

