
Cycle found:
------------
110220123303214245004354155253440513
------------
Valid sequence 


NORMALIZED NEURAL MODEL:
-1.000000 -1.000000 -1.000000 -1.000000 -1.000000 -1.000000 
-1.000000 0.000000 0.392857 0.571429 0.773810 1.000000 
-1.000000 -1.000000 0.000000 0.178571 0.380952 0.607143 
-1.000000 -1.000000 -1.000000 0.000000 0.202381 0.428571 
-1.000000 -1.000000 -1.000000 -1.000000 0.000000 0.226190 
-1.000000 -1.000000 -1.000000 -1.000000 -1.000000 0.000000 

NORMALIZED GUIDE FUNCTION:
0 0.0561256 0.113563 0.171946 0.230899 0.290045 0.349005 0.407402 0.464861 0.521015 0.575504 0.627978 0.678103 0.725556 0.770033 0.81125 0.848943 0.88287 0.912813 0.938581 0.960008 0.976958 0.989321 0.997018 1 0.998247 0.991771 0.980613 0.964843 0.944564 0.919905 0.891023 0.858103 0.821357 0.781019 0.737348 


BIN SEQUENCE:
1 1 1 1 1 1 2 2 2 2 2 2 3 3 3 3 4 4 4 5 5 5 6 6 6 6 6 6 5 5 5 4 4 4 3 3 


SEQUENCE OF PREFERRED BINS:
11  11  11  11  11  11  22  22  22  22  22  22  33  33  33  33  44  44  44  55  55  55  66  66  66  66  66  66  55  55  ...
22  22  22  22  22  22  31  31  31  31  31  31  42  42  42  42  53  53  53  64  64  64  55  55  55  55  55  55  64  64  ...
33  33  33  33  33  33  44  44  44  44  44  44  51  51  51  51  62  62  62  33  33  33  44  44  44  44  44  44  33  33  ...
44  44  44  44  44  44  55  55  55  55  55  55  66  66  66  66  11  11  11  22  22  22  33  33  33  33  33  33  22  22  ...
55  55  55  55  55  55  66  66  66  66  66  66  00  00  00  00  00  00  00  11  11  11  22  22  22  22  22  22  11  11  ...
66  66  66  66  66  66  00  00  00  00  00  00  00  00  00  00  00  00  00  00  00  00  11  11  11  11  11  11  00  00  ...


BIN ALLOCATION OF DISTANCES:
5 4 1 4 5 6 
2 1 5 6 6 6 
2 4 1 3 5 6 
1 4 1 2 4 5 
2 6 3 5 2 4 
3 1 3 2 3 3 


BINS USED:
1 2 1 1 2 4 5 3 2 1 4 1 4 6 3 5 4 3 5 5 5 5 3 6 6 3 3 6 2 4 2 2 6 1 6 0 


TRANSITION SEQUENCE:
0 -1 -1 0 -1 -1 0.392857 0.178571 0 -1 -1 -1 -1 0.77381 -1 0.380952 0.22619 -1 -1 -1 -1 0.428571 -1 -1 1 0 -1 0.607143 -1 0.202381 0 -1 -1 -1 0.571429 0 


CORRELATION COEFFICIENT:          0.276703
DETECTION POWER:                  0.236111

