
Cycle found:
------------
331103001235455244042050251532213414
------------
Valid sequence 


NORMALIZED NEURAL MODEL:
-1.000000 -1.000000 -1.000000 -1.000000 -1.000000 -1.000000 
-1.000000 0.000000 0.392857 0.571429 0.773810 1.000000 
-1.000000 -1.000000 0.000000 0.178571 0.380952 0.607143 
-1.000000 -1.000000 -1.000000 0.000000 0.202381 0.428571 
-1.000000 -1.000000 -1.000000 -1.000000 0.000000 0.226190 
-1.000000 -1.000000 -1.000000 -1.000000 -1.000000 0.000000 

NORMALIZED GUIDE FUNCTION:
0 0.0391883 0.0806126 0.124002 0.169073 0.215533 0.263081 0.311409 0.360207 0.40916 0.457955 0.506279 0.553825 0.60029 0.645379 0.688808 0.730302 0.769601 0.80646 0.840648 0.871955 0.900186 0.92517 0.946756 0.964814 0.979238 0.989945 0.996877 1 0.999304 0.994804 0.986538 0.97457 0.958988 0.939899 0.917436 


BIN SEQUENCE:
1 1 1 1 1 1 2 2 2 2 2 2 3 3 3 3 3 3 4 4 4 4 4 5 5 5 6 6 6 6 6 6 5 5 5 4 


SEQUENCE OF PREFERRED BINS:
11  11  11  11  11  11  22  22  22  22  22  22  33  33  33  33  33  33  44  44  44  44  44  55  55  55  66  66  66  66  ...
22  22  22  22  22  22  31  31  31  31  31  31  42  42  42  42  42  42  53  53  53  53  53  64  64  64  55  55  55  55  ...
33  33  33  33  33  33  44  44  44  44  44  44  51  51  51  51  51  51  62  62  62  62  62  33  33  33  44  44  44  44  ...
44  44  44  44  44  44  55  55  55  55  55  55  66  66  66  66  66  66  11  11  11  11  11  22  22  22  33  33  33  33  ...
55  55  55  55  55  55  66  66  66  66  66  66  00  00  00  00  00  00  00  00  00  00  00  11  11  11  22  22  22  22  ...
66  66  66  66  66  66  00  00  00  00  00  00  00  00  00  00  00  00  00  00  00  00  00  00  00  00  11  11  11  11  ...


BIN ALLOCATION OF DISTANCES:
2 3 6 1 4 6 
3 1 4 5 5 6 
5 5 1 3 4 5 
3 2 6 2 4 4 
5 1 6 6 2 4 
2 1 3 1 2 3 


BINS USED:
2 2 1 3 1 3 2 3 4 3 4 2 4 3 3 4 2 5 4 6 5 6 2 6 5 1 6 1 6 1 5 5 4 1 5 0 


TRANSITION SEQUENCE:
0 -1 0 -1 -1 -1 -1 -1 0.392857 0.178571 0.428571 -1 0.22619 0 -1 0.380952 0 -1 -1 -1 -1 -1 -1 -1 0.607143 -1 1 -1 -1 0 -1 0.571429 0.202381 -1 0.77381 0 


CORRELATION COEFFICIENT:          0.286839
DETECTION POWER:                  0.281782

