
Cycle found:
------------
540334450524314151255304210011320223
------------
Valid sequence 


NORMALIZED NEURAL MODEL:
-1.000000 -1.000000 -1.000000 -1.000000 -1.000000 -1.000000 
-1.000000 0.000000 0.392857 0.571429 0.773810 1.000000 
-1.000000 -1.000000 0.000000 0.178571 0.380952 0.607143 
-1.000000 -1.000000 -1.000000 0.000000 0.202381 0.428571 
-1.000000 -1.000000 -1.000000 -1.000000 0.000000 0.226190 
-1.000000 -1.000000 -1.000000 -1.000000 -1.000000 0.000000 

NORMALIZED GUIDE FUNCTION:
0.280974 0.357198 0.431143 0.502329 0.570291 0.634584 0.694788 0.750504 0.801363 0.847026 0.887186 0.921573 0.949949 0.972118 0.987921 0.99724 1 0.996165 0.985744 0.968786 0.945383 0.915671 0.879822 0.838053 0.790615 0.7378 0.679933 0.617371 0.550506 0.479756 0.405564 0.328399 0.248749 0.167117 0.0840246 0 


BIN SEQUENCE:
1 2 2 2 3 3 3 4 4 4 5 5 5 6 6 6 6 6 6 5 5 5 4 4 4 3 3 3 2 2 2 1 1 1 1 1 


SEQUENCE OF PREFERRED BINS:
11  22  22  22  33  33  33  44  44  44  55  55  55  66  66  66  66  66  66  55  55  55  44  44  44  33  33  33  22  22  ...
22  31  31  31  42  42  42  53  53  53  64  64  64  55  55  55  55  55  55  64  64  64  53  53  53  42  42  42  31  31  ...
33  44  44  44  51  51  51  62  62  62  33  33  33  44  44  44  44  44  44  33  33  33  62  62  62  51  51  51  44  44  ...
44  55  55  55  66  66  66  11  11  11  22  22  22  33  33  33  33  33  33  22  22  22  11  11  11  66  66  66  55  55  ...
55  66  66  66  00  00  00  00  00  00  11  11  11  22  22  22  22  22  22  11  11  11  00  00  00  00  00  00  66  66  ...
66  00  00  00  00  00  00  00  00  00  00  00  00  11  11  11  11  11  11  00  00  00  00  00  00  00  00  00  00  00  ...


BIN ALLOCATION OF DISTANCES:
1 1 6 2 3 4 
4 1 5 5 6 6 
1 4 2 3 5 6 
6 4 6 2 3 5 
2 1 1 5 3 4 
4 5 3 2 2 3 


BINS USED:
2 2 2 2 3 3 4 4 4 3 5 5 4 6 1 6 5 5 6 3 2 6 3 1 4 4 1 1 1 5 6 1 6 2 3 0 


TRANSITION SEQUENCE:
-1 -1 -1 0 0.202381 0 0.22619 -1 -1 -1 0.380952 -1 -1 0.77381 -1 1 -1 0.392857 0.607143 0 -1 -1 -1 -1 -1 -1 -1 -1 0 0.571429 -1 -1 -1 0 0.178571 0 


CORRELATION COEFFICIENT:          0.429085
DETECTION POWER:                  0.484517

