
Cycle found:
------------
401122445343352305513142032150410025
------------
Valid sequence 


NORMALIZED NEURAL MODEL:
-1.000000 -1.000000 -1.000000 -1.000000 -1.000000 -1.000000 
-1.000000 0.000000 0.392857 0.571429 0.773810 1.000000 
-1.000000 -1.000000 0.000000 0.178571 0.380952 0.607143 
-1.000000 -1.000000 -1.000000 0.000000 0.202381 0.428571 
-1.000000 -1.000000 -1.000000 -1.000000 0.000000 0.226190 
-1.000000 -1.000000 -1.000000 -1.000000 -1.000000 0.000000 

NORMALIZED GUIDE FUNCTION:
0 0.0337203 0.0699174 0.108352 0.148772 0.190912 0.234498 0.279246 0.324865 0.371063 0.41754 0.463999 0.510141 0.555673 0.600305 0.643753 0.685744 0.726011 0.764303 0.800381 0.834019 0.865011 0.893165 0.91831 0.940293 0.958984 0.974273 0.986073 0.994318 0.998967 1 0.997423 0.991262 0.981569 0.968416 0.951898 


BIN SEQUENCE:
1 1 1 1 1 1 2 2 2 2 2 2 3 3 3 3 3 3 4 4 4 4 4 4 5 5 5 6 6 6 6 6 6 5 5 5 


SEQUENCE OF PREFERRED BINS:
11  11  11  11  11  11  22  22  22  22  22  22  33  33  33  33  33  33  44  44  44  44  44  44  55  55  55  66  66  66  ...
22  22  22  22  22  22  31  31  31  31  31  31  42  42  42  42  42  42  53  53  53  53  53  53  64  64  64  55  55  55  ...
33  33  33  33  33  33  44  44  44  44  44  44  51  51  51  51  51  51  62  62  62  62  62  62  33  33  33  44  44  44  ...
44  44  44  44  44  44  55  55  55  55  55  55  66  66  66  66  66  66  11  11  11  11  11  11  22  22  22  33  33  33  ...
55  55  55  55  55  55  66  66  66  66  66  66  00  00  00  00  00  00  00  00  00  00  00  00  11  11  11  22  22  22  ...
66  66  66  66  66  66  00  00  00  00  00  00  00  00  00  00  00  00  00  00  00  00  00  00  00  00  00  11  11  11  ...


BIN ALLOCATION OF DISTANCES:
2 1 6 5 2 4 
6 1 3 4 5 6 
4 5 1 3 3 5 
5 6 6 1 3 4 
1 5 4 4 2 3 
1 6 3 2 2 2 


BINS USED:
1 1 1 3 1 3 2 3 2 3 4 1 4 3 3 5 4 2 6 4 6 5 4 4 5 6 5 6 1 2 5 6 2 6 5 0 


TRANSITION SEQUENCE:
-1 -1 0 0.392857 0 0.380952 0 0.22619 -1 0.202381 -1 0 0.428571 -1 0.178571 -1 -1 0 -1 0.571429 -1 0.77381 -1 -1 -1 -1 -1 1 -1 -1 -1 -1 -1 -1 0.607143 0 


CORRELATION COEFFICIENT:          0.332988
DETECTION POWER:                  0.319882

