
Cycle found:
------------
241252005104302154035501345323311442
------------
Valid sequence 


NORMALIZED NEURAL MODEL:
-1.000000 -1.000000 -1.000000 -1.000000 -1.000000 -1.000000 
-1.000000 0.000000 0.392857 0.571429 0.773810 1.000000 
-1.000000 -1.000000 0.000000 0.178571 0.380952 0.607143 
-1.000000 -1.000000 -1.000000 0.000000 0.202381 0.428571 
-1.000000 -1.000000 -1.000000 -1.000000 0.000000 0.226190 
-1.000000 -1.000000 -1.000000 -1.000000 -1.000000 0.000000 

NORMALIZED GUIDE FUNCTION:
0.700894 0.748744 0.793128 0.83377 0.870421 0.902856 0.930878 0.954321 0.973046 0.986946 0.995946 1 0.999096 0.993254 0.982523 0.966987 0.946757 0.921976 0.892815 0.859473 0.822174 0.781168 0.736728 0.689147 0.63874 0.585837 0.530782 0.473936 0.415666 0.35635 0.296371 0.236114 0.175966 0.116311 0.0575315 0 


BIN SEQUENCE:
3 3 3 4 4 4 5 5 5 6 6 6 6 6 6 5 5 5 4 4 4 3 3 3 2 2 2 2 2 2 1 1 1 1 1 1 


SEQUENCE OF PREFERRED BINS:
33  33  33  44  44  44  55  55  55  66  66  66  66  66  66  55  55  55  44  44  44  33  33  33  22  22  22  22  22  22  ...
42  42  42  53  53  53  64  64  64  55  55  55  55  55  55  64  64  64  53  53  53  42  42  42  31  31  31  31  31  31  ...
51  51  51  62  62  62  33  33  33  44  44  44  44  44  44  33  33  33  62  62  62  51  51  51  44  44  44  44  44  44  ...
66  66  66  11  11  11  22  22  22  33  33  33  33  33  33  22  22  22  11  11  11  66  66  66  55  55  55  55  55  55  ...
00  00  00  00  00  00  11  11  11  22  22  22  22  22  22  11  11  11  00  00  00  00  00  00  66  66  66  66  66  66  ...
00  00  00  00  00  00  00  00  00  11  11  11  11  11  11  00  00  00  00  00  00  00  00  00  00  00  00  00  00  00  ...


BIN ALLOCATION OF DISTANCES:
5 2 5 3 6 5 
6 1 3 4 6 6 
4 6 1 2 2 4 
5 3 3 1 2 4 
3 3 1 4 1 2 
1 5 4 6 5 2 


BINS USED:
2 3 3 4 4 4 5 5 5 6 6 4 5 5 6 6 5 3 3 4 2 1 2 4 2 2 6 3 2 1 3 1 6 1 1 0 


TRANSITION SEQUENCE:
0.380952 -1 0.392857 0.607143 -1 -1 -1 -1 -1 -1 -1 -1 -1 -1 -1 1 -1 -1 -1 0.428571 0 -1 -1 0.571429 0.202381 0.22619 -1 -1 0.178571 0 -1 0 0.77381 0 -1 0 


CORRELATION COEFFICIENT:          0.322032
DETECTION POWER:                  0.255774

