
Cycle found:
------------
520150051353244311223342554104030214
------------
Valid sequence 


NORMALIZED NEURAL MODEL:
-1.000000 -1.000000 -1.000000 -1.000000 -1.000000 -1.000000 
-1.000000 0.000000 0.392857 0.571429 0.773810 1.000000 
-1.000000 -1.000000 0.000000 0.178571 0.380952 0.607143 
-1.000000 -1.000000 -1.000000 0.000000 0.202381 0.428571 
-1.000000 -1.000000 -1.000000 -1.000000 0.000000 0.226190 
-1.000000 -1.000000 -1.000000 -1.000000 -1.000000 0.000000 

NORMALIZED GUIDE FUNCTION:
1 0.914452 0.829948 0.747027 0.66622 0.588042 0.512993 0.441551 0.37417 0.31128 0.25328 0.200538 0.153388 0.112129 0.0770197 0.048282 0.0260951 0.0105966 0.00188116 0 0.00496048 0.0167262 0.0352171 0.0603102 0.0918403 0.129601 0.173347 0.222793 0.277619 0.33747 0.40196 0.470672 0.543164 0.618969 0.697599 0.778548 


BIN SEQUENCE:
6 6 6 6 5 5 5 4 4 4 3 3 3 2 2 2 1 1 1 1 1 1 2 2 2 3 3 3 4 4 4 5 5 5 6 6 


SEQUENCE OF PREFERRED BINS:
66  66  66  66  55  55  55  44  44  44  33  33  33  22  22  22  11  11  11  11  11  11  22  22  22  33  33  33  44  44  ...
55  55  55  55  64  64  64  53  53  53  42  42  42  31  31  31  22  22  22  22  22  22  31  31  31  42  42  42  53  53  ...
44  44  44  44  33  33  33  62  62  62  51  51  51  44  44  44  33  33  33  33  33  33  44  44  44  51  51  51  62  62  ...
33  33  33  33  22  22  22  11  11  11  66  66  66  55  55  55  44  44  44  44  44  44  55  55  55  66  66  66  11  11  ...
22  22  22  22  11  11  11  00  00  00  00  00  00  66  66  66  55  55  55  55  55  55  66  66  66  00  00  00  00  00  ...
11  11  11  11  00  00  00  00  00  00  00  00  00  00  00  00  66  66  66  66  66  66  00  00  00  00  00  00  00  00  ...


BIN ALLOCATION OF DISTANCES:
5 6 1 2 2 5 
5 1 4 4 5 5 
5 4 1 3 3 4 
6 2 3 1 3 4 
6 6 6 1 1 3 
4 3 6 2 2 2 


BINS USED:
6 5 6 5 4 5 5 3 4 4 2 3 3 1 1 2 1 4 1 3 1 3 6 4 2 2 6 5 2 6 2 6 1 4 5 0 


TRANSITION SEQUENCE:
-1 -1 -1 1 -1 -1 -1 -1 0.571429 0.428571 -1 -1 0.380952 0 -1 -1 0 0.392857 0 0.178571 0 0.202381 -1 0.607143 0 -1 -1 -1 -1 -1 -1 -1 -1 -1 0.77381 0 


CORRELATION COEFFICIENT:          0.33366
DETECTION POWER:                  0.304778

