
Cycle found:
------------
251012454115520533134403500432142302
------------
Valid sequence 


NORMALIZED NEURAL MODEL:
-1.000000 -1.000000 -1.000000 -1.000000 -1.000000 -1.000000 
-1.000000 0.000000 0.392857 0.571429 0.773810 1.000000 
-1.000000 -1.000000 0.000000 0.178571 0.380952 0.607143 
-1.000000 -1.000000 -1.000000 0.000000 0.202381 0.428571 
-1.000000 -1.000000 -1.000000 -1.000000 0.000000 0.226190 
-1.000000 -1.000000 -1.000000 -1.000000 -1.000000 0.000000 

NORMALIZED GUIDE FUNCTION:
0.542898 0.476619 0.413237 0.353155 0.296757 0.244402 0.196423 0.153125 0.114782 0.0816388 0.0539036 0.0317516 0.0153218 0.00471625 0 0.00120016 0.00830598 0.0212689 0.0400029 0.0643849 0.094256 0.129422 0.169655 0.214695 0.26425 0.318002 0.375603 0.436684 0.50085 0.56769 0.636774 0.707659 0.77989 0.853003 0.92653 1 


BIN SEQUENCE:
5 5 5 4 4 4 3 3 3 2 2 2 1 1 1 1 1 1 2 2 2 3 3 3 4 4 4 5 5 5 6 6 6 6 6 6 


SEQUENCE OF PREFERRED BINS:
55  55  55  44  44  44  33  33  33  22  22  22  11  11  11  11  11  11  22  22  22  33  33  33  44  44  44  55  55  55  ...
64  64  64  53  53  53  42  42  42  31  31  31  22  22  22  22  22  22  31  31  31  42  42  42  53  53  53  64  64  64  ...
33  33  33  62  62  62  51  51  51  44  44  44  33  33  33  33  33  33  44  44  44  51  51  51  62  62  62  33  33  33  ...
22  22  22  11  11  11  66  66  66  55  55  55  44  44  44  44  44  44  55  55  55  66  66  66  11  11  11  22  22  22  ...
11  11  11  00  00  00  00  00  00  66  66  66  55  55  55  55  55  55  66  66  66  00  00  00  00  00  00  11  11  11  ...
00  00  00  00  00  00  00  00  00  00  00  00  66  66  66  66  66  66  00  00  00  00  00  00  00  00  00  00  00  00  ...


BIN ALLOCATION OF DISTANCES:
4 4 5 2 4 1 
4 1 3 6 6 6 
1 6 1 2 3 6 
3 2 6 1 2 3 
4 4 5 5 1 3 
5 5 2 5 3 2 


BINS USED:
6 5 4 4 3 3 3 3 4 1 6 2 2 1 1 5 1 2 6 2 1 4 2 3 5 4 4 5 6 6 6 5 2 3 5 0 


TRANSITION SEQUENCE:
0.607143 -1 -1 -1 0.392857 0.380952 0.22619 -1 -1 0 1 0 -1 -1 -1 -1 0 -1 0.571429 0.202381 0 -1 -1 0.428571 -1 -1 -1 -1 -1 -1 0.77381 -1 0.178571 -1 -1 0 


CORRELATION COEFFICIENT:          0.018317
DETECTION POWER:                  0.100218

