
Cycle found:
------------
332200501103452353042412544314021551
------------
Valid sequence 


NORMALIZED NEURAL MODEL:
-1.000000 -1.000000 -1.000000 -1.000000 -1.000000 -1.000000 
-1.000000 0.000000 0.392857 0.571429 0.773810 1.000000 
-1.000000 -1.000000 0.000000 0.178571 0.380952 0.607143 
-1.000000 -1.000000 -1.000000 0.000000 0.202381 0.428571 
-1.000000 -1.000000 -1.000000 -1.000000 0.000000 0.226190 
-1.000000 -1.000000 -1.000000 -1.000000 -1.000000 0.000000 

NORMALIZED GUIDE FUNCTION:
0.0332053 0.0195935 0.00948363 0.002939 0 0.000683937 0.00498491 0.0128739 0.0242988 0.039185 0.0574358 0.0789328 0.103537 0.13109 0.161413 0.194312 0.229574 0.266973 0.306268 0.347208 0.389528 0.432958 0.477219 0.522028 0.567096 0.612136 0.656859 0.700978 0.744213 0.786285 0.826926 0.865877 0.902889 0.937726 0.970165 1 


BIN SEQUENCE:
2 2 1 1 1 1 1 1 2 2 2 2 3 3 3 3 3 3 4 4 4 4 4 4 5 5 5 5 5 5 6 6 6 6 6 6 


SEQUENCE OF PREFERRED BINS:
22  22  11  11  11  11  11  11  22  22  22  22  33  33  33  33  33  33  44  44  44  44  44  44  55  55  55  55  55  55  ...
31  31  22  22  22  22  22  22  31  31  31  31  42  42  42  42  42  42  53  53  53  53  53  53  64  64  64  64  64  64  ...
44  44  33  33  33  33  33  33  44  44  44  44  51  51  51  51  51  51  62  62  62  62  62  62  33  33  33  33  33  33  ...
55  55  44  44  44  44  44  44  55  55  55  55  66  66  66  66  66  66  11  11  11  11  11  11  22  22  22  22  22  22  ...
66  66  55  55  55  55  55  55  66  66  66  66  00  00  00  00  00  00  00  00  00  00  00  00  11  11  11  11  11  11  ...
00  00  66  66  66  66  66  66  00  00  00  00  00  00  00  00  00  00  00  00  00  00  00  00  00  00  00  00  00  00  ...


BIN ALLOCATION OF DISTANCES:
1 4 6 4 5 3 
4 1 4 5 5 6 
1 6 1 3 4 5 
6 6 2 2 3 5 
1 5 4 2 2 3 
1 2 3 3 6 2 


BINS USED:
2 2 1 1 1 3 1 4 1 4 4 3 3 3 3 5 3 6 5 4 4 5 4 5 6 2 2 6 5 1 6 6 6 2 2 0 


TRANSITION SEQUENCE:
0 -1 0 -1 -1 -1 -1 -1 0 -1 -1 0.202381 0.22619 -1 0.178571 0.428571 -1 -1 -1 -1 0.380952 -1 0.392857 0.607143 -1 0 -1 -1 0.77381 -1 -1 -1 1 0 -1 0 


CORRELATION COEFFICIENT:          0.229525
DETECTION POWER:                  0.264837

