
Cycle found:
------------
413254212452353400550443010220331151
------------
Valid sequence 


NORMALIZED NEURAL MODEL:
-1.000000 -1.000000 -1.000000 -1.000000 -1.000000 -1.000000 
-1.000000 0.000000 0.392857 0.571429 0.773810 1.000000 
-1.000000 -1.000000 0.000000 0.178571 0.380952 0.607143 
-1.000000 -1.000000 -1.000000 0.000000 0.202381 0.428571 
-1.000000 -1.000000 -1.000000 -1.000000 0.000000 0.226190 
-1.000000 -1.000000 -1.000000 -1.000000 -1.000000 0.000000 

NORMALIZED GUIDE FUNCTION:
1 0.964196 0.926017 0.885707 0.843521 0.799728 0.754606 0.708443 0.661535 0.614182 0.566685 0.51935 0.472479 0.426375 0.381332 0.337641 0.295584 0.25543 0.21744 0.181859 0.148918 0.11883 0.0917907 0.0679769 0.0475443 0.030627 0.0173371 0.0077633 0.00197064 0 0.00186779 0.00756584 0.0170614 0.0302974 0.0471927 0.0676426 


BIN SEQUENCE:
6 6 6 6 6 6 5 5 5 5 5 5 4 4 4 4 4 4 3 3 3 3 3 3 2 2 2 1 1 1 1 1 1 2 2 2 


SEQUENCE OF PREFERRED BINS:
66  66  66  66  66  66  55  55  55  55  55  55  44  44  44  44  44  44  33  33  33  33  33  33  22  22  22  11  11  11  ...
55  55  55  55  55  55  64  64  64  64  64  64  53  53  53  53  53  53  42  42  42  42  42  42  31  31  31  22  22  22  ...
44  44  44  44  44  44  33  33  33  33  33  33  62  62  62  62  62  62  51  51  51  51  51  51  44  44  44  33  33  33  ...
33  33  33  33  33  33  22  22  22  22  22  22  11  11  11  11  11  11  66  66  66  66  66  66  55  55  55  44  44  44  ...
22  22  22  22  22  22  11  11  11  11  11  11  00  00  00  00  00  00  00  00  00  00  00  00  66  66  66  55  55  55  ...
11  11  11  11  11  11  00  00  00  00  00  00  00  00  00  00  00  00  00  00  00  00  00  00  00  00  00  66  66  66  ...


BIN ALLOCATION OF DISTANCES:
3 1 6 1 2 5 
1 1 4 6 6 6 
1 4 2 3 3 6 
3 5 5 2 3 4 
2 4 4 1 2 3 
5 5 5 4 6 2 


BINS USED:
4 6 5 6 6 4 4 4 3 3 5 3 4 4 3 2 3 5 2 5 2 2 1 3 1 1 6 2 1 1 2 5 1 6 5 0 


TRANSITION SEQUENCE:
-1 0.571429 -1 0.607143 -1 -1 -1 0.392857 0.380952 0.22619 -1 0.178571 0.428571 -1 0.202381 -1 -1 -1 0 -1 -1 0 -1 -1 -1 -1 -1 0 -1 -1 0 -1 0 1 -1 0 


CORRELATION COEFFICIENT:          0.29304
DETECTION POWER:                  0.214753

