
Cycle found:
------------
124553311320143440230421503510052254
------------
Valid sequence 


NORMALIZED NEURAL MODEL:
-1.000000 -1.000000 -1.000000 -1.000000 -1.000000 -1.000000 
-1.000000 0.000000 0.392857 0.571429 0.773810 1.000000 
-1.000000 -1.000000 0.000000 0.178571 0.380952 0.607143 
-1.000000 -1.000000 -1.000000 0.000000 0.202381 0.428571 
-1.000000 -1.000000 -1.000000 -1.000000 0.000000 0.226190 
-1.000000 -1.000000 -1.000000 -1.000000 -1.000000 0.000000 

NORMALIZED GUIDE FUNCTION:
0.239222 0.198027 0.160128 0.125771 0.09518 0.0685553 0.0460718 0.0278782 0.0140955 0.00481693 0.000106728 0 0.00450237 0.0135899 0.0272093 0.0452781 0.0676852 0.0942917 0.124932 0.159413 0.197518 0.239008 0.283619 0.331069 0.381057 0.433266 0.487362 0.543002 0.599831 0.657484 0.715595 0.773791 0.831698 0.888946 0.945167 1 


BIN SEQUENCE:
4 4 3 3 3 2 2 2 1 1 1 1 1 1 2 2 2 3 3 3 4 4 4 4 5 5 5 5 5 5 6 6 6 6 6 6 


SEQUENCE OF PREFERRED BINS:
44  44  33  33  33  22  22  22  11  11  11  11  11  11  22  22  22  33  33  33  44  44  44  44  55  55  55  55  55  55  ...
53  53  42  42  42  31  31  31  22  22  22  22  22  22  31  31  31  42  42  42  53  53  53  53  64  64  64  64  64  64  ...
62  62  51  51  51  44  44  44  33  33  33  33  33  33  44  44  44  51  51  51  62  62  62  62  33  33  33  33  33  33  ...
11  11  66  66  66  55  55  55  44  44  44  44  44  44  55  55  55  66  66  66  11  11  11  11  22  22  22  22  22  22  ...
00  00  00  00  00  66  66  66  55  55  55  55  55  55  66  66  66  00  00  00  00  00  00  00  11  11  11  11  11  11  ...
00  00  00  00  00  00  00  00  66  66  66  66  66  66  00  00  00  00  00  00  00  00  00  00  00  00  00  00  00  00  ...


BIN ALLOCATION OF DISTANCES:
6 1 5 6 6 6 
6 1 4 5 5 5 
1 4 2 3 4 5 
4 2 1 2 3 4 
3 2 6 1 2 3 
5 4 2 3 1 3 


BINS USED:
4 4 3 3 3 2 2 1 5 1 1 1 5 1 3 2 3 5 3 4 6 6 4 5 5 6 4 4 6 6 6 2 2 5 1 0 


TRANSITION SEQUENCE:
0.392857 0.380952 0.22619 0 -1 0 -1 0 0.571429 -1 -1 -1 0.77381 -1 0.202381 0 -1 -1 0.178571 -1 -1 -1 -1 1 -1 -1 0.428571 -1 -1 -1 -1 -1 0 0.607143 -1 0 


CORRELATION COEFFICIENT:          -0.016443
DETECTION POWER:                  0.282289

