
Cycle found:
------------
530215035405524434120011042232513314
------------
Valid sequence 


NORMALIZED NEURAL MODEL:
-1.000000 -1.000000 -1.000000 -1.000000 -1.000000 -1.000000 
-1.000000 0.000000 0.392857 0.571429 0.773810 1.000000 
-1.000000 -1.000000 0.000000 0.178571 0.380952 0.607143 
-1.000000 -1.000000 -1.000000 0.000000 0.202381 0.428571 
-1.000000 -1.000000 -1.000000 -1.000000 0.000000 0.226190 
-1.000000 -1.000000 -1.000000 -1.000000 -1.000000 0.000000 

NORMALIZED GUIDE FUNCTION:
1 0.95281 0.90378 0.853219 0.801451 0.748804 0.695615 0.642224 0.588974 0.536205 0.484258 0.433466 0.384157 0.33665 0.291252 0.248259 0.207948 0.170585 0.136412 0.105655 0.0785156 0.0551745 0.0357873 0.0204849 0.00937201 0.00252677 0 0.00181494 0.007967 0.0184238 0.0331252 0.0519839 0.0748856 0.10169 0.132232 0.166321 


BIN SEQUENCE:
6 6 6 6 6 6 5 5 5 5 5 5 4 4 4 4 4 4 3 3 3 2 2 2 1 1 1 1 1 1 2 2 2 3 3 3 


SEQUENCE OF PREFERRED BINS:
66  66  66  66  66  66  55  55  55  55  55  55  44  44  44  44  44  44  33  33  33  22  22  22  11  11  11  11  11  11  ...
55  55  55  55  55  55  64  64  64  64  64  64  53  53  53  53  53  53  42  42  42  31  31  31  22  22  22  22  22  22  ...
44  44  44  44  44  44  33  33  33  33  33  33  62  62  62  62  62  62  51  51  51  44  44  44  33  33  33  33  33  33  ...
33  33  33  33  33  33  22  22  22  22  22  22  11  11  11  11  11  11  66  66  66  55  55  55  44  44  44  44  44  44  ...
22  22  22  22  22  22  11  11  11  11  11  11  00  00  00  00  00  00  00  00  00  66  66  66  55  55  55  55  55  55  ...
11  11  11  11  11  11  00  00  00  00  00  00  00  00  00  00  00  00  00  00  00  00  00  00  66  66  66  66  66  66  ...


BIN ALLOCATION OF DISTANCES:
2 2 5 5 1 5 
1 1 4 5 6 6 
3 6 1 4 4 5 
6 2 1 1 4 5 
6 6 2 3 3 4 
3 2 2 4 3 3 


BINS USED:
4 6 5 6 6 3 5 5 3 6 5 3 2 4 3 3 4 6 4 3 2 2 1 1 1 2 1 4 1 5 2 5 1 2 6 0 


TRANSITION SEQUENCE:
-1 -1 -1 -1 1 -1 -1 0.428571 -1 -1 -1 0 -1 0.380952 0 -1 0.202381 -1 0.392857 -1 -1 -1 0 -1 -1 -1 0 0.178571 -1 0.607143 -1 0.571429 0 -1 0.77381 0 


CORRELATION COEFFICIENT:          0.188361
DETECTION POWER:                  0.242794

