
Cycle found:
------------
302524045005543441331014203221123515
------------
Valid sequence 


NORMALIZED NEURAL MODEL:
-1.000000 -1.000000 -1.000000 -1.000000 -1.000000 -1.000000 
-1.000000 0.000000 0.392857 0.571429 0.773810 1.000000 
-1.000000 -1.000000 0.000000 0.178571 0.380952 0.607143 
-1.000000 -1.000000 -1.000000 0.000000 0.202381 0.428571 
-1.000000 -1.000000 -1.000000 -1.000000 0.000000 0.226190 
-1.000000 -1.000000 -1.000000 -1.000000 -1.000000 0.000000 

NORMALIZED GUIDE FUNCTION:
1 0.965332 0.928239 0.88896 0.847745 0.80486 0.760577 0.715182 0.668964 0.62222 0.575248 0.528351 0.481828 0.435976 0.391091 0.347459 0.305359 0.265062 0.226826 0.190894 0.157499 0.126852 0.0991519 0.0745747 0.0532781 0.0353986 0.0210507 0.0103265 0.00329455 0 0.000463975 0.00468354 0.0126317 0.0242576 0.0394868 0.0582219 


BIN SEQUENCE:
6 6 6 6 6 6 5 5 5 5 5 5 4 4 4 4 4 4 3 3 3 3 3 3 2 2 2 1 1 1 1 1 1 2 2 2 


SEQUENCE OF PREFERRED BINS:
66  66  66  66  66  66  55  55  55  55  55  55  44  44  44  44  44  44  33  33  33  33  33  33  22  22  22  11  11  11  ...
55  55  55  55  55  55  64  64  64  64  64  64  53  53  53  53  53  53  42  42  42  42  42  42  31  31  31  22  22  22  ...
44  44  44  44  44  44  33  33  33  33  33  33  62  62  62  62  62  62  51  51  51  51  51  51  44  44  44  33  33  33  ...
33  33  33  33  33  33  22  22  22  22  22  22  11  11  11  11  11  11  66  66  66  66  66  66  55  55  55  44  44  44  ...
22  22  22  22  22  22  11  11  11  11  11  11  00  00  00  00  00  00  00  00  00  00  00  00  66  66  66  55  55  55  ...
11  11  11  11  11  11  00  00  00  00  00  00  00  00  00  00  00  00  00  00  00  00  00  00  00  00  00  66  66  66  ...


BIN ALLOCATION OF DISTANCES:
3 2 6 1 5 2 
1 1 5 5 5 6 
2 3 1 4 4 5 
6 2 1 3 4 5 
6 2 6 3 3 4 
4 1 6 4 2 3 


BINS USED:
6 6 5 6 4 6 5 4 4 3 2 3 2 3 4 3 2 5 3 2 1 2 5 6 2 1 1 1 3 1 5 4 5 1 6 0 


TRANSITION SEQUENCE:
-1 -1 0.607143 -1 0.380952 -1 -1 0.22619 -1 -1 -1 0 -1 -1 0.202381 0 -1 0.571429 0 -1 -1 -1 0.77381 -1 -1 -1 -1 0 -1 0 0.392857 0.178571 0.428571 -1 1 0 


CORRELATION COEFFICIENT:          0.0284827
DETECTION POWER:                  0.251362

