
Cycle found:
------------
124353001525545042334410220321131405
------------
Valid sequence 


NORMALIZED NEURAL MODEL:
-1.000000 -1.000000 -1.000000 -1.000000 -1.000000 -1.000000 
-1.000000 0.000000 0.392857 0.571429 0.773810 1.000000 
-1.000000 -1.000000 0.000000 0.178571 0.380952 0.607143 
-1.000000 -1.000000 -1.000000 0.000000 0.202381 0.428571 
-1.000000 -1.000000 -1.000000 -1.000000 0.000000 0.226190 
-1.000000 -1.000000 -1.000000 -1.000000 -1.000000 0.000000 

NORMALIZED GUIDE FUNCTION:
0.949691 0.966815 0.980488 0.990618 0.997138 1 0.999183 0.994687 0.986538 0.974784 0.959495 0.940767 0.918714 0.893475 0.865209 0.834092 0.800321 0.76411 0.725688 0.685299 0.643199 0.599657 0.55495 0.509362 0.463187 0.416718 0.370253 0.32409 0.278526 0.233852 0.190356 0.148319 0.108011 0.0696922 0.0336107 0 


BIN SEQUENCE:
5 5 5 6 6 6 6 6 6 5 5 5 4 4 4 4 4 4 3 3 3 3 3 3 2 2 2 2 2 2 1 1 1 1 1 1 


SEQUENCE OF PREFERRED BINS:
55  55  55  66  66  66  66  66  66  55  55  55  44  44  44  44  44  44  33  33  33  33  33  33  22  22  22  22  22  22  ...
64  64  64  55  55  55  55  55  55  64  64  64  53  53  53  53  53  53  42  42  42  42  42  42  31  31  31  31  31  31  ...
33  33  33  44  44  44  44  44  44  33  33  33  62  62  62  62  62  62  51  51  51  51  51  51  44  44  44  44  44  44  ...
22  22  22  33  33  33  33  33  33  22  22  22  11  11  11  11  11  11  66  66  66  66  66  66  55  55  55  55  55  55  ...
11  11  11  22  22  22  22  22  22  11  11  11  00  00  00  00  00  00  00  00  00  00  00  00  66  66  66  66  66  66  ...
00  00  00  11  11  11  11  11  11  00  00  00  00  00  00  00  00  00  00  00  00  00  00  00  00  00  00  00  00  00  ...


BIN ALLOCATION OF DISTANCES:
5 4 1 1 3 2 
1 1 5 6 6 6 
2 3 2 4 5 6 
6 5 1 3 4 6 
2 3 4 5 3 4 
1 2 4 5 2 3 


BINS USED:
5 5 5 6 5 6 5 4 6 4 6 3 2 4 1 3 4 4 3 4 3 3 1 1 2 2 1 1 3 1 6 5 6 2 2 0 


TRANSITION SEQUENCE:
0.392857 0.380952 -1 0.428571 -1 -1 -1 -1 1 -1 0.607143 0 -1 0.22619 -1 -1 -1 0.178571 0 0.202381 0 -1 -1 -1 0 -1 -1 -1 -1 0 0.571429 -1 0.77381 -1 -1 0 


CORRELATION COEFFICIENT:          0.113748
DETECTION POWER:                  0.332719

