
Cycle found:
------------
110553450304312524013515420023322144
------------
Valid sequence 


NORMALIZED NEURAL MODEL:
-1.000000 -1.000000 -1.000000 -1.000000 -1.000000 -1.000000 
-1.000000 0.000000 0.392857 0.571429 0.773810 1.000000 
-1.000000 -1.000000 0.000000 0.178571 0.380952 0.607143 
-1.000000 -1.000000 -1.000000 0.000000 0.202381 0.428571 
-1.000000 -1.000000 -1.000000 -1.000000 0.000000 0.226190 
-1.000000 -1.000000 -1.000000 -1.000000 -1.000000 0.000000 

NORMALIZED GUIDE FUNCTION:
0.174197 0.259763 0.342845 0.422918 0.499476 0.572034 0.640139 0.703362 0.76131 0.813622 0.859977 0.90009 0.933717 0.960658 0.980754 0.993891 1 0.999057 0.991084 0.976147 0.954356 0.925865 0.890873 0.849617 0.802374 0.74946 0.691227 0.628059 0.56037 0.488606 0.413232 0.334741 0.253642 0.170459 0.0857297 0 


BIN SEQUENCE:
1 1 2 2 2 3 3 3 4 4 4 5 5 5 6 6 6 6 6 6 5 5 5 4 4 4 3 3 3 2 2 2 1 1 1 1 


SEQUENCE OF PREFERRED BINS:
11  11  22  22  22  33  33  33  44  44  44  55  55  55  66  66  66  66  66  66  55  55  55  44  44  44  33  33  33  22  ...
22  22  31  31  31  42  42  42  53  53  53  64  64  64  55  55  55  55  55  55  64  64  64  53  53  53  42  42  42  31  ...
33  33  44  44  44  51  51  51  62  62  62  33  33  33  44  44  44  44  44  44  33  33  33  62  62  62  51  51  51  44  ...
44  44  55  55  55  66  66  66  11  11  11  22  22  22  33  33  33  33  33  33  22  22  22  11  11  11  66  66  66  55  ...
55  55  66  66  66  00  00  00  00  00  00  11  11  11  22  22  22  22  22  22  11  11  11  00  00  00  00  00  00  66  ...
66  66  00  00  00  00  00  00  00  00  00  00  00  00  11  11  11  11  11  11  00  00  00  00  00  00  00  00  00  00  ...


BIN ALLOCATION OF DISTANCES:
2 3 3 4 3 2 
3 1 5 6 6 6 
4 3 1 2 5 6 
4 5 2 1 3 5 
6 1 2 5 1 4 
4 5 6 1 4 2 


BINS USED:
1 3 2 2 1 3 4 4 4 4 3 5 5 5 6 6 5 6 3 6 5 5 6 4 2 4 2 3 2 1 2 1 3 6 1 0 


TRANSITION SEQUENCE:
0 -1 -1 0 -1 0.202381 0.22619 -1 -1 -1 -1 -1 -1 0.392857 0.607143 -1 0.380952 -1 -1 0.571429 0.428571 -1 1 -1 -1 -1 -1 -1 0.178571 0 -1 0 -1 0.77381 0 0 


CORRELATION COEFFICIENT:          0.442179
DETECTION POWER:                  0.383608

