
Cycle found:
------------
230440221101245003420541514355253133
------------
Valid sequence 


NORMALIZED NEURAL MODEL:
-1.000000 -1.000000 -1.000000 -1.000000 -1.000000 -1.000000 
-1.000000 0.000000 0.392857 0.571429 0.773810 1.000000 
-1.000000 -1.000000 0.000000 0.178571 0.380952 0.607143 
-1.000000 -1.000000 -1.000000 0.000000 0.202381 0.428571 
-1.000000 -1.000000 -1.000000 -1.000000 0.000000 0.226190 
-1.000000 -1.000000 -1.000000 -1.000000 -1.000000 0.000000 

NORMALIZED GUIDE FUNCTION:
0.071176 0.0499449 0.0323476 0.0184875 0.00844396 0.00227156 0 0.0016339 0.00715284 0.0165116 0.0296404 0.0464456 0.0668101 0.0905944 0.117638 0.147758 0.180755 0.216409 0.254486 0.294735 0.336894 0.380687 0.425829 0.472029 0.518987 0.566401 0.613966 0.661377 0.708331 0.754529 0.799676 0.843487 0.885684 0.926001 0.964186 1 


BIN SEQUENCE:
3 2 2 2 1 1 1 1 1 1 2 2 2 3 3 3 3 3 4 4 4 4 4 4 5 5 5 5 5 5 6 6 6 6 6 6 


SEQUENCE OF PREFERRED BINS:
33  22  22  22  11  11  11  11  11  11  22  22  22  33  33  33  33  33  44  44  44  44  44  44  55  55  55  55  55  55  ...
42  31  31  31  22  22  22  22  22  22  31  31  31  42  42  42  42  42  53  53  53  53  53  53  64  64  64  64  64  64  ...
51  44  44  44  33  33  33  33  33  33  44  44  44  51  51  51  51  51  62  62  62  62  62  62  33  33  33  33  33  33  ...
66  55  55  55  44  44  44  44  44  44  55  55  55  66  66  66  66  66  11  11  11  11  11  11  22  22  22  22  22  22  ...
00  66  66  66  55  55  55  55  55  55  66  66  66  00  00  00  00  00  00  00  00  00  00  00  11  11  11  11  11  11  ...
00  00  00  00  66  66  66  66  66  66  00  00  00  00  00  00  00  00  00  00  00  00  00  00  00  00  00  00  00  00  ...


BIN ALLOCATION OF DISTANCES:
4 4 1 5 3 6 
1 1 5 6 6 6 
5 4 1 2 4 6 
2 6 3 1 3 5 
1 5 5 2 2 3 
3 4 2 3 4 2 


BINS USED:
2 2 3 2 1 1 1 4 1 1 4 5 4 3 3 4 5 3 5 5 6 4 5 6 4 6 2 5 2 2 6 3 6 6 1 0 


TRANSITION SEQUENCE:
0.178571 -1 -1 0 -1 -1 0 -1 0 -1 -1 0.392857 0.380952 0.22619 -1 -1 -1 0.202381 -1 -1 -1 -1 -1 1 -1 0.77381 -1 0.428571 0 -1 0.607143 -1 -1 0.571429 0 0 


CORRELATION COEFFICIENT:          0.147829
DETECTION POWER:                  0.393806

