
Cycle found:
------------
531413542104022443345505123011520032
------------
Valid sequence 


NORMALIZED NEURAL MODEL:
-1.000000 -1.000000 -1.000000 -1.000000 -1.000000 -1.000000 
-1.000000 0.000000 0.392857 0.571429 0.773810 1.000000 
-1.000000 -1.000000 0.000000 0.178571 0.380952 0.607143 
-1.000000 -1.000000 -1.000000 0.000000 0.202381 0.428571 
-1.000000 -1.000000 -1.000000 -1.000000 0.000000 0.226190 
-1.000000 -1.000000 -1.000000 -1.000000 -1.000000 0.000000 

NORMALIZED GUIDE FUNCTION:
1 0.908343 0.818329 0.730533 0.645518 0.563828 0.485985 0.412487 0.343806 0.28038 0.222614 0.170878 0.125504 0.0867795 0.0549533 0.030228 0.0127611 0.00266388 0 0.00478573 0.0169896 0.0365326 0.0632887 0.0970857 0.137707 0.18489 0.238334 0.297694 0.36259 0.432606 0.507293 0.586172 0.668737 0.75446 0.84279 0.933162 


BIN SEQUENCE:
6 6 6 5 5 5 4 4 4 3 3 3 2 2 2 1 1 1 1 1 1 2 2 2 3 3 3 4 4 4 5 5 5 6 6 6 


SEQUENCE OF PREFERRED BINS:
66  66  66  55  55  55  44  44  44  33  33  33  22  22  22  11  11  11  11  11  11  22  22  22  33  33  33  44  44  44  ...
55  55  55  64  64  64  53  53  53  42  42  42  31  31  31  22  22  22  22  22  22  31  31  31  42  42  42  53  53  53  ...
44  44  44  33  33  33  62  62  62  51  51  51  44  44  44  33  33  33  33  33  33  44  44  44  51  51  51  62  62  62  ...
33  33  33  22  22  22  11  11  11  66  66  66  55  55  55  44  44  44  44  44  44  55  55  55  66  66  66  11  11  11  ...
22  22  22  11  11  11  00  00  00  00  00  00  66  66  66  55  55  55  55  55  55  66  66  66  00  00  00  00  00  00  ...
11  11  11  00  00  00  00  00  00  00  00  00  00  00  00  66  66  66  66  66  66  00  00  00  00  00  00  00  00  00  ...


BIN ALLOCATION OF DISTANCES:
6 5 2 5 3 3 
4 1 4 5 6 6 
6 3 1 1 3 5 
4 6 4 1 2 5 
3 4 4 2 1 2 
2 2 5 6 3 1 


BINS USED:
6 6 6 4 5 5 3 4 3 4 3 3 2 1 3 1 2 1 2 2 1 2 3 2 4 1 4 5 1 6 5 6 6 5 4 0 


TRANSITION SEQUENCE:
-1 -1 0.77381 -1 0.571429 0.428571 -1 -1 -1 -1 -1 -1 -1 0 0.380952 0 -1 0 0.202381 0.22619 0 -1 -1 -1 0.392857 0.178571 -1 -1 0 1 -1 -1 -1 -1 -1 0 


CORRELATION COEFFICIENT:          0.274858
DETECTION POWER:                  0.351642

