
Cycle found:
------------
241023112053300152134403251454355042
------------
Valid sequence 


NORMALIZED NEURAL MODEL:
-1.000000 -1.000000 -1.000000 -1.000000 -1.000000 -1.000000 
-1.000000 0.000000 0.392857 0.571429 0.773810 1.000000 
-1.000000 -1.000000 0.000000 0.178571 0.380952 0.607143 
-1.000000 -1.000000 -1.000000 0.000000 0.202381 0.428571 
-1.000000 -1.000000 -1.000000 -1.000000 0.000000 0.226190 
-1.000000 -1.000000 -1.000000 -1.000000 -1.000000 0.000000 

NORMALIZED GUIDE FUNCTION:
0.364811 0.312185 0.262732 0.216769 0.17459 0.136465 0.102639 0.0733278 0.0487198 0.0289726 0.0142126 0.00453436 0 0.000638579 0.00644606 0.0173853 0.0333863 0.0543466 0.080132 0.110577 0.145488 0.18464 0.227783 0.27464 0.324912 0.378276 0.434391 0.492898 0.553421 0.615573 0.678956 0.743164 0.807786 0.872408 0.936617 1 


BIN SEQUENCE:
5 4 4 4 3 3 3 2 2 2 1 1 1 1 1 1 2 2 2 3 3 3 4 4 4 5 5 5 5 5 6 6 6 6 6 6 


SEQUENCE OF PREFERRED BINS:
55  44  44  44  33  33  33  22  22  22  11  11  11  11  11  11  22  22  22  33  33  33  44  44  44  55  55  55  55  55  ...
64  53  53  53  42  42  42  31  31  31  22  22  22  22  22  22  31  31  31  42  42  42  53  53  53  64  64  64  64  64  ...
33  62  62  62  51  51  51  44  44  44  33  33  33  33  33  33  44  44  44  51  51  51  62  62  62  33  33  33  33  33  ...
22  11  11  11  66  66  66  55  55  55  44  44  44  44  44  44  55  55  55  66  66  66  11  11  11  22  22  22  22  22  ...
11  00  00  00  00  00  00  66  66  66  55  55  55  55  55  55  66  66  66  00  00  00  00  00  00  11  11  11  11  11  ...
00  00  00  00  00  00  00  00  00  00  66  66  66  66  66  66  00  00  00  00  00  00  00  00  00  00  00  00  00  00  ...


BIN ALLOCATION OF DISTANCES:
1 1 5 3 6 2 
4 1 5 6 6 6 
2 4 1 3 5 6 
2 3 4 1 3 5 
4 4 1 6 2 4 
3 5 2 2 5 3 


BINS USED:
5 4 4 5 3 3 1 5 2 2 2 1 2 1 1 6 2 4 6 3 2 4 3 4 6 5 6 4 5 6 5 3 3 6 1 0 


TRANSITION SEQUENCE:
0.380952 -1 -1 -1 0.178571 -1 0 0.392857 -1 -1 -1 0 -1 -1 -1 1 -1 -1 0.571429 0.202381 0 -1 -1 -1 0.607143 -1 0.77381 0.22619 -1 -1 0.428571 0 -1 -1 -1 0 


CORRELATION COEFFICIENT:          -0.13818
DETECTION POWER:                  0.303073

