
Cycle found:
------------
542205334411232452514043155021013003
------------
Valid sequence 


NORMALIZED NEURAL MODEL:
-1.000000 -1.000000 -1.000000 -1.000000 -1.000000 -1.000000 
-1.000000 0.000000 0.392857 0.571429 0.773810 1.000000 
-1.000000 -1.000000 0.000000 0.178571 0.380952 0.607143 
-1.000000 -1.000000 -1.000000 0.000000 0.202381 0.428571 
-1.000000 -1.000000 -1.000000 -1.000000 0.000000 0.226190 
-1.000000 -1.000000 -1.000000 -1.000000 -1.000000 0.000000 

NORMALIZED GUIDE FUNCTION:
0 0.0368194 0.0759714 0.117207 0.160265 0.20487 0.250737 0.297575 0.345084 0.392959 0.440895 0.488584 0.535721 0.582003 0.627133 0.67082 0.712783 0.752752 0.790469 0.82569 0.858187 0.88775 0.914187 0.937325 0.957014 0.973123 0.985547 0.994203 0.999032 1 0.997097 0.990338 0.979764 0.965438 0.947449 0.92591 


BIN SEQUENCE:
1 1 1 1 1 1 2 2 2 2 2 2 3 3 3 3 3 3 4 4 4 4 4 5 5 5 6 6 6 6 6 6 5 5 5 4 


SEQUENCE OF PREFERRED BINS:
11  11  11  11  11  11  22  22  22  22  22  22  33  33  33  33  33  33  44  44  44  44  44  55  55  55  66  66  66  66  ...
22  22  22  22  22  22  31  31  31  31  31  31  42  42  42  42  42  42  53  53  53  53  53  64  64  64  55  55  55  55  ...
33  33  33  33  33  33  44  44  44  44  44  44  51  51  51  51  51  51  62  62  62  62  62  33  33  33  44  44  44  44  ...
44  44  44  44  44  44  55  55  55  55  55  55  66  66  66  66  66  66  11  11  11  11  11  22  22  22  33  33  33  33  ...
55  55  55  55  55  55  66  66  66  66  66  66  00  00  00  00  00  00  00  00  00  00  00  11  11  11  22  22  22  22  ...
66  66  66  66  66  66  00  00  00  00  00  00  00  00  00  00  00  00  00  00  00  00  00  00  00  00  11  11  11  11  ...


BIN ALLOCATION OF DISTANCES:
5 6 6 2 3 1 
6 1 4 5 5 5 
3 6 1 3 4 5 
6 5 4 2 3 4 
4 3 1 6 2 4 
2 2 3 1 1 2 


BINS USED:
1 1 1 3 1 1 2 3 2 3 1 4 3 4 4 4 3 5 2 5 4 3 6 5 5 2 2 6 6 6 6 5 6 5 2 0 


TRANSITION SEQUENCE:
-1 -1 0 -1 -1 -1 0 0.202381 0 -1 0 0.392857 0.178571 -1 0.380952 0.22619 -1 0.607143 -1 0.77381 -1 -1 -1 -1 1 0 -1 -1 -1 -1 -1 0.571429 -1 -1 -1 0 


CORRELATION COEFFICIENT:          0.294759
DETECTION POWER:                  0.360384

