
Cycle found:
------------
431123242103025135041405220015334554
------------
Valid sequence 


NORMALIZED NEURAL MODEL:
-1.000000 -1.000000 -1.000000 -1.000000 -1.000000 -1.000000 
-1.000000 0.000000 0.392857 0.571429 0.773810 1.000000 
-1.000000 -1.000000 0.000000 0.178571 0.380952 0.607143 
-1.000000 -1.000000 -1.000000 0.000000 0.202381 0.428571 
-1.000000 -1.000000 -1.000000 -1.000000 0.000000 0.226190 
-1.000000 -1.000000 -1.000000 -1.000000 -1.000000 0.000000 

NORMALIZED GUIDE FUNCTION:
0.296617 0.373141 0.447157 0.518189 0.585782 0.649502 0.708938 0.76371 0.813464 0.85788 0.896673 0.92959 0.956421 0.976991 0.991165 0.998852 1 0.994599 0.982682 0.964323 0.939637 0.908782 0.871951 0.829379 0.781338 0.728133 0.670103 0.607618 0.541077 0.470906 0.397552 0.321484 0.243189 0.163167 0.0819307 0 


BIN SEQUENCE:
1 2 2 2 3 3 3 4 4 4 5 5 5 6 6 6 6 6 6 5 5 5 4 4 4 3 3 3 2 2 2 1 1 1 1 1 


SEQUENCE OF PREFERRED BINS:
11  22  22  22  33  33  33  44  44  44  55  55  55  66  66  66  66  66  66  55  55  55  44  44  44  33  33  33  22  22  ...
22  31  31  31  42  42  42  53  53  53  64  64  64  55  55  55  55  55  55  64  64  64  53  53  53  42  42  42  31  31  ...
33  44  44  44  51  51  51  62  62  62  33  33  33  44  44  44  44  44  44  33  33  33  62  62  62  51  51  51  44  44  ...
44  55  55  55  66  66  66  11  11  11  22  22  22  33  33  33  33  33  33  22  22  22  11  11  11  66  66  66  55  55  ...
55  66  66  66  00  00  00  00  00  00  11  11  11  22  22  22  22  22  22  11  11  11  00  00  00  00  00  00  66  66  ...
66  00  00  00  00  00  00  00  00  00  00  00  00  11  11  11  11  11  11  00  00  00  00  00  00  00  00  00  00  00  ...


BIN ALLOCATION OF DISTANCES:
2 2 6 4 4 4 
5 1 3 6 6 6 
5 5 1 3 3 6 
5 2 3 1 3 6 
4 5 4 1 1 3 
4 5 2 2 1 2 


BINS USED:
1 2 1 3 3 3 3 4 5 5 4 5 6 6 5 6 6 4 4 5 6 4 4 2 1 5 2 2 6 2 1 3 3 2 1 0 


TRANSITION SEQUENCE:
-1 -1 0 0.392857 0.178571 -1 0.380952 -1 -1 -1 -1 -1 -1 0.607143 -1 0.571429 0.428571 -1 -1 -1 0.77381 -1 -1 -1 0 -1 -1 -1 1 -1 0 0.202381 0.22619 0 -1 0 


CORRELATION COEFFICIENT:          0.403724
DETECTION POWER:                  0.343492

