Unable to find a valid Hamiltonian Circuit.
Elapsed time: 2 seconds. Trying again...
Unable to find a valid Hamiltonian Circuit.
Elapsed time: 2 seconds. Trying again...

Cycle found:
------------
101205254042415355021300343322311445
------------
Valid sequence 


NORMALIZED NEURAL MODEL:
-1.000000 -1.000000 -1.000000 -1.000000 -1.000000 -1.000000 
-1.000000 0.000000 0.392857 0.571429 0.773810 1.000000 
-1.000000 -1.000000 0.000000 0.178571 0.380952 0.607143 
-1.000000 -1.000000 -1.000000 0.000000 0.202381 0.428571 
-1.000000 -1.000000 -1.000000 -1.000000 0.000000 0.226190 
-1.000000 -1.000000 -1.000000 -1.000000 -1.000000 0.000000 

NORMALIZED GUIDE FUNCTION:
0.722206 0.767288 0.809056 0.847245 0.881608 0.911928 0.938008 0.959684 0.976815 0.989293 0.997038 1 0.998161 0.991533 0.980159 0.964111 0.943492 0.918436 0.889102 0.855679 0.818381 0.777447 0.733139 0.685742 0.635559 0.582911 0.528137 0.471586 0.413621 0.354614 0.294942 0.234988 0.175135 0.115767 0.0572635 0 


BIN SEQUENCE:
3 3 3 4 4 4 5 5 5 6 6 6 6 6 6 5 5 5 4 4 4 3 3 3 2 2 2 2 2 2 1 1 1 1 1 1 


SEQUENCE OF PREFERRED BINS:
33  33  33  44  44  44  55  55  55  66  66  66  66  66  66  55  55  55  44  44  44  33  33  33  22  22  22  22  22  22  ...
42  42  42  53  53  53  64  64  64  55  55  55  55  55  55  64  64  64  53  53  53  42  42  42  31  31  31  31  31  31  ...
51  51  51  62  62  62  33  33  33  44  44  44  44  44  44  33  33  33  62  62  62  51  51  51  44  44  44  44  44  44  ...
66  66  66  11  11  11  22  22  22  33  33  33  33  33  33  22  22  22  11  11  11  66  66  66  55  55  55  55  55  55  ...
00  00  00  00  00  00  11  11  11  22  22  22  22  22  22  11  11  11  00  00  00  00  00  00  66  66  66  66  66  66  ...
00  00  00  00  00  00  00  00  00  11  11  11  11  11  11  00  00  00  00  00  00  00  00  00  00  00  00  00  00  00  ...


BIN ALLOCATION OF DISTANCES:
2 3 4 6 6 4 
4 1 4 5 6 6 
4 3 1 2 4 5 
3 6 6 1 2 5 
5 3 3 2 1 2 
1 2 5 3 5 1 


BINS USED:
4 3 4 4 4 5 5 5 5 6 3 4 3 6 3 5 1 1 4 3 5 3 2 6 2 2 1 6 1 2 6 1 6 1 2 0 


TRANSITION SEQUENCE:
-1 -1 0.392857 -1 -1 -1 0.607143 -1 -1 -1 -1 0.380952 -1 1 -1 0.428571 0 -1 -1 -1 0.571429 -1 -1 -1 0.202381 -1 0 -1 0 0.178571 -1 0 0.77381 0 0.22619 0 


CORRELATION COEFFICIENT:          0.365918
DETECTION POWER:                  0.309669

