
Cycle found:
------------
435020415445340055233211301225103142
------------
Valid sequence 


NORMALIZED NEURAL MODEL:
-1.000000 -1.000000 -1.000000 -1.000000 -1.000000 -1.000000 
-1.000000 0.000000 0.392857 0.571429 0.773810 1.000000 
-1.000000 -1.000000 0.000000 0.178571 0.380952 0.607143 
-1.000000 -1.000000 -1.000000 0.000000 0.202381 0.428571 
-1.000000 -1.000000 -1.000000 -1.000000 0.000000 0.226190 
-1.000000 -1.000000 -1.000000 -1.000000 -1.000000 0.000000 

NORMALIZED GUIDE FUNCTION:
1 0.944749 0.888132 0.830511 0.772256 0.71374 0.655337 0.597422 0.540366 0.484532 0.43028 0.377955 0.327893 0.280413 0.235819 0.194396 0.156409 0.122099 0.0916859 0.0653632 0.0432987 0.0256325 0.0124768 0.0039147 0 0.00075664 0.00617866 0.0162302 0.0308458 0.0499308 0.0733619 0.100988 0.132631 0.168088 0.20713 0.249506 


BIN SEQUENCE:
6 6 6 6 6 6 5 5 5 5 5 5 4 4 4 4 3 3 3 2 2 2 1 1 1 1 1 1 2 2 2 3 3 3 4 4 


SEQUENCE OF PREFERRED BINS:
66  66  66  66  66  66  55  55  55  55  55  55  44  44  44  44  33  33  33  22  22  22  11  11  11  11  11  11  22  22  ...
55  55  55  55  55  55  64  64  64  64  64  64  53  53  53  53  42  42  42  31  31  31  22  22  22  22  22  22  31  31  ...
44  44  44  44  44  44  33  33  33  33  33  33  62  62  62  62  51  51  51  44  44  44  33  33  33  33  33  33  44  44  ...
33  33  33  33  33  33  22  22  22  22  22  22  11  11  11  11  66  66  66  55  55  55  44  44  44  44  44  44  55  55  ...
22  22  22  22  22  22  11  11  11  11  11  11  00  00  00  00  00  00  00  66  66  66  55  55  55  55  55  55  66  66  ...
11  11  11  11  11  11  00  00  00  00  00  00  00  00  00  00  00  00  00  00  00  00  66  66  66  66  66  66  00  00  ...


BIN ALLOCATION OF DISTANCES:
4 1 6 2 5 2 
6 1 4 4 5 5 
6 1 1 3 4 5 
1 1 3 2 3 4 
2 6 2 6 3 3 
6 4 2 5 5 3 


BINS USED:
6 4 6 6 6 5 6 5 5 3 3 5 3 2 4 2 3 2 3 2 3 1 1 4 1 1 4 1 5 4 6 2 1 5 2 0 


TRANSITION SEQUENCE:
-1 0.428571 -1 -1 -1 -1 -1 1 -1 0 0.22619 -1 0.202381 -1 -1 -1 0 -1 0.178571 0 -1 -1 0 0.571429 -1 -1 0.392857 0 0.607143 -1 -1 -1 -1 0.77381 -1 0 


CORRELATION COEFFICIENT:          0.129497
DETECTION POWER:                  0.201605

