
Cycle found:
------------
334023112101351525032414542200553044
------------
Valid sequence 


NORMALIZED NEURAL MODEL:
-1.000000 -1.000000 -1.000000 -1.000000 -1.000000 -1.000000 
-1.000000 0.000000 0.392857 0.571429 0.773810 1.000000 
-1.000000 -1.000000 0.000000 0.178571 0.380952 0.607143 
-1.000000 -1.000000 -1.000000 0.000000 0.202381 0.428571 
-1.000000 -1.000000 -1.000000 -1.000000 0.000000 0.226190 
-1.000000 -1.000000 -1.000000 -1.000000 -1.000000 0.000000 

NORMALIZED GUIDE FUNCTION:
0 0.0884046 0.175524 0.260799 0.34368 0.423634 0.500145 0.572718 0.640885 0.704202 0.762259 0.814678 0.861117 0.901271 0.934875 0.961708 0.981588 0.994383 1 0.998397 0.989575 0.973583 0.950516 0.920513 0.883759 0.840483 0.790954 0.735482 0.674417 0.608144 0.537082 0.461681 0.38242 0.299802 0.214353 0.126618 


BIN SEQUENCE:
1 1 1 1 2 2 2 3 3 3 4 4 4 5 5 5 6 6 6 6 6 6 5 5 5 4 4 4 3 3 3 2 2 2 1 1 


SEQUENCE OF PREFERRED BINS:
11  11  11  11  22  22  22  33  33  33  44  44  44  55  55  55  66  66  66  66  66  66  55  55  55  44  44  44  33  33  ...
22  22  22  22  31  31  31  42  42  42  53  53  53  64  64  64  55  55  55  55  55  55  64  64  64  53  53  53  42  42  ...
33  33  33  33  44  44  44  51  51  51  62  62  62  33  33  33  44  44  44  44  44  44  33  33  33  62  62  62  51  51  ...
44  44  44  44  55  55  55  66  66  66  11  11  11  22  22  22  33  33  33  33  33  33  22  22  22  11  11  11  66  66  ...
55  55  55  55  66  66  66  00  00  00  00  00  00  11  11  11  22  22  22  22  22  22  11  11  11  00  00  00  00  00  ...
66  66  66  66  00  00  00  00  00  00  00  00  00  00  00  00  11  11  11  11  11  11  00  00  00  00  00  00  00  00  ...


BIN ALLOCATION OF DISTANCES:
3 5 1 6 2 1 
5 1 4 5 6 6 
1 3 1 2 4 6 
4 3 5 1 2 4 
2 5 3 4 2 3 
6 5 4 3 6 2 


BINS USED:
1 2 2 1 2 3 1 4 3 5 5 5 4 5 6 4 6 6 6 5 4 5 6 3 6 3 1 1 3 1 2 3 4 2 2 0 


TRANSITION SEQUENCE:
0 0.202381 -1 -1 0.178571 -1 0 0.392857 -1 -1 -1 0.571429 0.428571 -1 1 -1 0.607143 -1 -1 -1 0.380952 -1 0.77381 0.22619 -1 -1 0 -1 -1 -1 0 -1 -1 -1 0 0 


CORRELATION COEFFICIENT:          0.508586
DETECTION POWER:                  0.489666

