
Cycle found:
------------
513141035040253430552454423321122001
------------
Valid sequence 


NORMALIZED NEURAL MODEL:
-1.000000 -1.000000 -1.000000 -1.000000 -1.000000 -1.000000 
-1.000000 0.000000 0.392857 0.571429 0.773810 1.000000 
-1.000000 -1.000000 0.000000 0.178571 0.380952 0.607143 
-1.000000 -1.000000 -1.000000 0.000000 0.202381 0.428571 
-1.000000 -1.000000 -1.000000 -1.000000 0.000000 0.226190 
-1.000000 -1.000000 -1.000000 -1.000000 -1.000000 0.000000 

NORMALIZED GUIDE FUNCTION:
0.869823 0.899304 0.925281 0.947588 0.966084 0.980652 0.9912 0.997663 1 0.998198 0.992271 0.982258 0.968225 0.950262 0.928488 0.903042 0.874089 0.841816 0.806431 0.768162 0.727255 0.683972 0.638593 0.591408 0.542721 0.492843 0.442094 0.390801 0.339291 0.287894 0.23694 0.186754 0.137658 0.089966 0.043982 0 


BIN SEQUENCE:
4 4 4 5 5 5 6 6 6 6 6 6 5 5 5 4 4 4 3 3 3 3 3 3 2 2 2 2 2 2 1 1 1 1 1 1 


SEQUENCE OF PREFERRED BINS:
44  44  44  55  55  55  66  66  66  66  66  66  55  55  55  44  44  44  33  33  33  33  33  33  22  22  22  22  22  22  ...
53  53  53  64  64  64  55  55  55  55  55  55  64  64  64  53  53  53  42  42  42  42  42  42  31  31  31  31  31  31  ...
62  62  62  33  33  33  44  44  44  44  44  44  33  33  33  62  62  62  51  51  51  51  51  51  44  44  44  44  44  44  ...
11  11  11  22  22  22  33  33  33  33  33  33  22  22  22  11  11  11  66  66  66  66  66  66  55  55  55  55  55  55  ...
00  00  00  11  11  11  22  22  22  22  22  22  11  11  11  00  00  00  00  00  00  00  00  00  66  66  66  66  66  66  ...
00  00  00  00  00  00  11  11  11  11  11  11  00  00  00  00  00  00  00  00  00  00  00  00  00  00  00  00  00  00  ...


BIN ALLOCATION OF DISTANCES:
1 3 4 5 5 4 
6 1 3 4 6 6 
1 1 1 2 3 4 
2 4 2 1 3 3 
6 5 2 5 2 3 
6 4 5 5 6 2 


BINS USED:
4 4 4 6 5 6 5 3 6 5 6 4 4 5 3 5 2 4 2 5 3 3 6 2 2 2 1 2 1 1 3 1 1 1 3 0 


TRANSITION SEQUENCE:
-1 0.571429 -1 0.77381 -1 -1 -1 0.428571 -1 -1 -1 -1 0.607143 -1 0.202381 -1 -1 -1 0 -1 0.380952 0.22619 -1 0 -1 0.178571 0 -1 -1 0 0.392857 0 -1 -1 -1 0 


CORRELATION COEFFICIENT:          0.398938
DETECTION POWER:                  0.358051

