
Cycle found:
------------
315125543445335220500403023242141101
------------
Valid sequence 


NORMALIZED NEURAL MODEL:
-1.000000 -1.000000 -1.000000 -1.000000 -1.000000 -1.000000 
-1.000000 0.000000 0.392857 0.571429 0.773810 1.000000 
-1.000000 -1.000000 0.000000 0.178571 0.380952 0.607143 
-1.000000 -1.000000 -1.000000 0.000000 0.202381 0.428571 
-1.000000 -1.000000 -1.000000 -1.000000 0.000000 0.226190 
-1.000000 -1.000000 -1.000000 -1.000000 -1.000000 0.000000 

NORMALIZED GUIDE FUNCTION:
1 0.91538 0.83176 0.749675 0.669644 0.592174 0.517753 0.446846 0.379898 0.317324 0.259511 0.206814 0.159553 0.118014 0.0824444 0.0530523 0.0300059 0.0134321 0.00341593 0 0.00318456 0.0129275 0.0291448 0.0517113 0.0804615 0.115191 0.155657 0.201581 0.252652 0.308524 0.368825 0.433153 0.501082 0.572166 0.645938 0.721916 


BIN SEQUENCE:
6 6 6 6 6 5 5 5 4 4 4 3 3 3 2 2 2 1 1 1 1 1 1 2 2 2 3 3 3 4 4 4 5 5 5 6 


SEQUENCE OF PREFERRED BINS:
66  66  66  66  66  55  55  55  44  44  44  33  33  33  22  22  22  11  11  11  11  11  11  22  22  22  33  33  33  44  ...
55  55  55  55  55  64  64  64  53  53  53  42  42  42  31  31  31  22  22  22  22  22  22  31  31  31  42  42  42  53  ...
44  44  44  44  44  33  33  33  62  62  62  51  51  51  44  44  44  33  33  33  33  33  33  44  44  44  51  51  51  62  ...
33  33  33  33  33  22  22  22  11  11  11  66  66  66  55  55  55  44  44  44  44  44  44  55  55  55  66  66  66  11  ...
22  22  22  22  22  11  11  11  00  00  00  00  00  00  66  66  66  55  55  55  55  55  55  66  66  66  00  00  00  00  ...
11  11  11  11  11  00  00  00  00  00  00  00  00  00  00  00  00  66  66  66  66  66  66  00  00  00  00  00  00  00  ...


BIN ALLOCATION OF DISTANCES:
2 6 3 3 3 2 
2 2 5 5 5 6 
1 5 2 4 4 5 
1 6 6 3 4 5 
1 1 3 6 4 4 
1 6 1 2 3 4 


BINS USED:
6 6 6 5 5 4 3 6 4 4 4 2 3 5 1 2 1 2 1 2 3 1 3 1 3 4 6 4 3 5 5 1 2 2 6 0 


TRANSITION SEQUENCE:
-1 1 -1 0.392857 0.607143 0 -1 -1 0.202381 0 0.22619 -1 0 0.428571 -1 0 -1 -1 -1 -1 -1 -1 -1 -1 -1 0.178571 -1 0.380952 -1 -1 0.77381 -1 0 -1 -1 0 


CORRELATION COEFFICIENT:          0.232046
DETECTION POWER:                  0.259279

