
Cycle found:
------------
311033445500530142132524123515402204
------------
Valid sequence 


NORMALIZED NEURAL MODEL:
-1.000000 -1.000000 -1.000000 -1.000000 -1.000000 -1.000000 
-1.000000 0.000000 0.392857 0.571429 0.773810 1.000000 
-1.000000 -1.000000 0.000000 0.178571 0.380952 0.607143 
-1.000000 -1.000000 -1.000000 0.000000 0.202381 0.428571 
-1.000000 -1.000000 -1.000000 -1.000000 0.000000 0.226190 
-1.000000 -1.000000 -1.000000 -1.000000 -1.000000 0.000000 

NORMALIZED GUIDE FUNCTION:
0 0.0951693 0.188301 0.278802 0.366096 0.44963 0.528874 0.603327 0.672519 0.736016 0.79342 0.844371 0.888553 0.925693 0.955564 0.977986 0.992826 1 0.999474 0.991262 0.975429 0.952087 0.921397 0.883566 0.838847 0.787538 0.729975 0.666538 0.59764 0.523732 0.445294 0.362835 0.276889 0.188011 0.0967747 0.00376811 


BIN SEQUENCE:
1 1 1 2 2 2 3 3 3 4 4 4 5 5 5 6 6 6 6 6 6 5 5 5 4 4 4 3 3 3 2 2 2 1 1 1 


SEQUENCE OF PREFERRED BINS:
11  11  11  22  22  22  33  33  33  44  44  44  55  55  55  66  66  66  66  66  66  55  55  55  44  44  44  33  33  33  ...
22  22  22  31  31  31  42  42  42  53  53  53  64  64  64  55  55  55  55  55  55  64  64  64  53  53  53  42  42  42  ...
33  33  33  44  44  44  51  51  51  62  62  62  33  33  33  44  44  44  44  44  44  33  33  33  62  62  62  51  51  51  ...
44  44  44  55  55  55  66  66  66  11  11  11  22  22  22  33  33  33  33  33  33  22  22  22  11  11  11  66  66  66  ...
55  55  55  66  66  66  00  00  00  00  00  00  11  11  11  22  22  22  22  22  22  11  11  11  00  00  00  00  00  00  ...
66  66  66  00  00  00  00  00  00  00  00  00  00  00  00  11  11  11  11  11  11  00  00  00  00  00  00  00  00  00  ...


BIN ALLOCATION OF DISTANCES:
4 5 5 3 5 3 
2 1 4 6 6 6 
2 6 1 3 4 6 
5 2 6 2 3 4 
1 1 5 3 2 4 
4 1 2 5 1 3 


BINS USED:
2 1 2 3 2 3 2 4 3 4 4 3 5 5 5 6 5 6 6 6 6 2 4 1 4 3 4 1 6 1 1 5 1 2 5 0 


TRANSITION SEQUENCE:
-1 0 -1 -1 0 0.202381 0 0.22619 0 -1 -1 -1 -1 -1 -1 0.77381 -1 -1 0.571429 -1 0.607143 -1 0.380952 -1 0.392857 0.178571 0.428571 -1 1 -1 -1 -1 0 -1 -1 0 


CORRELATION COEFFICIENT:          0.40864
DETECTION POWER:                  0.488801

