
Cycle found:
------------
203343235245304015425502213100511441
------------
Valid sequence 


NORMALIZED NEURAL MODEL:
-1.000000 -1.000000 -1.000000 -1.000000 -1.000000 -1.000000 
-1.000000 0.000000 0.392857 0.571429 0.773810 1.000000 
-1.000000 -1.000000 0.000000 0.178571 0.380952 0.607143 
-1.000000 -1.000000 -1.000000 0.000000 0.202381 0.428571 
-1.000000 -1.000000 -1.000000 -1.000000 0.000000 0.226190 
-1.000000 -1.000000 -1.000000 -1.000000 -1.000000 0.000000 

NORMALIZED GUIDE FUNCTION:
0 0.0933534 0.184894 0.274035 0.360205 0.442854 0.521451 0.595494 0.664508 0.728051 0.785716 0.837134 0.881975 0.919954 0.950825 0.974393 0.990505 0.999059 1 0.993322 0.979068 0.957329 0.928245 0.892002 0.848832 0.799012 0.742861 0.680738 0.613042 0.540206 0.462697 0.381011 0.295671 0.207224 0.116237 0.0232919 


BIN SEQUENCE:
1 1 1 2 2 2 3 3 3 4 4 4 5 5 5 6 6 6 6 6 6 5 5 5 4 4 4 3 3 3 2 2 2 1 1 1 


SEQUENCE OF PREFERRED BINS:
11  11  11  22  22  22  33  33  33  44  44  44  55  55  55  66  66  66  66  66  66  55  55  55  44  44  44  33  33  33  ...
22  22  22  31  31  31  42  42  42  53  53  53  64  64  64  55  55  55  55  55  55  64  64  64  53  53  53  42  42  42  ...
33  33  33  44  44  44  51  51  51  62  62  62  33  33  33  44  44  44  44  44  44  33  33  33  62  62  62  51  51  51  ...
44  44  44  55  55  55  66  66  66  11  11  11  22  22  22  33  33  33  33  33  33  22  22  22  11  11  11  66  66  66  ...
55  55  55  66  66  66  00  00  00  00  00  00  11  11  11  22  22  22  22  22  22  11  11  11  00  00  00  00  00  00  ...
66  66  66  00  00  00  00  00  00  00  00  00  00  00  00  11  11  11  11  11  11  00  00  00  00  00  00  00  00  00  ...


BIN ALLOCATION OF DISTANCES:
2 4 3 1 4 1 
3 1 5 5 6 6 
1 5 2 3 4 6 
6 6 4 2 3 5 
5 3 3 2 2 4 
1 1 4 5 6 2 


BINS USED:
1 1 2 3 2 4 3 5 4 4 4 5 6 4 5 4 6 6 3 6 2 1 3 2 5 5 6 3 2 1 1 1 6 2 3 0 


TRANSITION SEQUENCE:
-1 -1 0 0.202381 -1 -1 0.178571 0.428571 -1 0.380952 0.22619 -1 -1 -1 -1 -1 1 -1 -1 0.607143 0 -1 -1 0 -1 0.571429 -1 -1 -1 -1 -1 0 0.77381 0 -1 0 


CORRELATION COEFFICIENT:          0.267877
DETECTION POWER:                  0.252676

