
Cycle found:
------------
253541512423455040322011002144331305
------------
Valid sequence 


NORMALIZED NEURAL MODEL:
-1.000000 -1.000000 -1.000000 -1.000000 -1.000000 -1.000000 
-1.000000 0.000000 0.392857 0.571429 0.773810 1.000000 
-1.000000 -1.000000 0.000000 0.178571 0.380952 0.607143 
-1.000000 -1.000000 -1.000000 0.000000 0.202381 0.428571 
-1.000000 -1.000000 -1.000000 -1.000000 0.000000 0.226190 
-1.000000 -1.000000 -1.000000 -1.000000 -1.000000 0.000000 

NORMALIZED GUIDE FUNCTION:
1 0.938482 0.876004 0.812964 0.749768 0.686819 0.624521 0.563274 0.50347 0.445494 0.389718 0.336501 0.286185 0.239095 0.195533 0.155782 0.120098 0.0887125 0.0618289 0.0396222 0.0222375 0.00978916 0.00235978 0 0.00272796 0.0105292 0.0233569 0.0411317 0.0637427 0.091048 0.122875 0.159024 0.199264 0.243341 0.290974 0.34186 


BIN SEQUENCE:
6 6 6 6 6 6 5 5 5 5 5 4 4 4 3 3 3 2 2 2 1 1 1 1 1 1 2 2 2 3 3 3 4 4 4 5 


SEQUENCE OF PREFERRED BINS:
66  66  66  66  66  66  55  55  55  55  55  44  44  44  33  33  33  22  22  22  11  11  11  11  11  11  22  22  22  33  ...
55  55  55  55  55  55  64  64  64  64  64  53  53  53  42  42  42  31  31  31  22  22  22  22  22  22  31  31  31  42  ...
44  44  44  44  44  44  33  33  33  33  33  62  62  62  51  51  51  44  44  44  33  33  33  33  33  33  44  44  44  51  ...
33  33  33  33  33  33  22  22  22  22  22  11  11  11  66  66  66  55  55  55  44  44  44  44  44  44  55  55  55  66  ...
22  22  22  22  22  22  11  11  11  11  11  00  00  00  00  00  00  66  66  66  55  55  55  55  55  55  66  66  66  00  ...
11  11  11  11  11  11  00  00  00  00  00  00  00  00  00  00  00  00  00  00  66  66  66  66  66  66  00  00  00  00  ...


BIN ALLOCATION OF DISTANCES:
5 3 6 2 3 1 
4 1 5 6 6 6 
3 3 1 4 5 6 
3 1 2 1 4 5 
4 6 5 2 2 4 
2 3 1 5 4 2 


BINS USED:
6 5 5 4 6 6 3 5 5 5 4 4 4 2 2 3 4 2 2 1 3 3 1 4 5 6 3 6 2 2 1 1 6 3 1 0 


TRANSITION SEQUENCE:
0.607143 -1 0.428571 -1 -1 1 -1 0.392857 0.380952 -1 0.178571 0.202381 0.22619 0 -1 -1 -1 -1 -1 0 -1 -1 0 -1 -1 -1 -1 0.77381 0 -1 0 -1 0.571429 -1 -1 0 


CORRELATION COEFFICIENT:          0.340711
DETECTION POWER:                  0.288544

