
Cycle found:
------------
334452201123053541024004250321551314
------------
Valid sequence 


NORMALIZED NEURAL MODEL:
-1.000000 -1.000000 -1.000000 -1.000000 -1.000000 -1.000000 
-1.000000 0.000000 0.392857 0.571429 0.773810 1.000000 
-1.000000 -1.000000 0.000000 0.178571 0.380952 0.607143 
-1.000000 -1.000000 -1.000000 0.000000 0.202381 0.428571 
-1.000000 -1.000000 -1.000000 -1.000000 0.000000 0.226190 
-1.000000 -1.000000 -1.000000 -1.000000 -1.000000 0.000000 

NORMALIZED GUIDE FUNCTION:
0 0.0434217 0.0888727 0.136062 0.184686 0.234435 0.284988 0.336023 0.387213 0.438229 0.488746 0.538439 0.58699 0.634089 0.679434 0.722735 0.763716 0.802113 0.837681 0.870194 0.899442 0.92524 0.947422 0.965846 0.980397 0.990979 0.997528 1 0.998381 0.992682 0.982939 0.969216 0.951601 0.930208 0.905173 0.876658 


BIN SEQUENCE:
1 1 1 1 1 1 2 2 2 2 2 2 3 3 3 3 3 3 4 4 4 4 5 5 5 6 6 6 6 6 6 5 5 5 4 4 


SEQUENCE OF PREFERRED BINS:
11  11  11  11  11  11  22  22  22  22  22  22  33  33  33  33  33  33  44  44  44  44  55  55  55  66  66  66  66  66  ...
22  22  22  22  22  22  31  31  31  31  31  31  42  42  42  42  42  42  53  53  53  53  64  64  64  55  55  55  55  55  ...
33  33  33  33  33  33  44  44  44  44  44  44  51  51  51  51  51  51  62  62  62  62  33  33  33  44  44  44  44  44  ...
44  44  44  44  44  44  55  55  55  55  55  55  66  66  66  66  66  66  11  11  11  11  22  22  22  33  33  33  33  33  ...
55  55  55  55  55  55  66  66  66  66  66  66  00  00  00  00  00  00  00  00  00  00  11  11  11  22  22  22  22  22  ...
66  66  66  66  66  66  00  00  00  00  00  00  00  00  00  00  00  00  00  00  00  00  00  00  00  11  11  11  11  11  ...


BIN ALLOCATION OF DISTANCES:
6 2 5 1 6 4 
5 1 4 5 5 6 
2 1 1 3 3 5 
3 5 6 1 3 4 
4 3 6 4 2 3 
6 4 1 2 2 2 


BINS USED:
1 3 2 3 1 1 2 2 1 4 3 3 4 2 4 2 3 5 5 3 4 6 6 6 5 6 1 6 1 6 2 4 5 5 5 0 


TRANSITION SEQUENCE:
0 0.202381 0 0.22619 -1 0 -1 -1 0 0.392857 0.178571 -1 -1 -1 0.428571 -1 -1 -1 -1 0.380952 -1 -1 -1 -1 0.607143 -1 -1 -1 -1 1 0 -1 0.571429 -1 0.77381 0 


CORRELATION COEFFICIENT:          0.447017
DETECTION POWER:                  0.303473

