Unable to find a valid Hamiltonian Circuit.
Elapsed time: 2 seconds. Trying again...

Cycle found:
------------
525024031542001053041234322113355144
------------
Valid sequence 


NORMALIZED NEURAL MODEL:
-1.000000 -1.000000 -1.000000 -1.000000 -1.000000 -1.000000 
-1.000000 0.000000 0.392857 0.571429 0.773810 1.000000 
-1.000000 -1.000000 0.000000 0.178571 0.380952 0.607143 
-1.000000 -1.000000 -1.000000 0.000000 0.202381 0.428571 
-1.000000 -1.000000 -1.000000 -1.000000 0.000000 0.226190 
-1.000000 -1.000000 -1.000000 -1.000000 -1.000000 0.000000 

NORMALIZED GUIDE FUNCTION:
0.943899 0.961715 0.976273 0.98746 0.995187 0.999382 1 0.997016 0.99043 0.980263 0.966562 0.949395 0.928855 0.905055 0.87813 0.848238 0.815555 0.780276 0.742616 0.702803 0.661085 0.617718 0.572975 0.527136 0.480492 0.433338 0.385976 0.338711 0.291848 0.245691 0.200541 0.156695 0.114443 0.0740653 0.0358317 0 


BIN SEQUENCE:
5 5 5 6 6 6 6 6 6 5 5 5 4 4 4 4 4 4 3 3 3 3 3 3 2 2 2 2 2 2 1 1 1 1 1 1 


SEQUENCE OF PREFERRED BINS:
55  55  55  66  66  66  66  66  66  55  55  55  44  44  44  44  44  44  33  33  33  33  33  33  22  22  22  22  22  22  ...
64  64  64  55  55  55  55  55  55  64  64  64  53  53  53  53  53  53  42  42  42  42  42  42  31  31  31  31  31  31  ...
33  33  33  44  44  44  44  44  44  33  33  33  62  62  62  62  62  62  51  51  51  51  51  51  44  44  44  44  44  44  ...
22  22  22  33  33  33  33  33  33  22  22  22  11  11  11  11  11  11  66  66  66  66  66  66  55  55  55  55  55  55  ...
11  11  11  22  22  22  22  22  22  11  11  11  00  00  00  00  00  00  00  00  00  00  00  00  66  66  66  66  66  66  ...
00  00  00  11  11  11  11  11  11  00  00  00  00  00  00  00  00  00  00  00  00  00  00  00  00  00  00  00  00  00  ...


BIN ALLOCATION OF DISTANCES:
4 5 6 6 2 2 
4 1 4 5 5 6 
2 1 1 2 4 5 
3 5 2 1 2 5 
6 3 4 4 1 3 
6 3 6 3 3 1 


BINS USED:
6 5 6 6 4 6 6 5 6 3 4 2 4 5 4 2 3 3 2 3 4 2 2 4 2 1 1 1 5 1 5 1 3 5 1 0 


TRANSITION SEQUENCE:
-1 0.607143 -1 -1 0.380952 -1 -1 -1 1 -1 -1 -1 -1 -1 -1 -1 -1 -1 -1 -1 0.392857 0.178571 0.202381 -1 -1 0 -1 0 0.571429 0 0.428571 0 -1 0.77381 0 0 


CORRELATION COEFFICIENT:          0.312476
DETECTION POWER:                  0.203717

