
Cycle found:
------------
331011514550341352544043230022124205
------------
Valid sequence 


NORMALIZED NEURAL MODEL:
-1.000000 -1.000000 -1.000000 -1.000000 -1.000000 -1.000000 
-1.000000 0.000000 0.392857 0.571429 0.773810 1.000000 
-1.000000 -1.000000 0.000000 0.178571 0.380952 0.607143 
-1.000000 -1.000000 -1.000000 0.000000 0.202381 0.428571 
-1.000000 -1.000000 -1.000000 -1.000000 0.000000 0.226190 
-1.000000 -1.000000 -1.000000 -1.000000 -1.000000 0.000000 

NORMALIZED GUIDE FUNCTION:
0.307582 0.383921 0.457652 0.528304 0.595427 0.658593 0.717399 0.771472 0.820467 0.864074 0.902016 0.934054 0.959986 0.979648 0.992918 0.999716 1 0.993773 0.981077 0.961999 0.936663 0.905235 0.867919 0.824958 0.776631 0.723248 0.665156 0.602728 0.536366 0.466498 0.393573 0.31806 0.240443 0.161221 0.0809017 0 


BIN SEQUENCE:
1 2 2 2 3 3 3 4 4 4 5 5 5 6 6 6 6 6 6 5 5 5 4 4 4 3 3 3 2 2 2 1 1 1 1 1 


SEQUENCE OF PREFERRED BINS:
11  22  22  22  33  33  33  44  44  44  55  55  55  66  66  66  66  66  66  55  55  55  44  44  44  33  33  33  22  22  ...
22  31  31  31  42  42  42  53  53  53  64  64  64  55  55  55  55  55  55  64  64  64  53  53  53  42  42  42  31  31  ...
33  44  44  44  51  51  51  62  62  62  33  33  33  44  44  44  44  44  44  33  33  33  62  62  62  51  51  51  44  44  ...
44  55  55  55  66  66  66  11  11  11  22  22  22  33  33  33  33  33  33  22  22  22  11  11  11  66  66  66  55  55  ...
55  66  66  66  00  00  00  00  00  00  11  11  11  22  22  22  22  22  22  11  11  11  00  00  00  00  00  00  66  66  ...
66  00  00  00  00  00  00  00  00  00  00  00  00  11  11  11  11  11  11  00  00  00  00  00  00  00  00  00  00  00  ...


BIN ALLOCATION OF DISTANCES:
3 2 3 5 5 1 
2 1 6 6 6 6 
2 1 1 4 5 6 
3 2 4 1 4 6 
3 5 2 3 4 4 
5 2 5 3 1 4 


BINS USED:
1 2 2 2 1 6 2 6 4 4 5 5 4 5 6 6 5 6 1 4 3 5 3 4 4 3 3 3 1 1 6 5 2 2 1 0 


TRANSITION SEQUENCE:
0 -1 -1 -1 0 1 -1 0.77381 0.22619 0 -1 -1 0.202381 -1 0.571429 0.428571 -1 0.607143 -1 0 -1 -1 -1 -1 0.178571 -1 -1 -1 0 -1 0.392857 0.380952 -1 -1 -1 0 


CORRELATION COEFFICIENT:          0.185595
DETECTION POWER:                  0.261893

