
Cycle found:
------------
023124154535503201004421133430522514
------------
Valid sequence 


NORMALIZED NEURAL MODEL:
-1.000000 -1.000000 -1.000000 -1.000000 -1.000000 -1.000000 
-1.000000 0.000000 0.392857 0.571429 0.773810 1.000000 
-1.000000 -1.000000 0.000000 0.178571 0.380952 0.607143 
-1.000000 -1.000000 -1.000000 0.000000 0.202381 0.428571 
-1.000000 -1.000000 -1.000000 -1.000000 0.000000 0.226190 
-1.000000 -1.000000 -1.000000 -1.000000 -1.000000 0.000000 

NORMALIZED GUIDE FUNCTION:
0.782978 0.822357 0.858298 0.890574 0.91898 0.943337 0.963494 0.979322 0.990724 0.99763 1 0.997821 0.99111 0.979913 0.964307 0.944392 0.920301 0.89219 0.860242 0.824665 0.785689 0.743566 0.698568 0.650985 0.601123 0.549304 0.495861 0.441136 0.385482 0.329255 0.272816 0.216527 0.160747 0.105833 0.0521363 0 


BIN SEQUENCE:
3 3 4 4 4 5 5 5 6 6 6 6 6 6 5 5 5 4 4 4 3 3 3 3 2 2 2 2 2 2 1 1 1 1 1 1 


SEQUENCE OF PREFERRED BINS:
33  33  44  44  44  55  55  55  66  66  66  66  66  66  55  55  55  44  44  44  33  33  33  33  22  22  22  22  22  22  ...
42  42  53  53  53  64  64  64  55  55  55  55  55  55  64  64  64  53  53  53  42  42  42  42  31  31  31  31  31  31  ...
51  51  62  62  62  33  33  33  44  44  44  44  44  44  33  33  33  62  62  62  51  51  51  51  44  44  44  44  44  44  ...
66  66  11  11  11  22  22  22  33  33  33  33  33  33  22  22  22  11  11  11  66  66  66  66  55  55  55  55  55  55  ...
00  00  00  00  00  11  11  11  22  22  22  22  22  22  11  11  11  00  00  00  00  00  00  00  66  66  66  66  66  66  ...
00  00  00  00  00  00  00  00  11  11  11  11  11  11  00  00  00  00  00  00  00  00  00  00  00  00  00  00  00  00  ...


BIN ALLOCATION OF DISTANCES:
4 5 3 5 2 1 
6 1 5 6 6 6 
5 3 1 3 4 6 
1 4 3 2 3 5 
4 5 2 4 2 4 
2 1 1 3 6 2 


BINS USED:
3 3 4 5 4 5 6 6 4 3 5 2 2 5 3 5 5 6 4 2 2 2 3 1 6 2 3 4 1 1 1 1 6 1 6 0 


TRANSITION SEQUENCE:
-1 0.178571 -1 0.392857 0.380952 -1 1 -1 0.22619 -1 0.428571 0 -1 -1 -1 -1 -1 -1 -1 -1 0 -1 -1 0 0.571429 0 0.202381 -1 -1 -1 -1 0 0.607143 -1 0.77381 0 


CORRELATION COEFFICIENT:          0.01759
DETECTION POWER:                  0.238717

