
Cycle found:
------------
433244123400550425351021301152203145
------------
Valid sequence 


NORMALIZED NEURAL MODEL:
-1.000000 -1.000000 -1.000000 -1.000000 -1.000000 -1.000000 
-1.000000 0.000000 0.392857 0.571429 0.773810 1.000000 
-1.000000 -1.000000 0.000000 0.178571 0.380952 0.607143 
-1.000000 -1.000000 -1.000000 0.000000 0.202381 0.428571 
-1.000000 -1.000000 -1.000000 -1.000000 0.000000 0.226190 
-1.000000 -1.000000 -1.000000 -1.000000 -1.000000 0.000000 

NORMALIZED GUIDE FUNCTION:
0.473677 0.538323 0.600121 0.658675 0.713608 0.764566 0.811221 0.853271 0.890447 0.922506 0.949241 0.970478 0.98608 0.995942 1 0.998224 0.990624 0.977245 0.95817 0.933518 0.903446 0.868143 0.827833 0.782772 0.733246 0.67957 0.622087 0.561163 0.497186 0.430566 0.361727 0.291109 0.219165 0.146354 0.0731431 0 


BIN SEQUENCE:
2 2 2 3 3 3 4 4 4 5 5 5 6 6 6 6 6 6 5 5 5 4 4 4 3 3 3 2 2 2 1 1 1 1 1 1 


SEQUENCE OF PREFERRED BINS:
22  22  22  33  33  33  44  44  44  55  55  55  66  66  66  66  66  66  55  55  55  44  44  44  33  33  33  22  22  22  ...
31  31  31  42  42  42  53  53  53  64  64  64  55  55  55  55  55  55  64  64  64  53  53  53  42  42  42  31  31  31  ...
44  44  44  51  51  51  62  62  62  33  33  33  44  44  44  44  44  44  33  33  33  62  62  62  51  51  51  44  44  44  ...
55  55  55  66  66  66  11  11  11  22  22  22  33  33  33  33  33  33  22  22  22  11  11  11  66  66  66  55  55  55  ...
66  66  66  00  00  00  00  00  00  11  11  11  22  22  22  22  22  22  11  11  11  00  00  00  00  00  00  66  66  66  ...
00  00  00  00  00  00  00  00  00  00  00  00  11  11  11  11  11  11  00  00  00  00  00  00  00  00  00  00  00  00  ...


BIN ALLOCATION OF DISTANCES:
5 2 3 2 4 6 
5 1 5 5 6 6 
1 1 1 4 4 6 
1 6 3 1 4 5 
5 4 6 2 3 4 
3 2 2 3 2 3 


BINS USED:
2 1 3 4 3 4 5 4 4 5 5 6 3 3 4 6 6 3 5 2 5 3 1 5 1 2 1 6 2 1 1 2 6 6 4 0 


TRANSITION SEQUENCE:
-1 0 -1 0.380952 0 -1 0.392857 0.178571 0.202381 -1 -1 -1 0 -1 -1 -1 0.607143 -1 0.428571 -1 -1 -1 -1 0.571429 -1 -1 0 1 -1 0 -1 -1 -1 0.77381 0.22619 0 


CORRELATION COEFFICIENT:          0.0343488
DETECTION POWER:                  0.168695

