
Cycle found:
------------
241213515430145003440533110223204255
------------
Valid sequence 


NORMALIZED NEURAL MODEL:
-1.000000 -1.000000 -1.000000 -1.000000 -1.000000 -1.000000 
-1.000000 0.000000 0.392857 0.571429 0.773810 1.000000 
-1.000000 -1.000000 0.000000 0.178571 0.380952 0.607143 
-1.000000 -1.000000 -1.000000 0.000000 0.202381 0.428571 
-1.000000 -1.000000 -1.000000 -1.000000 0.000000 0.226190 
-1.000000 -1.000000 -1.000000 -1.000000 -1.000000 0.000000 

NORMALIZED GUIDE FUNCTION:
0.835474 0.869522 0.899974 0.926643 0.949368 0.968012 0.982466 0.992647 0.998501 1 0.997145 0.989965 0.978517 0.962883 0.943175 0.919528 0.892103 0.861085 0.826681 0.78912 0.748649 0.705536 0.660063 0.612526 0.563236 0.512511 0.46068 0.408078 0.355044 0.301918 0.24904 0.196748 0.145377 0.0952512 0.04669 0 


BIN SEQUENCE:
4 4 4 5 5 5 6 6 6 6 6 6 5 5 5 4 4 4 3 3 3 3 3 3 2 2 2 2 2 2 1 1 1 1 1 1 


SEQUENCE OF PREFERRED BINS:
44  44  44  55  55  55  66  66  66  66  66  66  55  55  55  44  44  44  33  33  33  33  33  33  22  22  22  22  22  22  ...
53  53  53  64  64  64  55  55  55  55  55  55  64  64  64  53  53  53  42  42  42  42  42  42  31  31  31  31  31  31  ...
62  62  62  33  33  33  44  44  44  44  44  44  33  33  33  62  62  62  51  51  51  51  51  51  44  44  44  44  44  44  ...
11  11  11  22  22  22  33  33  33  33  33  33  22  22  22  11  11  11  66  66  66  66  66  66  55  55  55  55  55  55  ...
00  00  00  11  11  11  22  22  22  22  22  22  11  11  11  00  00  00  00  00  00  00  00  00  66  66  66  66  66  66  ...
00  00  00  00  00  00  11  11  11  11  11  11  00  00  00  00  00  00  00  00  00  00  00  00  00  00  00  00  00  00  ...


BIN ALLOCATION OF DISTANCES:
4 6 2 5 1 2 
4 1 4 5 6 6 
1 6 1 3 4 6 
3 2 1 2 3 5 
2 4 1 5 2 3 
4 6 5 3 5 3 


BINS USED:
4 4 4 6 5 5 6 6 5 5 3 6 6 3 4 4 5 3 2 2 2 3 2 2 1 4 2 1 3 1 1 1 1 6 3 0 


TRANSITION SEQUENCE:
0.380952 -1 0.392857 -1 0.571429 0.428571 -1 1 -1 -1 -1 -1 0.77381 0.22619 -1 -1 -1 0.202381 0 -1 -1 -1 0 -1 0 -1 -1 0 0.178571 -1 -1 -1 -1 0.607143 0 0 


CORRELATION COEFFICIENT:          0.341937
DETECTION POWER:                  0.390874

