
Cycle found:
------------
243025154501355231053421120044140332
------------
Valid sequence 


NORMALIZED NEURAL MODEL:
-1.000000 -1.000000 -1.000000 -1.000000 -1.000000 -1.000000 
-1.000000 0.000000 0.392857 0.571429 0.773810 1.000000 
-1.000000 -1.000000 0.000000 0.178571 0.380952 0.607143 
-1.000000 -1.000000 -1.000000 0.000000 0.202381 0.428571 
-1.000000 -1.000000 -1.000000 -1.000000 0.000000 0.226190 
-1.000000 -1.000000 -1.000000 -1.000000 -1.000000 0.000000 

NORMALIZED GUIDE FUNCTION:
0.666665 0.753102 0.826755 0.887379 0.934881 0.969322 0.990909 1 0.997088 0.982801 0.957893 0.923233 0.879797 0.828655 0.770962 0.707942 0.640876 0.571089 0.499935 0.428782 0.358998 0.291938 0.228926 0.171243 0.120114 0.0766918 0.042048 0.0171578 0.00289077 0 0.0091134 0.0307256 0.0651913 0.11272 0.173371 0.247052 


BIN SEQUENCE:
4 4 5 5 5 6 6 6 6 6 6 5 5 5 4 4 4 4 3 3 3 3 3 2 2 2 1 1 1 1 1 1 2 2 2 3 


SEQUENCE OF PREFERRED BINS:
44  44  55  55  55  66  66  66  66  66  66  55  55  55  44  44  44  44  33  33  33  33  33  22  22  22  11  11  11  11  ...
53  53  64  64  64  55  55  55  55  55  55  64  64  64  53  53  53  53  42  42  42  42  42  31  31  31  22  22  22  22  ...
62  62  33  33  33  44  44  44  44  44  44  33  33  33  62  62  62  62  51  51  51  51  51  44  44  44  33  33  33  33  ...
11  11  22  22  22  33  33  33  33  33  33  22  22  22  11  11  11  11  66  66  66  66  66  55  55  55  44  44  44  44  ...
00  00  11  11  11  22  22  22  22  22  22  11  11  11  00  00  00  00  00  00  00  00  00  66  66  66  55  55  55  55  ...
00  00  00  00  00  11  11  11  11  11  11  00  00  00  00  00  00  00  00  00  00  00  00  00  00  00  66  66  66  66  ...


BIN ALLOCATION OF DISTANCES:
1 5 5 5 5 4 
2 1 6 6 6 6 
2 2 1 3 4 6 
5 4 3 1 3 6 
2 2 3 4 1 3 
4 5 2 1 4 3 


BINS USED:
4 4 5 5 6 5 6 4 3 4 5 6 6 3 2 3 4 2 4 1 3 3 2 1 6 2 1 5 1 2 6 2 5 1 3 0 


TRANSITION SEQUENCE:
0.380952 -1 -1 -1 0.607143 -1 1 -1 0.22619 -1 -1 0.571429 0.428571 0 -1 0.178571 -1 -1 -1 -1 0.202381 -1 -1 0 0.392857 -1 -1 -1 0 -1 0.77381 -1 -1 0 -1 0 


CORRELATION COEFFICIENT:          0.254978
DETECTION POWER:                  0.282875

