
Cycle found:
------------
540334452311243210253041514220055013
------------
Valid sequence 


NORMALIZED NEURAL MODEL:
-1.000000 -1.000000 -1.000000 -1.000000 -1.000000 -1.000000 
-1.000000 0.000000 0.392857 0.571429 0.773810 1.000000 
-1.000000 -1.000000 0.000000 0.178571 0.380952 0.607143 
-1.000000 -1.000000 -1.000000 0.000000 0.202381 0.428571 
-1.000000 -1.000000 -1.000000 -1.000000 0.000000 0.226190 
-1.000000 -1.000000 -1.000000 -1.000000 -1.000000 0.000000 

NORMALIZED GUIDE FUNCTION:
0.0366546 0.0223434 0.0114587 0.00407529 0.000245772 0 0.00334489 0.0102643 0.0207193 0.034648 0.0519663 0.0725682 0.0963264 0.123093 0.152702 0.184966 0.219684 0.256635 0.295587 0.336292 0.378492 0.42192 0.466297 0.511342 0.556765 0.602278 0.647587 0.692403 0.736437 0.779405 0.821031 0.861046 0.899191 0.935218 0.968894 1 


BIN SEQUENCE:
2 2 1 1 1 1 1 1 2 2 2 2 3 3 3 3 3 3 4 4 4 4 4 4 5 5 5 5 5 5 6 6 6 6 6 6 


SEQUENCE OF PREFERRED BINS:
22  22  11  11  11  11  11  11  22  22  22  22  33  33  33  33  33  33  44  44  44  44  44  44  55  55  55  55  55  55  ...
31  31  22  22  22  22  22  22  31  31  31  31  42  42  42  42  42  42  53  53  53  53  53  53  64  64  64  64  64  64  ...
44  44  33  33  33  33  33  33  44  44  44  44  51  51  51  51  51  51  62  62  62  62  62  62  33  33  33  33  33  33  ...
55  55  44  44  44  44  44  44  55  55  55  55  66  66  66  66  66  66  11  11  11  11  11  11  22  22  22  22  22  22  ...
66  66  55  55  55  55  55  55  66  66  66  66  00  00  00  00  00  00  00  00  00  00  00  00  11  11  11  11  11  11  ...
00  00  66  66  66  66  66  66  00  00  00  00  00  00  00  00  00  00  00  00  00  00  00  00  00  00  00  00  00  00  ...


BIN ALLOCATION OF DISTANCES:
5 6 2 1 5 5 
4 1 3 4 5 5 
6 3 1 2 3 4 
6 4 6 1 3 3 
2 6 6 4 1 3 
2 5 1 4 2 2 


BINS USED:
2 2 1 1 3 1 3 1 2 4 1 3 3 4 6 3 4 2 4 4 6 5 6 5 5 5 6 1 6 5 5 2 2 6 4 0 


TRANSITION SEQUENCE:
-1 -1 -1 0 0.202381 0 0.22619 -1 0.178571 -1 0 0.392857 0.380952 -1 -1 -1 -1 -1 0.607143 -1 -1 -1 -1 1 -1 0.77381 -1 0 -1 -1 -1 0 -1 -1 0.571429 0 


CORRELATION COEFFICIENT:          0.115412
DETECTION POWER:                  0.376593

