
Cycle found:
------------
411002324530420550352512214013344315
------------
Valid sequence 


NORMALIZED NEURAL MODEL:
-1.000000 -1.000000 -1.000000 -1.000000 -1.000000 -1.000000 
-1.000000 0.000000 0.392857 0.571429 0.773810 1.000000 
-1.000000 -1.000000 0.000000 0.178571 0.380952 0.607143 
-1.000000 -1.000000 -1.000000 0.000000 0.202381 0.428571 
-1.000000 -1.000000 -1.000000 -1.000000 0.000000 0.226190 
-1.000000 -1.000000 -1.000000 -1.000000 -1.000000 0.000000 

NORMALIZED GUIDE FUNCTION:
0.409664 0.48512 0.55674 0.624105 0.686823 0.744542 0.796945 0.843753 0.884728 0.919673 0.948432 0.970893 0.986985 0.996683 1 0.996995 0.987765 0.972448 0.951222 0.924299 0.891929 0.854391 0.811999 0.765093 0.714037 0.659221 0.601053 0.539958 0.476376 0.410756 0.343555 0.275237 0.206264 0.137097 0.0681929 0 


BIN SEQUENCE:
2 2 2 3 3 3 4 4 4 5 5 5 6 6 6 6 6 6 5 5 5 4 4 4 3 3 3 2 2 2 1 1 1 1 1 1 


SEQUENCE OF PREFERRED BINS:
22  22  22  33  33  33  44  44  44  55  55  55  66  66  66  66  66  66  55  55  55  44  44  44  33  33  33  22  22  22  ...
31  31  31  42  42  42  53  53  53  64  64  64  55  55  55  55  55  55  64  64  64  53  53  53  42  42  42  31  31  31  ...
44  44  44  51  51  51  62  62  62  33  33  33  44  44  44  44  44  44  33  33  33  62  62  62  51  51  51  44  44  44  ...
55  55  55  66  66  66  11  11  11  22  22  22  33  33  33  33  33  33  22  22  22  11  11  11  66  66  66  55  55  55  ...
66  66  66  00  00  00  00  00  00  11  11  11  22  22  22  22  22  22  11  11  11  00  00  00  00  00  00  66  66  66  ...
00  00  00  00  00  00  00  00  00  00  00  00  11  11  11  11  11  11  00  00  00  00  00  00  00  00  00  00  00  00  ...


BIN ALLOCATION OF DISTANCES:
3 2 4 6 6 6 
3 1 4 5 5 6 
6 2 1 3 4 5 
5 1 4 2 3 5 
3 2 6 1 2 4 
2 1 1 4 5 3 


BINS USED:
2 1 3 3 4 3 4 4 4 4 5 6 6 6 6 3 2 6 5 1 5 1 4 1 2 5 3 2 5 2 3 2 1 1 6 0 


TRANSITION SEQUENCE:
-1 0 -1 -1 -1 0.178571 -1 0.380952 0.22619 -1 -1 -1 -1 -1 -1 0 -1 -1 0.428571 -1 0.607143 -1 0.392857 0 -1 0.77381 -1 -1 0.571429 0 0.202381 0 -1 -1 1 0 


CORRELATION COEFFICIENT:          -0.0080342
DETECTION POWER:                  0.16514

