
Cycle found:
------------
332200210113123055034241535452514044
------------
Valid sequence 


NORMALIZED NEURAL MODEL:
-1.000000 -1.000000 -1.000000 -1.000000 -1.000000 -1.000000 
-1.000000 0.000000 0.392857 0.571429 0.773810 1.000000 
-1.000000 -1.000000 0.000000 0.178571 0.380952 0.607143 
-1.000000 -1.000000 -1.000000 0.000000 0.202381 0.428571 
-1.000000 -1.000000 -1.000000 -1.000000 0.000000 0.226190 
-1.000000 -1.000000 -1.000000 -1.000000 -1.000000 0.000000 

NORMALIZED GUIDE FUNCTION:
0.0316734 0.0183904 0.00864952 0.00250798 0 0.00113646 0.00590487 0.0142695 0.0261718 0.0415303 0.0602419 0.0821819 0.107205 0.135147 0.165825 0.199038 0.23457 0.27219 0.311655 0.352708 0.395086 0.438514 0.482714 0.5274 0.572287 0.617086 0.661512 0.705279 0.74811 0.78973 0.829876 0.868293 0.904737 0.938977 0.970798 1 


BIN SEQUENCE:
2 2 1 1 1 1 1 1 2 2 2 2 3 3 3 3 3 3 4 4 4 4 4 4 5 5 5 5 5 5 6 6 6 6 6 6 


SEQUENCE OF PREFERRED BINS:
22  22  11  11  11  11  11  11  22  22  22  22  33  33  33  33  33  33  44  44  44  44  44  44  55  55  55  55  55  55  ...
31  31  22  22  22  22  22  22  31  31  31  31  42  42  42  42  42  42  53  53  53  53  53  53  64  64  64  64  64  64  ...
44  44  33  33  33  33  33  33  44  44  44  44  51  51  51  51  51  51  62  62  62  62  62  62  33  33  33  33  33  33  ...
55  55  44  44  44  44  44  44  55  55  55  55  66  66  66  66  66  66  11  11  11  11  11  11  22  22  22  22  22  22  ...
66  66  55  55  55  55  55  55  66  66  66  66  00  00  00  00  00  00  00  00  00  00  00  00  11  11  11  11  11  11  ...
00  00  66  66  66  66  66  66  00  00  00  00  00  00  00  00  00  00  00  00  00  00  00  00  00  00  00  00  00  00  ...


BIN ALLOCATION OF DISTANCES:
1 3 2 6 6 3 
1 1 5 5 6 6 
2 2 1 4 5 6 
3 1 2 2 4 5 
3 4 4 4 3 4 
2 1 6 5 5 3 


BINS USED:
2 2 1 2 1 2 2 1 3 1 5 1 5 4 3 3 3 2 6 4 4 5 4 6 5 5 5 4 6 6 1 6 3 6 3 0 


TRANSITION SEQUENCE:
0 -1 0 -1 -1 -1 -1 -1 -1 0 0.571429 -1 0.392857 0.178571 -1 -1 0 -1 -1 0.202381 -1 0.380952 -1 1 -1 0.428571 -1 0.22619 -1 0.607143 -1 0.77381 -1 -1 0 0 


CORRELATION COEFFICIENT:          0.157724
DETECTION POWER:                  0.397769

