
Cycle found:
------------
531044211412202330324345013552540051
------------
Valid sequence 


NORMALIZED NEURAL MODEL:
-1.000000 -1.000000 -1.000000 -1.000000 -1.000000 -1.000000 
-1.000000 0.000000 0.392857 0.571429 0.773810 1.000000 
-1.000000 -1.000000 0.000000 0.178571 0.380952 0.607143 
-1.000000 -1.000000 -1.000000 0.000000 0.202381 0.428571 
-1.000000 -1.000000 -1.000000 -1.000000 0.000000 0.226190 
-1.000000 -1.000000 -1.000000 -1.000000 -1.000000 0.000000 

NORMALIZED GUIDE FUNCTION:
0.390945 0.335119 0.282639 0.233831 0.188997 0.148413 0.112327 0.080958 0.0544924 0.0330861 0.0168617 0.00590819 0.000280717 0 0.00505247 0.0153904 0.0309324 0.051564 0.0771381 0.107477 0.142372 0.181587 0.224858 0.271897 0.32239 0.376005 0.432389 0.491173 0.551973 0.614394 0.678032 0.742475 0.807309 0.872117 0.936485 1 


BIN SEQUENCE:
5 4 4 4 3 3 3 2 2 2 1 1 1 1 1 1 2 2 2 3 3 3 4 4 4 5 5 5 5 5 6 6 6 6 6 6 


SEQUENCE OF PREFERRED BINS:
55  44  44  44  33  33  33  22  22  22  11  11  11  11  11  11  22  22  22  33  33  33  44  44  44  55  55  55  55  55  ...
64  53  53  53  42  42  42  31  31  31  22  22  22  22  22  22  31  31  31  42  42  42  53  53  53  64  64  64  64  64  ...
33  62  62  62  51  51  51  44  44  44  33  33  33  33  33  33  44  44  44  51  51  51  62  62  62  33  33  33  33  33  ...
22  11  11  11  66  66  66  55  55  55  44  44  44  44  44  44  55  55  55  66  66  66  11  11  11  22  22  22  22  22  ...
11  00  00  00  00  00  00  66  66  66  55  55  55  55  55  55  66  66  66  00  00  00  00  00  00  11  11  11  11  11  ...
00  00  00  00  00  00  00  00  00  00  66  66  66  66  66  66  00  00  00  00  00  00  00  00  00  00  00  00  00  00  ...


BIN ALLOCATION OF DISTANCES:
2 5 2 2 4 3 
5 1 6 6 6 6 
2 2 1 4 5 6 
3 4 3 1 5 6 
1 1 4 1 3 5 
4 2 3 5 3 4 


BINS USED:
5 4 5 4 3 4 2 1 6 1 6 1 2 2 4 1 3 2 3 5 1 5 5 4 5 6 6 4 3 6 3 1 2 3 2 0 


TRANSITION SEQUENCE:
-1 -1 -1 -1 0 -1 -1 0 0.77381 -1 0.392857 0 -1 -1 0.178571 0 -1 -1 -1 0.380952 -1 0.202381 0.22619 -1 -1 0.571429 0.428571 0 -1 0.607143 -1 -1 -1 -1 -1 0 


CORRELATION COEFFICIENT:          -0.00026536
DETECTION POWER:                  0.198899

