Unable to find a valid Hamiltonian Circuit.
Elapsed time: 2 seconds. Trying again...

Cycle found:
------------
102431405035520453234113300122154425
------------
Valid sequence 


NORMALIZED NEURAL MODEL:
-1.000000 -1.000000 -1.000000 -1.000000 -1.000000 -1.000000 
-1.000000 0.000000 0.392857 0.571429 0.773810 1.000000 
-1.000000 -1.000000 0.000000 0.178571 0.380952 0.607143 
-1.000000 -1.000000 -1.000000 0.000000 0.202381 0.428571 
-1.000000 -1.000000 -1.000000 -1.000000 0.000000 0.226190 
-1.000000 -1.000000 -1.000000 -1.000000 -1.000000 0.000000 

NORMALIZED GUIDE FUNCTION:
0.853407 0.885115 0.913291 0.937757 0.958363 0.974978 0.987503 0.995859 1 0.999902 0.995571 0.987039 0.974365 0.957635 0.93696 0.912477 0.884347 0.852753 0.817903 0.780021 0.739355 0.696167 0.650737 0.603358 0.554335 0.503985 0.45263 0.400602 0.348232 0.295858 0.243815 0.192435 0.142047 0.0929713 0.0455217 0 


BIN SEQUENCE:
4 4 4 5 5 5 6 6 6 6 6 6 5 5 5 4 4 4 3 3 3 3 3 3 2 2 2 2 2 2 1 1 1 1 1 1 


SEQUENCE OF PREFERRED BINS:
44  44  44  55  55  55  66  66  66  66  66  66  55  55  55  44  44  44  33  33  33  33  33  33  22  22  22  22  22  22  ...
53  53  53  64  64  64  55  55  55  55  55  55  64  64  64  53  53  53  42  42  42  42  42  42  31  31  31  31  31  31  ...
62  62  62  33  33  33  44  44  44  44  44  44  33  33  33  62  62  62  51  51  51  51  51  51  44  44  44  44  44  44  ...
11  11  11  22  22  22  33  33  33  33  33  33  22  22  22  11  11  11  66  66  66  66  66  66  55  55  55  55  55  55  ...
00  00  00  11  11  11  22  22  22  22  22  22  11  11  11  00  00  00  00  00  00  00  00  00  66  66  66  66  66  66  ...
00  00  00  00  00  00  11  11  11  11  11  11  00  00  00  00  00  00  00  00  00  00  00  00  00  00  00  00  00  00  ...


BIN ALLOCATION OF DISTANCES:
2 2 4 3 2 3 
4 1 6 6 6 6 
5 4 1 3 4 6 
5 5 5 2 3 6 
4 3 1 5 2 4 
5 3 1 1 1 2 


BINS USED:
4 4 4 5 5 6 4 3 5 3 6 2 1 5 2 4 1 5 3 3 3 1 6 2 5 2 2 6 1 4 6 1 2 1 6 0 


TRANSITION SEQUENCE:
-1 -1 0.380952 -1 -1 0.77381 -1 -1 -1 -1 0.428571 0 -1 -1 -1 0.22619 -1 -1 0.178571 0.202381 -1 0 0.571429 0 -1 -1 -1 0.392857 0 -1 1 -1 0 -1 0.607143 0 


CORRELATION COEFFICIENT:          0.00390244
DETECTION POWER:                  0.150425

