
Cycle found:
------------
220110232443312134525041405153003554
------------
Valid sequence 


NORMALIZED NEURAL MODEL:
-1.000000 -1.000000 -1.000000 -1.000000 -1.000000 -1.000000 
-1.000000 0.000000 0.392857 0.571429 0.773810 1.000000 
-1.000000 -1.000000 0.000000 0.178571 0.380952 0.607143 
-1.000000 -1.000000 -1.000000 0.000000 0.202381 0.428571 
-1.000000 -1.000000 -1.000000 -1.000000 0.000000 0.226190 
-1.000000 -1.000000 -1.000000 -1.000000 -1.000000 0.000000 

NORMALIZED GUIDE FUNCTION:
0 0.0389347 0.0801107 0.123265 0.168124 0.214399 0.261795 0.310011 0.358736 0.407659 0.456467 0.504847 0.552489 0.599088 0.644343 0.687965 0.729672 0.769198 0.806286 0.840699 0.872214 0.900627 0.925755 0.947435 0.965526 0.97991 0.990493 0.997205 1 0.998859 0.993786 0.984811 0.971991 0.955405 0.935157 0.911375 


BIN SEQUENCE:
1 1 1 1 1 1 2 2 2 2 2 2 3 3 3 3 3 3 4 4 4 4 4 5 5 5 6 6 6 6 6 6 5 5 5 4 


SEQUENCE OF PREFERRED BINS:
11  11  11  11  11  11  22  22  22  22  22  22  33  33  33  33  33  33  44  44  44  44  44  55  55  55  66  66  66  66  ...
22  22  22  22  22  22  31  31  31  31  31  31  42  42  42  42  42  42  53  53  53  53  53  64  64  64  55  55  55  55  ...
33  33  33  33  33  33  44  44  44  44  44  44  51  51  51  51  51  51  62  62  62  62  62  33  33  33  44  44  44  44  ...
44  44  44  44  44  44  55  55  55  55  55  55  66  66  66  66  66  66  11  11  11  11  11  22  22  22  33  33  33  33  ...
55  55  55  55  55  55  66  66  66  66  66  66  00  00  00  00  00  00  00  00  00  00  00  11  11  11  22  22  22  22  ...
66  66  66  66  66  66  00  00  00  00  00  00  00  00  00  00  00  00  00  00  00  00  00  00  00  00  11  11  11  11  ...


BIN ALLOCATION OF DISTANCES:
6 1 4 6 6 6 
3 1 4 5 6 6 
2 4 1 2 3 5 
1 3 1 1 3 4 
5 4 2 3 2 3 
5 5 4 2 5 2 


BINS USED:
1 2 1 1 3 4 2 1 3 2 3 1 3 4 4 5 3 3 4 5 5 6 4 6 5 6 5 6 2 1 6 6 4 2 5 0 


TRANSITION SEQUENCE:
0 -1 -1 0 -1 -1 0.178571 -1 0.380952 0 -1 0 -1 0.392857 -1 0.571429 0.202381 0.22619 -1 0.607143 -1 -1 -1 0.77381 -1 -1 -1 1 -1 -1 -1 -1 0.428571 0 -1 0 


CORRELATION COEFFICIENT:          0.32963
DETECTION POWER:                  0.366876

