
Cycle found:
------------
005325131421552450403441020112233543
------------
Valid sequence 


NORMALIZED NEURAL MODEL:
-1.000000 -1.000000 -1.000000 -1.000000 -1.000000 -1.000000 
-1.000000 0.000000 0.392857 0.571429 0.773810 1.000000 
-1.000000 -1.000000 0.000000 0.178571 0.380952 0.607143 
-1.000000 -1.000000 -1.000000 0.000000 0.202381 0.428571 
-1.000000 -1.000000 -1.000000 -1.000000 0.000000 0.226190 
-1.000000 -1.000000 -1.000000 -1.000000 -1.000000 0.000000 

NORMALIZED GUIDE FUNCTION:
0.784102 0.823433 0.859308 0.8915 0.919807 0.944051 0.964081 0.979773 0.99103 0.997785 1 0.997664 0.990797 0.979448 0.963693 0.943637 0.919414 0.891183 0.859128 0.823459 0.784407 0.742225 0.697188 0.649586 0.599726 0.54793 0.494532 0.439874 0.384309 0.328193 0.271885 0.215746 0.160136 0.10541 0.0519178 0 


BIN SEQUENCE:
3 3 4 4 5 5 5 6 6 6 6 6 6 5 5 5 4 4 4 4 3 3 3 3 2 2 2 2 2 2 1 1 1 1 1 1 


SEQUENCE OF PREFERRED BINS:
33  33  44  44  55  55  55  66  66  66  66  66  66  55  55  55  44  44  44  44  33  33  33  33  22  22  22  22  22  22  ...
42  42  53  53  64  64  64  55  55  55  55  55  55  64  64  64  53  53  53  53  42  42  42  42  31  31  31  31  31  31  ...
51  51  62  62  33  33  33  44  44  44  44  44  44  33  33  33  62  62  62  62  51  51  51  51  44  44  44  44  44  44  ...
66  66  11  11  22  22  22  33  33  33  33  33  33  22  22  22  11  11  11  11  66  66  66  66  55  55  55  55  55  55  ...
00  00  00  00  11  11  11  22  22  22  22  22  22  11  11  11  00  00  00  00  00  00  00  00  66  66  66  66  66  66  ...
00  00  00  00  00  00  00  11  11  11  11  11  11  00  00  00  00  00  00  00  00  00  00  00  00  00  00  00  00  00  ...


BIN ALLOCATION OF DISTANCES:
2 6 1 6 6 4 
3 1 4 5 5 5 
2 5 1 3 4 5 
6 5 4 2 3 4 
3 2 6 2 2 4 
1 6 1 3 1 3 


BINS USED:
2 4 3 4 5 6 5 5 5 6 5 5 3 1 4 4 1 6 3 6 3 2 2 3 1 2 6 1 4 1 3 2 4 1 2 0 


TRANSITION SEQUENCE:
-1 -1 -1 -1 0.607143 -1 0.571429 -1 0.77381 -1 -1 1 0 -1 0.380952 0.22619 -1 -1 -1 -1 0.202381 0 -1 -1 -1 -1 -1 0 0.392857 0 0.178571 0 0.428571 -1 -1 0 


CORRELATION COEFFICIENT:          0.385949
DETECTION POWER:                  0.398786

