
Cycle found:
------------
141525135345503124230440543322102001
------------
Valid sequence 


NORMALIZED NEURAL MODEL:
-1.000000 -1.000000 -1.000000 -1.000000 -1.000000 -1.000000 
-1.000000 0.000000 0.392857 0.571429 0.773810 1.000000 
-1.000000 -1.000000 0.000000 0.178571 0.380952 0.607143 
-1.000000 -1.000000 -1.000000 0.000000 0.202381 0.428571 
-1.000000 -1.000000 -1.000000 -1.000000 0.000000 0.226190 
-1.000000 -1.000000 -1.000000 -1.000000 -1.000000 0.000000 

NORMALIZED GUIDE FUNCTION:
1 0.970669 0.938714 0.904338 0.867764 0.829225 0.788967 0.74725 0.704341 0.660514 0.61605 0.571233 0.526352 0.481694 0.437543 0.394184 0.351893 0.310942 0.271592 0.234096 0.198693 0.165609 0.135057 0.107232 0.082311 0.0604543 0.0418011 0.0264706 0.0145606 0.00614696 0.00128317 0 0.00230525 0.00818377 0.0175975 0.0304857 


BIN SEQUENCE:
6 6 6 6 6 6 5 5 5 5 5 5 4 4 4 4 4 4 3 3 3 3 3 3 2 2 2 2 1 1 1 1 1 1 2 2 


SEQUENCE OF PREFERRED BINS:
66  66  66  66  66  66  55  55  55  55  55  55  44  44  44  44  44  44  33  33  33  33  33  33  22  22  22  22  11  11  ...
55  55  55  55  55  55  64  64  64  64  64  64  53  53  53  53  53  53  42  42  42  42  42  42  31  31  31  31  22  22  ...
44  44  44  44  44  44  33  33  33  33  33  33  62  62  62  62  62  62  51  51  51  51  51  51  44  44  44  44  33  33  ...
33  33  33  33  33  33  22  22  22  22  22  22  11  11  11  11  11  11  66  66  66  66  66  66  55  55  55  55  44  44  ...
22  22  22  22  22  22  11  11  11  11  11  11  00  00  00  00  00  00  00  00  00  00  00  00  66  66  66  66  55  55  ...
11  11  11  11  11  11  00  00  00  00  00  00  00  00  00  00  00  00  00  00  00  00  00  00  00  00  00  00  66  66  ...


BIN ALLOCATION OF DISTANCES:
4 1 2 4 3 3 
2 1 5 5 6 6 
5 3 1 3 5 5 
3 4 1 2 4 5 
2 6 3 6 2 4 
1 6 6 4 1 2 


BINS USED:
6 6 6 6 5 6 5 5 4 4 4 2 1 4 4 5 5 3 3 3 3 2 2 3 1 6 2 1 1 3 2 2 5 4 1 0 


TRANSITION SEQUENCE:
0.77381 -1 1 -1 0.607143 -1 0.571429 0.428571 -1 0.202381 0.22619 0 -1 -1 -1 0.392857 0.380952 -1 0.178571 -1 -1 0 -1 -1 -1 -1 0 -1 0 -1 -1 -1 -1 -1 -1 0 


CORRELATION COEFFICIENT:          0.521571
DETECTION POWER:                  0.43126

