
Cycle found:
------------
324514352534121054031155044202233001
------------
Valid sequence 


NORMALIZED NEURAL MODEL:
-1.000000 -1.000000 -1.000000 -1.000000 -1.000000 -1.000000 
-1.000000 0.000000 0.392857 0.571429 0.773810 1.000000 
-1.000000 -1.000000 0.000000 0.178571 0.380952 0.607143 
-1.000000 -1.000000 -1.000000 0.000000 0.202381 0.428571 
-1.000000 -1.000000 -1.000000 -1.000000 0.000000 0.226190 
-1.000000 -1.000000 -1.000000 -1.000000 -1.000000 0.000000 

NORMALIZED GUIDE FUNCTION:
0.957277 0.973203 0.985493 0.994082 0.998924 1 0.997315 0.990898 0.980802 0.967102 0.949896 0.929308 0.905477 0.878568 0.848762 0.816258 0.781275 0.744042 0.704807 0.663825 0.621366 0.577706 0.533128 0.487921 0.442376 0.396786 0.351443 0.306636 0.262651 0.219767 0.178255 0.138377 0.100382 0.0645086 0.0309788 0 


BIN SEQUENCE:
5 5 6 6 6 6 6 6 5 5 5 5 4 4 4 4 4 4 3 3 3 3 3 3 2 2 2 2 2 2 1 1 1 1 1 1 


SEQUENCE OF PREFERRED BINS:
55  55  66  66  66  66  66  66  55  55  55  55  44  44  44  44  44  44  33  33  33  33  33  33  22  22  22  22  22  22  ...
64  64  55  55  55  55  55  55  64  64  64  64  53  53  53  53  53  53  42  42  42  42  42  42  31  31  31  31  31  31  ...
33  33  44  44  44  44  44  44  33  33  33  33  62  62  62  62  62  62  51  51  51  51  51  51  44  44  44  44  44  44  ...
22  22  33  33  33  33  33  33  22  22  22  22  11  11  11  11  11  11  66  66  66  66  66  66  55  55  55  55  55  55  ...
11  11  22  22  22  22  22  22  11  11  11  11  00  00  00  00  00  00  00  00  00  00  00  00  66  66  66  66  66  66  ...
00  00  11  11  11  11  11  11  00  00  00  00  00  00  00  00  00  00  00  00  00  00  00  00  00  00  00  00  00  00  ...


BIN ALLOCATION OF DISTANCES:
5 1 5 2 2 3 
6 1 5 6 6 6 
2 3 1 3 4 6 
2 3 5 1 4 5 
3 3 1 4 1 4 
2 6 5 4 4 2 


BINS USED:
5 4 4 6 6 4 5 5 6 4 4 3 5 3 6 3 4 3 2 3 1 6 2 2 2 1 1 2 5 1 3 1 2 5 1 0 


TRANSITION SEQUENCE:
-1 0.380952 0.22619 -1 0.77381 -1 0.428571 -1 0.607143 -1 0.202381 -1 0.392857 -1 -1 -1 -1 -1 -1 -1 0 1 0 -1 -1 0 -1 -1 -1 0 0.178571 0 -1 -1 -1 0 


CORRELATION COEFFICIENT:          0.376288
DETECTION POWER:                  0.284891

