
Cycle found:
------------
311032122445542351430525004020153341
------------
Valid sequence 


NORMALIZED NEURAL MODEL:
-1.000000 -1.000000 -1.000000 -1.000000 -1.000000 -1.000000 
-1.000000 0.000000 0.392857 0.571429 0.773810 1.000000 
-1.000000 -1.000000 0.000000 0.178571 0.380952 0.607143 
-1.000000 -1.000000 -1.000000 0.000000 0.202381 0.428571 
-1.000000 -1.000000 -1.000000 -1.000000 0.000000 0.226190 
-1.000000 -1.000000 -1.000000 -1.000000 -1.000000 0.000000 

NORMALIZED GUIDE FUNCTION:
0 0.0567741 0.114878 0.173946 0.2336 0.293459 0.353138 0.412251 0.470412 0.52724 0.582361 0.635408 0.686027 0.733877 0.778634 0.819989 0.857658 0.891375 0.9209 0.94602 0.966546 0.98232 0.993213 0.999129 1 0.995793 0.986506 0.972172 0.952854 0.928651 0.89969 0.866133 0.82817 0.786024 0.739943 0.690202 


BIN SEQUENCE:
1 1 1 1 1 1 2 2 2 2 2 2 3 3 3 4 4 4 5 5 5 6 6 6 6 6 6 5 5 5 4 4 4 3 3 3 


SEQUENCE OF PREFERRED BINS:
11  11  11  11  11  11  22  22  22  22  22  22  33  33  33  44  44  44  55  55  55  66  66  66  66  66  66  55  55  55  ...
22  22  22  22  22  22  31  31  31  31  31  31  42  42  42  53  53  53  64  64  64  55  55  55  55  55  55  64  64  64  ...
33  33  33  33  33  33  44  44  44  44  44  44  51  51  51  62  62  62  33  33  33  44  44  44  44  44  44  33  33  33  ...
44  44  44  44  44  44  55  55  55  55  55  55  66  66  66  11  11  11  22  22  22  33  33  33  33  33  33  22  22  22  ...
55  55  55  55  55  55  66  66  66  66  66  66  00  00  00  00  00  00  11  11  11  22  22  22  22  22  22  11  11  11  ...
66  66  66  66  66  66  00  00  00  00  00  00  00  00  00  00  00  00  00  00  00  11  11  11  11  11  11  00  00  00  ...


BIN ALLOCATION OF DISTANCES:
5 4 3 1 5 5 
2 1 4 5 6 6 
3 1 2 3 3 5 
6 1 2 2 3 4 
6 4 4 6 2 3 
1 5 6 1 4 2 


BINS USED:
1 1 2 1 2 1 4 2 3 2 3 2 4 4 3 4 5 6 6 6 5 6 5 1 5 5 6 3 3 4 6 1 2 3 4 0 


TRANSITION SEQUENCE:
-1 0 -1 -1 -1 -1 0.392857 0 0.380952 0 0.22619 0 -1 -1 0.178571 0.428571 -1 0.77381 -1 -1 -1 -1 0.607143 -1 -1 -1 -1 -1 -1 -1 1 -1 0 0.202381 -1 0 


CORRELATION COEFFICIENT:          0.268282
DETECTION POWER:                  0.325653

