Unable to find a valid Hamiltonian Circuit.
Elapsed time: 2 seconds. Trying again...

Cycle found:
------------
525421353012040051023114345503322441
------------
Valid sequence 


NORMALIZED NEURAL MODEL:
-1.000000 -1.000000 -1.000000 -1.000000 -1.000000 -1.000000 
-1.000000 0.000000 0.392857 0.571429 0.773810 1.000000 
-1.000000 -1.000000 0.000000 0.178571 0.380952 0.607143 
-1.000000 -1.000000 -1.000000 0.000000 0.202381 0.428571 
-1.000000 -1.000000 -1.000000 -1.000000 0.000000 0.226190 
-1.000000 -1.000000 -1.000000 -1.000000 -1.000000 0.000000 

NORMALIZED GUIDE FUNCTION:
1 0.98739 0.97171 0.953063 0.931568 0.907364 0.880607 0.851468 0.820135 0.786809 0.751704 0.715045 0.677067 0.638014 0.598137 0.557691 0.516934 0.476129 0.435536 0.395416 0.356024 0.317614 0.28043 0.244711 0.210685 0.178569 0.148569 0.120876 0.0956664 0.0731013 0.0533243 0.0364615 0.0226198 0.0118872 0.00433141 0 


BIN SEQUENCE:
6 6 6 6 6 6 5 5 5 5 5 5 4 4 4 4 4 4 3 3 3 3 3 3 2 2 2 2 2 2 1 1 1 1 1 1 


SEQUENCE OF PREFERRED BINS:
66  66  66  66  66  66  55  55  55  55  55  55  44  44  44  44  44  44  33  33  33  33  33  33  22  22  22  22  22  22  ...
55  55  55  55  55  55  64  64  64  64  64  64  53  53  53  53  53  53  42  42  42  42  42  42  31  31  31  31  31  31  ...
44  44  44  44  44  44  33  33  33  33  33  33  62  62  62  62  62  62  51  51  51  51  51  51  44  44  44  44  44  44  ...
33  33  33  33  33  33  22  22  22  22  22  22  11  11  11  11  11  11  66  66  66  66  66  66  55  55  55  55  55  55  ...
22  22  22  22  22  22  11  11  11  11  11  11  00  00  00  00  00  00  00  00  00  00  00  00  66  66  66  66  66  66  ...
11  11  11  11  11  11  00  00  00  00  00  00  00  00  00  00  00  00  00  00  00  00  00  00  00  00  00  00  00  00  ...


BIN ALLOCATION OF DISTANCES:
4 5 3 2 4 3 
4 1 5 6 6 6 
4 5 1 2 4 6 
6 3 6 1 2 5 
3 1 3 2 1 2 
2 3 5 4 5 1 


BINS USED:
5 6 5 3 5 6 5 4 6 5 5 4 4 3 4 3 3 4 3 2 3 1 6 2 2 2 1 2 2 1 6 1 4 1 1 0 


TRANSITION SEQUENCE:
-1 0.607143 -1 -1 -1 0.571429 0.428571 -1 -1 -1 0.392857 -1 -1 -1 -1 -1 -1 -1 -1 0.178571 -1 0 0.77381 -1 0.202381 0.22619 0 -1 -1 0 -1 0 0.380952 0 -1 0 


CORRELATION COEFFICIENT:          0.430109
DETECTION POWER:                  0.295182

