
Cycle found:
------------
311012345042551540300532143522024413
------------
Valid sequence 


NORMALIZED NEURAL MODEL:
-1.000000 -1.000000 -1.000000 -1.000000 -1.000000 -1.000000 
-1.000000 0.000000 0.392857 0.571429 0.773810 1.000000 
-1.000000 -1.000000 0.000000 0.178571 0.380952 0.607143 
-1.000000 -1.000000 -1.000000 0.000000 0.202381 0.428571 
-1.000000 -1.000000 -1.000000 -1.000000 0.000000 0.226190 
-1.000000 -1.000000 -1.000000 -1.000000 -1.000000 0.000000 

NORMALIZED GUIDE FUNCTION:
0.591541 0.644934 0.695758 0.743665 0.788323 0.829417 0.866655 0.899766 0.928505 0.952655 0.972024 0.986452 0.99581 1 0.998958 0.992652 0.981085 0.964296 0.942356 0.915369 0.883475 0.846847 0.805687 0.760231 0.710744 0.657517 0.600869 0.541144 0.478706 0.413942 0.347254 0.279062 0.209796 0.139898 0.0698152 0 


BIN SEQUENCE:
2 2 3 3 3 4 4 4 5 5 5 6 6 6 6 6 6 5 5 5 4 4 4 3 3 3 2 2 2 2 1 1 1 1 1 1 


SEQUENCE OF PREFERRED BINS:
22  22  33  33  33  44  44  44  55  55  55  66  66  66  66  66  66  55  55  55  44  44  44  33  33  33  22  22  22  22  ...
31  31  42  42  42  53  53  53  64  64  64  55  55  55  55  55  55  64  64  64  53  53  53  42  42  42  31  31  31  31  ...
44  44  51  51  51  62  62  62  33  33  33  44  44  44  44  44  44  33  33  33  62  62  62  51  51  51  44  44  44  44  ...
55  55  66  66  66  11  11  11  22  22  22  33  33  33  33  33  33  22  22  22  11  11  11  66  66  66  55  55  55  55  ...
66  66  00  00  00  00  00  00  11  11  11  22  22  22  22  22  22  11  11  11  00  00  00  00  00  00  66  66  66  66  ...
00  00  00  00  00  00  00  00  00  00  00  11  11  11  11  11  11  00  00  00  00  00  00  00  00  00  00  00  00  00  ...


BIN ALLOCATION OF DISTANCES:
2 3 1 4 4 1 
4 1 5 6 6 6 
5 4 2 4 5 6 
5 2 3 2 4 6 
3 1 5 3 3 5 
6 2 1 1 2 3 


BINS USED:
2 1 4 3 5 4 4 5 6 4 5 6 3 2 6 2 3 4 5 2 1 1 3 4 6 3 6 1 2 5 1 5 3 1 6 0 


TRANSITION SEQUENCE:
-1 0 -1 -1 0.392857 0.178571 0.202381 0.22619 -1 -1 -1 0.607143 0 -1 1 -1 -1 -1 -1 -1 -1 -1 -1 -1 0.77381 -1 0.428571 -1 0 -1 -1 0.380952 0 -1 0.571429 0 


CORRELATION COEFFICIENT:          0.205443
DETECTION POWER:                  0.227043

