Unable to find a valid Hamiltonian Circuit.
Elapsed time: 2 seconds. Trying again...
Unable to find a valid Hamiltonian Circuit.
Elapsed time: 2 seconds. Trying again...
Unable to find a valid Hamiltonian Circuit.
Elapsed time: 2 seconds. Trying again...

Cycle found:
------------
532502131001552451233054411434220403
------------
Valid sequence 


NORMALIZED NEURAL MODEL:
-1.000000 -1.000000 -1.000000 -1.000000 -1.000000 -1.000000 
-1.000000 0.000000 0.392857 0.571429 0.773810 1.000000 
-1.000000 -1.000000 0.000000 0.178571 0.380952 0.607143 
-1.000000 -1.000000 -1.000000 0.000000 0.202381 0.428571 
-1.000000 -1.000000 -1.000000 -1.000000 0.000000 0.226190 
-1.000000 -1.000000 -1.000000 -1.000000 -1.000000 0.000000 

NORMALIZED GUIDE FUNCTION:
0.969178 0.982142 0.991638 0.997603 1 0.998811 0.994043 0.985726 0.973912 0.958676 0.940114 0.918344 0.893505 0.865754 0.83527 0.802247 0.766894 0.729439 0.69012 0.649189 0.606908 0.563546 0.519382 0.474698 0.42978 0.384916 0.340394 0.296497 0.253509 0.211703 0.17135 0.132706 0.0960213 0.0615302 0.0294544 0 


BIN SEQUENCE:
5 5 6 6 6 6 6 6 5 5 5 5 4 4 4 4 4 4 3 3 3 3 3 3 2 2 2 2 2 2 1 1 1 1 1 1 


SEQUENCE OF PREFERRED BINS:
55  55  66  66  66  66  66  66  55  55  55  55  44  44  44  44  44  44  33  33  33  33  33  33  22  22  22  22  22  22  ...
64  64  55  55  55  55  55  55  64  64  64  64  53  53  53  53  53  53  42  42  42  42  42  42  31  31  31  31  31  31  ...
33  33  44  44  44  44  44  44  33  33  33  33  62  62  62  62  62  62  51  51  51  51  51  51  44  44  44  44  44  44  ...
22  22  33  33  33  33  33  33  22  22  22  22  11  11  11  11  11  11  66  66  66  66  66  66  55  55  55  55  55  55  ...
11  11  22  22  22  22  22  22  11  11  11  11  00  00  00  00  00  00  00  00  00  00  00  00  66  66  66  66  66  66  ...
00  00  11  11  11  11  11  11  00  00  00  00  00  00  00  00  00  00  00  00  00  00  00  00  00  00  00  00  00  00  ...


BIN ALLOCATION OF DISTANCES:
5 5 6 2 2 3 
5 1 4 6 6 6 
5 5 1 3 4 6 
2 4 6 2 4 4 
1 2 3 1 3 4 
3 1 2 5 1 3 


BINS USED:
5 6 6 3 6 5 6 4 5 5 5 6 3 2 4 4 1 4 3 2 2 3 1 3 2 1 6 1 4 3 1 5 2 1 2 0 


TRANSITION SEQUENCE:
-1 -1 0.607143 -1 -1 -1 0.571429 -1 -1 -1 -1 1 0 -1 0.380952 0.22619 -1 0.392857 0.178571 0 -1 -1 -1 0 -1 0 0.77381 -1 0.202381 -1 0 -1 -1 -1 -1 0 


CORRELATION COEFFICIENT:          0.273943
DETECTION POWER:                  0.193559

