
Cycle found:
------------
110532033122304014500255435241513442
------------
Valid sequence 


NORMALIZED NEURAL MODEL:
-1.000000 -1.000000 -1.000000 -1.000000 -1.000000 -1.000000 
-1.000000 0.000000 0.392857 0.571429 0.773810 1.000000 
-1.000000 -1.000000 0.000000 0.178571 0.380952 0.607143 
-1.000000 -1.000000 -1.000000 0.000000 0.202381 0.428571 
-1.000000 -1.000000 -1.000000 -1.000000 0.000000 0.226190 
-1.000000 -1.000000 -1.000000 -1.000000 -1.000000 0.000000 

NORMALIZED GUIDE FUNCTION:
0 0.0615818 0.124136 0.187264 0.250561 0.313622 0.376042 0.437419 0.497356 0.555467 0.611375 0.664717 0.715144 0.762328 0.805958 0.845749 0.881435 0.91278 0.939574 0.961636 0.978814 0.990987 0.998068 1 0.996761 0.98836 0.974841 0.956281 0.932787 0.904501 0.871594 0.834268 0.792753 0.747307 0.698214 0.645781 


BIN SEQUENCE:
1 1 1 1 1 1 2 2 2 2 2 3 3 3 4 4 4 5 5 5 6 6 6 6 6 6 5 5 5 4 4 4 3 3 3 2 


SEQUENCE OF PREFERRED BINS:
11  11  11  11  11  11  22  22  22  22  22  33  33  33  44  44  44  55  55  55  66  66  66  66  66  66  55  55  55  44  ...
22  22  22  22  22  22  31  31  31  31  31  42  42  42  53  53  53  64  64  64  55  55  55  55  55  55  64  64  64  53  ...
33  33  33  33  33  33  44  44  44  44  44  51  51  51  62  62  62  33  33  33  44  44  44  44  44  44  33  33  33  62  ...
44  44  44  44  44  44  55  55  55  55  55  66  66  66  11  11  11  22  22  22  33  33  33  33  33  33  22  22  22  11  ...
55  55  55  55  55  55  66  66  66  66  66  00  00  00  00  00  00  11  11  11  22  22  22  22  22  22  11  11  11  00  ...
66  66  66  66  66  66  00  00  00  00  00  00  00  00  00  00  00  00  00  00  11  11  11  11  11  11  00  00  00  00  ...


BIN ALLOCATION OF DISTANCES:
6 4 1 2 3 1 
4 1 5 6 6 6 
1 3 2 4 5 6 
3 3 1 2 5 6 
4 5 3 5 3 5 
4 2 2 1 2 4 


BINS USED:
1 4 1 1 1 1 2 2 3 5 2 4 3 3 4 4 6 5 4 6 1 6 4 2 5 6 2 5 5 6 2 6 5 3 3 0 


TRANSITION SEQUENCE:
0 -1 -1 -1 -1 -1 -1 0 -1 0.392857 0 0.178571 -1 -1 -1 -1 0.77381 0.22619 -1 -1 -1 0.607143 0 -1 -1 0.428571 -1 0.380952 -1 1 -1 0.571429 0.202381 0 -1 0 


CORRELATION COEFFICIENT:          0.281952
DETECTION POWER:                  0.352515

