
Cycle found:
------------
425432451005533411202131403522301504
------------
Valid sequence 


NORMALIZED NEURAL MODEL:
-1.000000 -1.000000 -1.000000 -1.000000 -1.000000 -1.000000 
-1.000000 0.000000 0.392857 0.571429 0.773810 1.000000 
-1.000000 -1.000000 0.000000 0.178571 0.380952 0.607143 
-1.000000 -1.000000 -1.000000 0.000000 0.202381 0.428571 
-1.000000 -1.000000 -1.000000 -1.000000 0.000000 0.226190 
-1.000000 -1.000000 -1.000000 -1.000000 -1.000000 0.000000 

NORMALIZED GUIDE FUNCTION:
0.494449 0.431795 0.372101 0.315749 0.263099 0.214487 0.170225 0.130594 0.0958475 0.0662073 0.0418621 0.0229668 0.00964114 0.00196955 0 0.00374399 0.0131764 0.0282357 0.0488244 0.0748096 0.106024 0.142266 0.183303 0.228871 0.278678 0.332403 0.389702 0.450207 0.513531 0.579266 0.646992 0.716274 0.786669 0.857725 0.928988 1 


BIN SEQUENCE:
5 5 4 4 4 3 3 3 2 2 2 1 1 1 1 1 1 2 2 2 3 3 3 4 4 4 5 5 5 5 6 6 6 6 6 6 


SEQUENCE OF PREFERRED BINS:
55  55  44  44  44  33  33  33  22  22  22  11  11  11  11  11  11  22  22  22  33  33  33  44  44  44  55  55  55  55  ...
64  64  53  53  53  42  42  42  31  31  31  22  22  22  22  22  22  31  31  31  42  42  42  53  53  53  64  64  64  64  ...
33  33  62  62  62  51  51  51  44  44  44  33  33  33  33  33  33  44  44  44  51  51  51  62  62  62  33  33  33  33  ...
22  22  11  11  11  66  66  66  55  55  55  44  44  44  44  44  44  55  55  55  66  66  66  11  11  11  22  22  22  22  ...
11  11  00  00  00  00  00  00  66  66  66  55  55  55  55  55  55  66  66  66  00  00  00  00  00  00  11  11  11  11  ...
00  00  00  00  00  00  00  00  00  00  00  66  66  66  66  66  66  00  00  00  00  00  00  00  00  00  00  00  00  00  ...


BIN ALLOCATION OF DISTANCES:
2 6 4 6 5 4 
2 1 4 5 6 6 
2 4 1 1 3 5 
6 2 4 1 2 5 
6 2 4 3 1 3 
5 3 5 3 3 1 


BINS USED:
4 5 3 3 4 3 3 3 2 2 4 1 3 1 2 2 1 4 2 4 4 5 2 6 6 6 5 5 1 1 6 6 6 5 5 0 


TRANSITION SEQUENCE:
-1 0.607143 -1 -1 -1 0.380952 0.22619 -1 -1 -1 -1 0 -1 0 0.202381 -1 0 0.392857 -1 -1 -1 0.571429 -1 0.77381 -1 -1 0.428571 -1 0 0.178571 -1 -1 1 -1 -1 0 


CORRELATION COEFFICIENT:          0.135133
DETECTION POWER:                  0.321514

