
Cycle found:
------------
223445010052151402543031355332411204
------------
Valid sequence 


NORMALIZED NEURAL MODEL:
-1.000000 -1.000000 -1.000000 -1.000000 -1.000000 -1.000000 
-1.000000 0.000000 0.392857 0.571429 0.773810 1.000000 
-1.000000 -1.000000 0.000000 0.178571 0.380952 0.607143 
-1.000000 -1.000000 -1.000000 0.000000 0.202381 0.428571 
-1.000000 -1.000000 -1.000000 -1.000000 0.000000 0.226190 
-1.000000 -1.000000 -1.000000 -1.000000 -1.000000 0.000000 

NORMALIZED GUIDE FUNCTION:
0.132457 0.217795 0.301131 0.381928 0.459662 0.533827 0.60394 0.669544 0.730207 0.785531 0.835149 0.878731 0.915985 0.946659 0.970543 0.987468 0.997313 1 0.995496 0.983816 0.96502 0.939214 0.906548 0.86722 0.821466 0.769568 0.711847 0.648659 0.580401 0.507499 0.430411 0.349624 0.265649 0.179017 0.0902789 0 


BIN SEQUENCE:
1 1 2 2 2 3 3 3 4 4 4 5 5 5 6 6 6 6 6 6 5 5 5 4 4 4 3 3 3 2 2 2 1 1 1 1 


SEQUENCE OF PREFERRED BINS:
11  11  22  22  22  33  33  33  44  44  44  55  55  55  66  66  66  66  66  66  55  55  55  44  44  44  33  33  33  22  ...
22  22  31  31  31  42  42  42  53  53  53  64  64  64  55  55  55  55  55  55  64  64  64  53  53  53  42  42  42  31  ...
33  33  44  44  44  51  51  51  62  62  62  33  33  33  44  44  44  44  44  44  33  33  33  62  62  62  51  51  51  44  ...
44  44  55  55  55  66  66  66  11  11  11  22  22  22  33  33  33  33  33  33  22  22  22  11  11  11  66  66  66  55  ...
55  55  66  66  66  00  00  00  00  00  00  11  11  11  22  22  22  22  22  22  11  11  11  00  00  00  00  00  00  66  ...
66  66  00  00  00  00  00  00  00  00  00  00  00  00  11  11  11  11  11  11  00  00  00  00  00  00  00  00  00  00  ...


BIN ALLOCATION OF DISTANCES:
5 5 5 5 1 5 
3 1 3 4 6 6 
3 4 1 2 2 4 
5 6 3 1 2 4 
4 1 6 3 2 2 
3 6 4 1 6 2 


BINS USED:
1 2 2 2 2 3 5 3 5 5 4 4 6 6 6 4 5 4 6 3 5 5 6 4 4 2 1 1 3 2 1 1 3 3 1 0 


TRANSITION SEQUENCE:
0 0.178571 0.202381 0 0.22619 -1 -1 -1 -1 -1 -1 -1 1 -1 0.77381 -1 -1 0.607143 -1 -1 -1 -1 -1 0.571429 0.428571 0 -1 0 -1 0.380952 -1 0 0.392857 -1 -1 0 


CORRELATION COEFFICIENT:          0.481412
DETECTION POWER:                  0.46286

