
Cycle found:
------------
404542023224125113031535005521014334
------------
Valid sequence 


NORMALIZED NEURAL MODEL:
-1.000000 -1.000000 -1.000000 -1.000000 -1.000000 -1.000000 
-1.000000 0.000000 0.392857 0.571429 0.773810 1.000000 
-1.000000 -1.000000 0.000000 0.178571 0.380952 0.607143 
-1.000000 -1.000000 -1.000000 0.000000 0.202381 0.428571 
-1.000000 -1.000000 -1.000000 -1.000000 0.000000 0.226190 
-1.000000 -1.000000 -1.000000 -1.000000 -1.000000 0.000000 

NORMALIZED GUIDE FUNCTION:
0 0.0499193 0.101523 0.154479 0.208449 0.263085 0.318039 0.372959 0.427491 0.481288 0.534005 0.585306 0.634862 0.682357 0.727487 0.769965 0.809519 0.845899 0.878871 0.908228 0.933781 0.95537 0.972857 0.986133 0.995115 0.999746 1 0.995876 0.987403 0.974636 0.957661 0.936586 0.91155 0.882713 0.850263 0.814409 


BIN SEQUENCE:
1 1 1 1 1 1 2 2 2 2 2 2 3 3 3 3 3 4 4 4 5 5 5 6 6 6 6 6 6 5 5 5 4 4 4 3 


SEQUENCE OF PREFERRED BINS:
11  11  11  11  11  11  22  22  22  22  22  22  33  33  33  33  33  44  44  44  55  55  55  66  66  66  66  66  66  55  ...
22  22  22  22  22  22  31  31  31  31  31  31  42  42  42  42  42  53  53  53  64  64  64  55  55  55  55  55  55  64  ...
33  33  33  33  33  33  44  44  44  44  44  44  51  51  51  51  51  62  62  62  33  33  33  44  44  44  44  44  44  33  ...
44  44  44  44  44  44  55  55  55  55  55  55  66  66  66  66  66  11  11  11  22  22  22  33  33  33  33  33  33  22  ...
55  55  55  55  55  55  66  66  66  66  66  66  00  00  00  00  00  00  00  00  11  11  11  22  22  22  22  22  22  11  ...
66  66  66  66  66  66  00  00  00  00  00  00  00  00  00  00  00  00  00  00  00  00  00  11  11  11  11  11  11  00  ...


BIN ALLOCATION OF DISTANCES:
6 6 4 4 3 6 
1 1 3 5 5 5 
1 6 1 2 3 5 
4 4 2 1 2 3 
1 4 4 6 2 3 
6 3 5 5 2 2 


BINS USED:
1 3 3 2 4 1 4 2 2 1 3 4 3 5 3 1 5 4 4 4 5 5 3 6 6 6 2 5 6 1 6 5 6 1 2 0 


TRANSITION SEQUENCE:
-1 -1 0.22619 -1 -1 -1 -1 0.178571 -1 0 0.380952 -1 0.392857 0.607143 -1 0 0.571429 -1 -1 -1 1 -1 0.428571 -1 -1 -1 0 -1 -1 -1 -1 0.77381 -1 0 0.202381 0 


CORRELATION COEFFICIENT:          0.110426
DETECTION POWER:                  0.292315

