
Cycle found:
------------
214535134240441031120154330225500523
------------
Valid sequence 


NORMALIZED NEURAL MODEL:
-1.000000 -1.000000 -1.000000 -1.000000 -1.000000 -1.000000 
-1.000000 0.000000 0.392857 0.571429 0.773810 1.000000 
-1.000000 -1.000000 0.000000 0.178571 0.380952 0.607143 
-1.000000 -1.000000 -1.000000 0.000000 0.202381 0.428571 
-1.000000 -1.000000 -1.000000 -1.000000 0.000000 0.226190 
-1.000000 -1.000000 -1.000000 -1.000000 -1.000000 0.000000 

NORMALIZED GUIDE FUNCTION:
1 0.934565 0.868431 0.80202 0.735759 0.670071 0.60538 0.542103 0.480648 0.421414 0.364784 0.311128 0.260795 0.214114 0.171393 0.132913 0.0989294 0.0696692 0.0453294 0.0260758 0.0120418 0.00332775 0 0.00209043 0.00959624 0.0224799 0.0406692 0.0640578 0.0925059 0.125841 0.163858 0.206323 0.252972 0.303514 0.357632 0.414987 


BIN SEQUENCE:
6 6 6 6 6 6 5 5 5 5 5 4 4 4 3 3 3 2 2 2 1 1 1 1 1 1 2 2 2 3 3 3 4 4 4 5 


SEQUENCE OF PREFERRED BINS:
66  66  66  66  66  66  55  55  55  55  55  44  44  44  33  33  33  22  22  22  11  11  11  11  11  11  22  22  22  33  ...
55  55  55  55  55  55  64  64  64  64  64  53  53  53  42  42  42  31  31  31  22  22  22  22  22  22  31  31  31  42  ...
44  44  44  44  44  44  33  33  33  33  33  62  62  62  51  51  51  44  44  44  33  33  33  33  33  33  44  44  44  51  ...
33  33  33  33  33  33  22  22  22  22  22  11  11  11  66  66  66  55  55  55  44  44  44  44  44  44  55  55  55  66  ...
22  22  22  22  22  22  11  11  11  11  11  00  00  00  00  00  00  66  66  66  55  55  55  55  55  55  66  66  66  00  ...
11  11  11  11  11  11  00  00  00  00  00  00  00  00  00  00  00  00  00  00  66  66  66  66  66  66  00  00  00  00  ...


BIN ALLOCATION OF DISTANCES:
6 2 3 3 4 4 
2 1 5 5 6 6 
2 6 1 3 5 6 
2 3 5 1 4 5 
4 2 4 1 2 5 
1 4 3 6 1 3 


BINS USED:
6 6 5 6 5 4 5 4 4 5 4 4 2 2 2 3 3 1 5 2 2 6 1 1 1 2 3 1 6 3 1 6 4 3 3 0 


TRANSITION SEQUENCE:
-1 0.77381 0.22619 -1 0.428571 -1 0.571429 0.202381 -1 0.380952 -1 -1 0 -1 -1 -1 -1 0 0.392857 -1 -1 1 -1 -1 0 -1 -1 0 0.607143 0 -1 -1 -1 -1 0.178571 0 


CORRELATION COEFFICIENT:          0.160163
DETECTION POWER:                  0.208299

