
Cycle found:
------------
505221101200454030255324144234331351
------------
Valid sequence 


NORMALIZED NEURAL MODEL:
-1.000000 -1.000000 -1.000000 -1.000000 -1.000000 -1.000000 
-1.000000 0.000000 0.392857 0.571429 0.773810 1.000000 
-1.000000 -1.000000 0.000000 0.178571 0.380952 0.607143 
-1.000000 -1.000000 -1.000000 0.000000 0.202381 0.428571 
-1.000000 -1.000000 -1.000000 -1.000000 0.000000 0.226190 
-1.000000 -1.000000 -1.000000 -1.000000 -1.000000 0.000000 

NORMALIZED GUIDE FUNCTION:
0 0.0844063 0.167868 0.249853 0.329838 0.407312 0.481782 0.552776 0.619843 0.682557 0.740523 0.793374 0.840779 0.88244 0.918097 0.947529 0.970554 0.987032 0.996866 1 0.996422 0.986163 0.969295 0.945936 0.916241 0.880409 0.838676 0.791316 0.738638 0.680987 0.618737 0.552292 0.482082 0.408562 0.332205 0.253505 


BIN SEQUENCE:
1 1 1 1 1 2 2 3 3 3 4 4 4 5 5 5 6 6 6 6 6 6 5 5 5 4 4 4 3 3 3 2 2 2 2 1 


SEQUENCE OF PREFERRED BINS:
11  11  11  11  11  22  22  33  33  33  44  44  44  55  55  55  66  66  66  66  66  66  55  55  55  44  44  44  33  33  ...
22  22  22  22  22  31  31  42  42  42  53  53  53  64  64  64  55  55  55  55  55  55  64  64  64  53  53  53  42  42  ...
33  33  33  33  33  44  44  51  51  51  62  62  62  33  33  33  44  44  44  44  44  44  33  33  33  62  62  62  51  51  ...
44  44  44  44  44  55  55  66  66  66  11  11  11  22  22  22  33  33  33  33  33  33  22  22  22  11  11  11  66  66  ...
55  55  55  55  55  66  66  00  00  00  00  00  00  11  11  11  22  22  22  22  22  22  11  11  11  00  00  00  00  00  ...
66  66  66  66  66  00  00  00  00  00  00  00  00  00  00  00  11  11  11  11  11  11  00  00  00  00  00  00  00  00  ...


BIN ALLOCATION OF DISTANCES:
4 2 6 6 2 1 
3 1 4 5 5 5 
3 1 1 3 4 5 
6 4 5 2 3 4 
6 6 6 1 2 4 
1 2 2 3 5 3 


BINS USED:
1 1 2 1 1 1 3 2 4 3 4 2 4 5 6 6 6 6 5 3 3 5 4 6 5 2 6 3 3 1 2 4 5 4 2 0 


TRANSITION SEQUENCE:
-1 -1 -1 0 -1 0 -1 -1 0.392857 -1 -1 -1 0.22619 -1 -1 -1 -1 -1 0.607143 0 -1 -1 0.380952 -1 0.77381 0 -1 0.178571 0.202381 -1 0 -1 0.571429 0.428571 -1 0 


CORRELATION COEFFICIENT:          0.180311
DETECTION POWER:                  0.199007

