
Cycle found:
------------
241055011321233442004515253540314302
------------
Valid sequence 


NORMALIZED NEURAL MODEL:
-1.000000 -1.000000 -1.000000 -1.000000 -1.000000 -1.000000 
-1.000000 0.000000 0.392857 0.571429 0.773810 1.000000 
-1.000000 -1.000000 0.000000 0.178571 0.380952 0.607143 
-1.000000 -1.000000 -1.000000 0.000000 0.202381 0.428571 
-1.000000 -1.000000 -1.000000 -1.000000 0.000000 0.226190 
-1.000000 -1.000000 -1.000000 -1.000000 -1.000000 0.000000 

NORMALIZED GUIDE FUNCTION:
0.330868 0.281244 0.23482 0.191894 0.152744 0.117621 0.0867529 0.0603381 0.0385479 0.0215236 0.00937636 0.00218581 0 0.00283492 0.0106744 0.0234702 0.0411422 0.0635793 0.0906396 0.122151 0.157915 0.197702 0.241261 0.288312 0.338557 0.391674 0.447325 0.505154 0.564791 0.625855 0.687955 0.750695 0.813671 0.876482 0.938725 1 


BIN SEQUENCE:
4 4 4 3 3 3 2 2 2 1 1 1 1 1 1 2 2 2 3 3 3 4 4 4 5 5 5 5 5 5 6 6 6 6 6 6 


SEQUENCE OF PREFERRED BINS:
44  44  44  33  33  33  22  22  22  11  11  11  11  11  11  22  22  22  33  33  33  44  44  44  55  55  55  55  55  55  ...
53  53  53  42  42  42  31  31  31  22  22  22  22  22  22  31  31  31  42  42  42  53  53  53  64  64  64  64  64  64  ...
62  62  62  51  51  51  44  44  44  33  33  33  33  33  33  44  44  44  51  51  51  62  62  62  33  33  33  33  33  33  ...
11  11  11  66  66  66  55  55  55  44  44  44  44  44  44  55  55  55  66  66  66  11  11  11  22  22  22  22  22  22  ...
00  00  00  00  00  00  66  66  66  55  55  55  55  55  55  66  66  66  00  00  00  00  00  00  11  11  11  11  11  11  ...
00  00  00  00  00  00  00  00  00  66  66  66  66  66  66  00  00  00  00  00  00  00  00  00  00  00  00  00  00  00  ...


BIN ALLOCATION OF DISTANCES:
4 2 1 1 1 3 
4 1 5 5 6 6 
5 2 2 3 4 6 
4 6 2 2 3 5 
5 3 1 6 2 3 
4 4 5 6 1 3 


BINS USED:
4 3 4 3 3 4 2 1 5 2 2 5 3 2 3 2 1 5 4 1 3 4 6 5 6 6 5 1 5 1 6 6 6 4 1 0 


TRANSITION SEQUENCE:
0.380952 -1 -1 -1 0 -1 -1 0 0.571429 -1 -1 0.392857 0.178571 0 0.202381 0 -1 -1 -1 -1 0.22619 -1 1 -1 0.607143 -1 0.428571 -1 -1 -1 -1 0.77381 -1 -1 -1 0 


CORRELATION COEFFICIENT:          0.132088
DETECTION POWER:                  0.387931

