
Cycle found:
------------
531521413425545033230402200511012443
------------
Valid sequence 


NORMALIZED NEURAL MODEL:
-1.000000 -1.000000 -1.000000 -1.000000 -1.000000 -1.000000 
-1.000000 0.000000 0.392857 0.571429 0.773810 1.000000 
-1.000000 -1.000000 0.000000 0.178571 0.380952 0.607143 
-1.000000 -1.000000 -1.000000 0.000000 0.202381 0.428571 
-1.000000 -1.000000 -1.000000 -1.000000 0.000000 0.226190 
-1.000000 -1.000000 -1.000000 -1.000000 -1.000000 0.000000 

NORMALIZED GUIDE FUNCTION:
0.971289 0.983782 0.992764 0.998181 1 0.998213 0.992835 0.983903 0.971477 0.95564 0.936496 0.91417 0.888809 0.860576 0.829655 0.796247 0.760567 0.722847 0.683328 0.642265 0.599924 0.556575 0.512498 0.467975 0.423292 0.378734 0.334587 0.291134 0.248652 0.207412 0.167676 0.129699 0.0937216 0.0599725 0.0286658 0 


BIN SEQUENCE:
5 5 6 6 6 6 6 6 5 5 5 5 4 4 4 4 4 4 3 3 3 3 3 3 2 2 2 2 2 2 1 1 1 1 1 1 


SEQUENCE OF PREFERRED BINS:
55  55  66  66  66  66  66  66  55  55  55  55  44  44  44  44  44  44  33  33  33  33  33  33  22  22  22  22  22  22  ...
64  64  55  55  55  55  55  55  64  64  64  64  53  53  53  53  53  53  42  42  42  42  42  42  31  31  31  31  31  31  ...
33  33  44  44  44  44  44  44  33  33  33  33  62  62  62  62  62  62  51  51  51  51  51  51  44  44  44  44  44  44  ...
22  22  33  33  33  33  33  33  22  22  22  22  11  11  11  11  11  11  66  66  66  66  66  66  55  55  55  55  55  55  ...
11  11  22  22  22  22  22  22  11  11  11  11  00  00  00  00  00  00  00  00  00  00  00  00  66  66  66  66  66  66  ...
00  00  11  11  11  11  11  11  00  00  00  00  00  00  00  00  00  00  00  00  00  00  00  00  00  00  00  00  00  00  ...


BIN ALLOCATION OF DISTANCES:
1 6 2 4 3 5 
4 1 4 5 5 6 
1 6 2 3 4 5 
1 6 2 2 3 4 
3 6 5 3 2 4 
1 1 6 5 2 3 


BINS USED:
5 6 6 6 6 5 6 5 3 5 5 3 2 4 1 4 2 2 3 1 3 3 2 2 1 1 5 1 1 4 6 4 4 2 3 0 


TRANSITION SEQUENCE:
-1 -1 1 -1 -1 0.77381 -1 0.571429 0.202381 -1 0.607143 0 -1 0.22619 -1 -1 0 -1 0.178571 -1 -1 -1 -1 0 -1 -1 -1 -1 0 -1 -1 0.392857 0.380952 0 -1 0 


CORRELATION COEFFICIENT:          0.350864
DETECTION POWER:                  0.346201

