
Cycle found:
------------
112233452425435314150304400210132055
------------
Valid sequence 


NORMALIZED NEURAL MODEL:
-1.000000 -1.000000 -1.000000 -1.000000 -1.000000 -1.000000 
-1.000000 0.000000 0.392857 0.571429 0.773810 1.000000 
-1.000000 -1.000000 0.000000 0.178571 0.380952 0.607143 
-1.000000 -1.000000 -1.000000 0.000000 0.202381 0.428571 
-1.000000 -1.000000 -1.000000 -1.000000 0.000000 0.226190 
-1.000000 -1.000000 -1.000000 -1.000000 -1.000000 0.000000 

NORMALIZED GUIDE FUNCTION:
0 0.075109 0.150162 0.224678 0.298177 0.370187 0.440241 0.507889 0.57269 0.634225 0.692091 0.745912 0.795333 0.840031 0.879709 0.914103 0.942983 0.966153 0.983454 0.994765 1 0.999116 0.992106 0.979004 0.959883 0.934855 0.904068 0.867709 0.826003 0.779205 0.727607 0.67153 0.611327 0.547376 0.48008 0.409864 


BIN SEQUENCE:
1 1 1 1 1 1 2 2 2 3 3 3 4 4 4 5 5 5 6 6 6 6 6 6 5 5 5 4 4 4 3 3 3 2 2 2 


SEQUENCE OF PREFERRED BINS:
11  11  11  11  11  11  22  22  22  33  33  33  44  44  44  55  55  55  66  66  66  66  66  66  55  55  55  44  44  44  ...
22  22  22  22  22  22  31  31  31  42  42  42  53  53  53  64  64  64  55  55  55  55  55  55  64  64  64  53  53  53  ...
33  33  33  33  33  33  44  44  44  51  51  51  62  62  62  33  33  33  44  44  44  44  44  44  33  33  33  62  62  62  ...
44  44  44  44  44  44  55  55  55  66  66  66  11  11  11  22  22  22  33  33  33  33  33  33  22  22  22  11  11  11  ...
55  55  55  55  55  55  66  66  66  00  00  00  00  00  00  11  11  11  22  22  22  22  22  22  11  11  11  00  00  00  ...
66  66  66  66  66  66  00  00  00  00  00  00  00  00  00  00  00  00  11  11  11  11  11  11  00  00  00  00  00  00  ...


BIN ALLOCATION OF DISTANCES:
4 3 3 6 4 5 
4 1 2 5 5 5 
6 6 1 2 2 5 
6 4 3 1 2 4 
1 6 3 3 1 2 
6 2 3 5 4 1 


BINS USED:
1 2 1 2 1 2 2 3 2 3 5 4 3 4 5 4 5 6 5 6 6 6 4 1 1 4 3 6 4 3 5 3 6 5 1 0 


TRANSITION SEQUENCE:
0 0.392857 0 0.178571 0 0.202381 0.22619 -1 0.380952 -1 0.607143 -1 -1 0.428571 -1 -1 0.77381 -1 1 -1 -1 -1 -1 0 -1 -1 -1 -1 -1 -1 0.571429 -1 -1 -1 0 0 


CORRELATION COEFFICIENT:          0.448723
DETECTION POWER:                  0.519057

