
Cycle found:
------------
020411001234535131432152503305542244
------------
Valid sequence 


NORMALIZED NEURAL MODEL:
-1.000000 -1.000000 -1.000000 -1.000000 -1.000000 -1.000000 
-1.000000 0.000000 0.392857 0.571429 0.773810 1.000000 
-1.000000 -1.000000 0.000000 0.178571 0.380952 0.607143 
-1.000000 -1.000000 -1.000000 0.000000 0.202381 0.428571 
-1.000000 -1.000000 -1.000000 -1.000000 0.000000 0.226190 
-1.000000 -1.000000 -1.000000 -1.000000 -1.000000 0.000000 

NORMALIZED GUIDE FUNCTION:
0 0.0625339 0.125933 0.189789 0.253692 0.317234 0.380009 0.441615 0.501661 0.559765 0.61556 0.668692 0.718826 0.765647 0.808862 0.848201 0.88342 0.914302 0.940656 0.962323 0.979174 0.991109 0.998063 1 0.996918 0.988846 0.975845 0.95801 0.935462 0.908357 0.876876 0.841229 0.801653 0.75841 0.711782 0.662077 


BIN SEQUENCE:
1 1 1 1 1 1 2 2 2 2 2 3 3 3 4 4 4 5 5 5 6 6 6 6 6 6 5 5 5 4 4 4 3 3 3 2 


SEQUENCE OF PREFERRED BINS:
11  11  11  11  11  11  22  22  22  22  22  33  33  33  44  44  44  55  55  55  66  66  66  66  66  66  55  55  55  44  ...
22  22  22  22  22  22  31  31  31  31  31  42  42  42  53  53  53  64  64  64  55  55  55  55  55  55  64  64  64  53  ...
33  33  33  33  33  33  44  44  44  44  44  51  51  51  62  62  62  33  33  33  44  44  44  44  44  44  33  33  33  62  ...
44  44  44  44  44  44  55  55  55  55  55  66  66  66  11  11  11  22  22  22  33  33  33  33  33  33  22  22  22  11  ...
55  55  55  55  55  55  66  66  66  66  66  00  00  00  00  00  00  11  11  11  22  22  22  22  22  22  11  11  11  00  ...
66  66  66  66  66  66  00  00  00  00  00  00  00  00  00  00  00  00  00  00  11  11  11  11  11  11  00  00  00  00  ...


BIN ALLOCATION OF DISTANCES:
3 4 2 5 2 5 
3 1 4 5 6 6 
1 6 1 2 4 5 
1 5 6 1 2 4 
6 1 3 5 2 3 
3 4 6 3 4 2 


BINS USED:
2 1 2 1 1 3 3 4 4 2 2 3 3 4 4 5 5 6 5 6 6 6 6 5 3 5 1 1 5 2 4 3 1 4 2 0 


TRANSITION SEQUENCE:
-1 -1 -1 -1 0 -1 -1 -1 0.392857 0.178571 0.202381 0.22619 -1 0.428571 -1 0.571429 -1 0.77381 -1 -1 -1 1 -1 0.607143 -1 -1 0 -1 -1 0 -1 -1 0 0.380952 0 0 


CORRELATION COEFFICIENT:          0.198369
DETECTION POWER:                  0.46238

