
Cycle found:
------------
142134530500322023351240415255443110
------------
Valid sequence 


NORMALIZED NEURAL MODEL:
-1.000000 -1.000000 -1.000000 -1.000000 -1.000000 -1.000000 
-1.000000 0.000000 0.392857 0.571429 0.773810 1.000000 
-1.000000 -1.000000 0.000000 0.178571 0.380952 0.607143 
-1.000000 -1.000000 -1.000000 0.000000 0.202381 0.428571 
-1.000000 -1.000000 -1.000000 -1.000000 0.000000 0.226190 
-1.000000 -1.000000 -1.000000 -1.000000 -1.000000 0.000000 

NORMALIZED GUIDE FUNCTION:
0.399758 0.344086 0.291578 0.24257 0.197372 0.156272 0.11953 0.087378 0.0600189 0.0376245 0.020335 0.00825755 0.00146592 0 0.00386554 0.0130341 0.0274435 0.0469977 0.0715681 0.100994 0.135083 0.173615 0.216339 0.262979 0.313234 0.366779 0.42327 0.482342 0.543615 0.606697 0.671181 0.736653 0.802695 0.868882 0.934791 1 


BIN SEQUENCE:
5 4 4 4 3 3 3 2 2 2 1 1 1 1 1 1 2 2 2 3 3 3 4 4 4 5 5 5 5 5 6 6 6 6 6 6 


SEQUENCE OF PREFERRED BINS:
55  44  44  44  33  33  33  22  22  22  11  11  11  11  11  11  22  22  22  33  33  33  44  44  44  55  55  55  55  55  ...
64  53  53  53  42  42  42  31  31  31  22  22  22  22  22  22  31  31  31  42  42  42  53  53  53  64  64  64  64  64  ...
33  62  62  62  51  51  51  44  44  44  33  33  33  33  33  33  44  44  44  51  51  51  62  62  62  33  33  33  33  33  ...
22  11  11  11  66  66  66  55  55  55  44  44  44  44  44  44  55  55  55  66  66  66  11  11  11  22  22  22  22  22  ...
11  00  00  00  00  00  00  66  66  66  55  55  55  55  55  55  66  66  66  00  00  00  00  00  00  11  11  11  11  11  ...
00  00  00  00  00  00  00  00  00  00  66  66  66  66  66  66  00  00  00  00  00  00  00  00  00  00  00  00  00  00  ...


BIN ALLOCATION OF DISTANCES:
4 6 5 5 6 3 
3 1 3 4 6 6 
1 5 1 2 3 6 
2 5 1 1 3 4 
5 5 4 1 2 3 
2 4 4 2 6 2 


BINS USED:
6 4 5 4 3 3 2 2 3 2 4 5 1 1 1 5 2 1 4 4 3 3 5 6 5 6 4 6 2 6 2 1 5 1 3 0 


TRANSITION SEQUENCE:
0.77381 -1 -1 0.571429 0.202381 0.22619 -1 -1 -1 -1 -1 -1 -1 0 -1 -1 0.178571 0 0.428571 -1 0.392857 0.380952 -1 -1 -1 1 -1 0.607143 0 -1 0 -1 -1 0 -1 0 


CORRELATION COEFFICIENT:          -0.124389
DETECTION POWER:                  0.3154

