
Cycle found:
------------
334010503045243254231551441220021135
------------
Valid sequence 


NORMALIZED NEURAL MODEL:
-1.000000 -1.000000 -1.000000 -1.000000 -1.000000 -1.000000 
-1.000000 0.000000 0.392857 0.571429 0.773810 1.000000 
-1.000000 -1.000000 0.000000 0.178571 0.380952 0.607143 
-1.000000 -1.000000 -1.000000 0.000000 0.202381 0.428571 
-1.000000 -1.000000 -1.000000 -1.000000 0.000000 0.226190 
-1.000000 -1.000000 -1.000000 -1.000000 -1.000000 0.000000 

NORMALIZED GUIDE FUNCTION:
0 0.0890108 0.176664 0.262396 0.345658 0.425914 0.502648 0.575368 0.643604 0.706917 0.764898 0.817174 0.863405 0.903292 0.936576 0.96304 0.98251 0.994858 1 0.9979 0.988566 0.972055 0.948468 0.917952 0.880699 0.836944 0.786963 0.731072 0.669628 0.603019 0.531671 0.456036 0.376599 0.293864 0.208361 0.120636 


BIN SEQUENCE:
1 1 1 1 2 2 2 3 3 3 4 4 4 5 5 5 6 6 6 6 6 6 5 5 5 4 4 4 3 3 3 2 2 2 1 1 


SEQUENCE OF PREFERRED BINS:
11  11  11  11  22  22  22  33  33  33  44  44  44  55  55  55  66  66  66  66  66  66  55  55  55  44  44  44  33  33  ...
22  22  22  22  31  31  31  42  42  42  53  53  53  64  64  64  55  55  55  55  55  55  64  64  64  53  53  53  42  42  ...
33  33  33  33  44  44  44  51  51  51  62  62  62  33  33  33  44  44  44  44  44  44  33  33  33  62  62  62  51  51  ...
44  44  44  44  55  55  55  66  66  66  11  11  11  22  22  22  33  33  33  33  33  33  22  22  22  11  11  11  66  66  ...
55  55  55  55  66  66  66  00  00  00  00  00  00  11  11  11  22  22  22  22  22  22  11  11  11  00  00  00  00  00  ...
66  66  66  66  00  00  00  00  00  00  00  00  00  00  00  00  11  11  11  11  11  11  00  00  00  00  00  00  00  00  ...


BIN ALLOCATION OF DISTANCES:
6 1 6 4 5 3 
2 1 4 5 5 6 
2 1 2 3 4 5 
3 6 5 2 3 4 
1 2 6 5 3 4 
2 1 4 1 6 3 


BINS USED:
2 3 1 1 2 3 2 4 3 5 4 4 4 5 5 5 6 6 3 6 6 3 1 5 3 2 4 2 2 6 6 1 1 5 4 0 


TRANSITION SEQUENCE:
0 0.202381 -1 -1 -1 -1 -1 -1 -1 -1 0.22619 -1 0.380952 -1 -1 0.607143 -1 -1 0.178571 -1 1 0 -1 0.77381 0 -1 0.392857 0 -1 -1 -1 -1 0 0.571429 0.428571 0 


CORRELATION COEFFICIENT:          0.263903
DETECTION POWER:                  0.143774

