
Cycle found:
------------
504322110552033024123440015425135314
------------
Valid sequence 


NORMALIZED NEURAL MODEL:
-1.000000 -1.000000 -1.000000 -1.000000 -1.000000 -1.000000 
-1.000000 0.000000 0.392857 0.571429 0.773810 1.000000 
-1.000000 -1.000000 0.000000 0.178571 0.380952 0.607143 
-1.000000 -1.000000 -1.000000 0.000000 0.202381 0.428571 
-1.000000 -1.000000 -1.000000 -1.000000 0.000000 0.226190 
-1.000000 -1.000000 -1.000000 -1.000000 -1.000000 0.000000 

NORMALIZED GUIDE FUNCTION:
0 0.026873 0.0564561 0.0885588 0.122975 0.159483 0.197849 0.237826 0.279158 0.32158 0.364819 0.4086 0.45264 0.496658 0.540372 0.583502 0.625773 0.666913 0.706661 0.744761 0.780971 0.815058 0.846807 0.876013 0.902492 0.926074 0.946609 0.963968 0.978039 0.988734 0.995985 0.999748 1 0.99674 0.98999 0.979794 


BIN SEQUENCE:
1 1 1 1 1 1 2 2 2 2 2 2 3 3 3 3 3 3 4 4 4 4 4 4 5 5 5 5 5 6 6 6 6 6 6 5 


SEQUENCE OF PREFERRED BINS:
11  11  11  11  11  11  22  22  22  22  22  22  33  33  33  33  33  33  44  44  44  44  44  44  55  55  55  55  55  66  ...
22  22  22  22  22  22  31  31  31  31  31  31  42  42  42  42  42  42  53  53  53  53  53  53  64  64  64  64  64  55  ...
33  33  33  33  33  33  44  44  44  44  44  44  51  51  51  51  51  51  62  62  62  62  62  62  33  33  33  33  33  44  ...
44  44  44  44  44  44  55  55  55  55  55  55  66  66  66  66  66  66  11  11  11  11  11  11  22  22  22  22  22  33  ...
55  55  55  55  55  55  66  66  66  66  66  66  00  00  00  00  00  00  00  00  00  00  00  00  11  11  11  11  11  22  ...
66  66  66  66  66  66  00  00  00  00  00  00  00  00  00  00  00  00  00  00  00  00  00  00  00  00  00  00  00  11  ...


BIN ALLOCATION OF DISTANCES:
4 5 4 4 1 1 
3 1 5 6 6 6 
4 3 2 5 5 6 
4 2 2 2 5 6 
2 3 1 1 2 5 
1 6 3 3 4 3 


BINS USED:
1 1 1 2 2 3 1 3 1 3 3 4 4 2 4 4 5 3 5 5 5 2 2 4 5 6 4 1 6 6 6 6 3 2 6 0 


TRANSITION SEQUENCE:
-1 -1 -1 -1 0 -1 0 -1 -1 0 -1 -1 -1 0 -1 -1 0.380952 -1 0.392857 0.178571 0.202381 0 -1 -1 -1 1 -1 -1 0.607143 -1 0.571429 0.428571 -1 -1 0.77381 0 


CORRELATION COEFFICIENT:          0.345738
DETECTION POWER:                  0.387296

