
Cycle found:
------------
201132102242334431452550035415304051
------------
Valid sequence 


NORMALIZED NEURAL MODEL:
-1.000000 -1.000000 -1.000000 -1.000000 -1.000000 -1.000000 
-1.000000 0.000000 0.392857 0.571429 0.773810 1.000000 
-1.000000 -1.000000 0.000000 0.178571 0.380952 0.607143 
-1.000000 -1.000000 -1.000000 0.000000 0.202381 0.428571 
-1.000000 -1.000000 -1.000000 -1.000000 0.000000 0.226190 
-1.000000 -1.000000 -1.000000 -1.000000 -1.000000 0.000000 

NORMALIZED GUIDE FUNCTION:
0.0458935 0.0296903 0.016924 0.00768131 0.00202625 0 0.00162052 0.00688242 0.0157569 0.0281921 0.0441131 0.0634226 0.0860013 0.111709 0.140385 0.17185 0.205906 0.242338 0.280915 0.321393 0.363516 0.407015 0.451614 0.497027 0.542966 0.589136 0.635242 0.680987 0.726079 0.770227 0.813147 0.854562 0.894205 0.931819 0.96716 1 


BIN SEQUENCE:
2 2 2 1 1 1 1 1 1 2 2 2 3 3 3 3 3 3 4 4 4 4 4 4 5 5 5 5 5 5 6 6 6 6 6 6 


SEQUENCE OF PREFERRED BINS:
22  22  22  11  11  11  11  11  11  22  22  22  33  33  33  33  33  33  44  44  44  44  44  44  55  55  55  55  55  55  ...
31  31  31  22  22  22  22  22  22  31  31  31  42  42  42  42  42  42  53  53  53  53  53  53  64  64  64  64  64  64  ...
44  44  44  33  33  33  33  33  33  44  44  44  51  51  51  51  51  51  62  62  62  62  62  62  33  33  33  33  33  33  ...
55  55  55  44  44  44  44  44  44  55  55  55  66  66  66  66  66  66  11  11  11  11  11  11  22  22  22  22  22  22  ...
66  66  66  55  55  55  55  55  55  66  66  66  00  00  00  00  00  00  00  00  00  00  00  00  11  11  11  11  11  11  ...
00  00  00  66  66  66  66  66  66  00  00  00  00  00  00  00  00  00  00  00  00  00  00  00  00  00  00  00  00  00  ...


BIN ALLOCATION OF DISTANCES:
4 2 1 5 1 2 
6 2 5 5 6 6 
2 1 3 4 4 6 
6 4 1 3 4 5 
1 5 3 3 3 4 
2 1 5 2 6 3 


BINS USED:
2 2 2 5 1 1 6 1 3 4 3 4 3 4 3 3 4 6 4 5 6 3 2 4 5 5 6 5 6 2 6 1 1 2 1 0 


TRANSITION SEQUENCE:
-1 -1 0 0.571429 -1 -1 -1 -1 0 0.380952 -1 0.178571 0 0.202381 0 -1 -1 0.77381 0.22619 -1 0.607143 0 -1 -1 -1 0.428571 -1 -1 1 -1 -1 -1 -1 -1 -1 0 


CORRELATION COEFFICIENT:          0.126936
DETECTION POWER:                  0.307576

