
Cycle found:
------------
035405253151002013241234433042211455
------------
Valid sequence 


NORMALIZED NEURAL MODEL:
-1.000000 -1.000000 -1.000000 -1.000000 -1.000000 -1.000000 
-1.000000 0.000000 0.392857 0.571429 0.773810 1.000000 
-1.000000 -1.000000 0.000000 0.178571 0.380952 0.607143 
-1.000000 -1.000000 -1.000000 0.000000 0.202381 0.428571 
-1.000000 -1.000000 -1.000000 -1.000000 0.000000 0.226190 
-1.000000 -1.000000 -1.000000 -1.000000 -1.000000 0.000000 

NORMALIZED GUIDE FUNCTION:
0.875651 0.903575 0.928255 0.949516 0.967206 0.981194 0.991374 0.997662 1 0.998355 0.99272 0.983112 0.969575 0.95218 0.931019 0.906214 0.877907 0.846265 0.811476 0.773751 0.733319 0.690428 0.645345 0.598349 0.549735 0.499808 0.448885 0.397288 0.345347 0.293394 0.241764 0.190792 0.140807 0.0921351 0.0450964 0 


BIN SEQUENCE:
4 4 4 5 5 5 6 6 6 6 6 6 5 5 5 4 4 4 3 3 3 3 3 3 2 2 2 2 2 2 1 1 1 1 1 1 


SEQUENCE OF PREFERRED BINS:
44  44  44  55  55  55  66  66  66  66  66  66  55  55  55  44  44  44  33  33  33  33  33  33  22  22  22  22  22  22  ...
53  53  53  64  64  64  55  55  55  55  55  55  64  64  64  53  53  53  42  42  42  42  42  42  31  31  31  31  31  31  ...
62  62  62  33  33  33  44  44  44  44  44  44  33  33  33  62  62  62  51  51  51  51  51  51  44  44  44  44  44  44  ...
11  11  11  22  22  22  33  33  33  33  33  33  22  22  22  11  11  11  66  66  66  66  66  66  55  55  55  55  55  55  ...
00  00  00  11  11  11  22  22  22  22  22  22  11  11  11  00  00  00  00  00  00  00  00  00  66  66  66  66  66  66  ...
00  00  00  00  00  00  11  11  11  11  11  11  00  00  00  00  00  00  00  00  00  00  00  00  00  00  00  00  00  00  ...


BIN ALLOCATION OF DISTANCES:
5 1 2 4 1 5 
6 1 4 4 5 6 
5 1 1 2 3 5 
6 6 3 1 3 4 
6 3 4 2 2 3 
3 2 5 6 4 2 


BINS USED:
4 4 4 6 5 5 5 6 6 6 2 6 5 2 5 1 4 3 3 3 4 2 3 2 2 1 6 1 4 1 1 1 5 3 2 0 


TRANSITION SEQUENCE:
-1 0.428571 -1 -1 -1 -1 0.607143 -1 -1 1 -1 -1 -1 -1 -1 -1 0.571429 -1 0.380952 -1 0.392857 0.178571 0.202381 0 -1 0 -1 -1 -1 0 -1 0 0.77381 0.22619 0 0 


CORRELATION COEFFICIENT:          0.397617
DETECTION POWER:                  0.32913

