
Cycle found:
------------
152024551044223250031121330140543534
------------
Valid sequence 


NORMALIZED NEURAL MODEL:
-1.000000 -1.000000 -1.000000 -1.000000 -1.000000 -1.000000 
-1.000000 0.000000 0.392857 0.571429 0.773810 1.000000 
-1.000000 -1.000000 0.000000 0.178571 0.380952 0.607143 
-1.000000 -1.000000 -1.000000 0.000000 0.202381 0.428571 
-1.000000 -1.000000 -1.000000 -1.000000 0.000000 0.226190 
-1.000000 -1.000000 -1.000000 -1.000000 -1.000000 0.000000 

NORMALIZED GUIDE FUNCTION:
0.895689 0.807721 0.72184 0.638596 0.558526 0.482142 0.409937 0.342374 0.279889 0.222886 0.171731 0.126755 0.08825 0.0564654 0.0316082 0.013841 0.0032812 0 0.004022 0.015325 0.0338403 0.0594527 0.0920016 0.131282 0.177045 0.229002 0.286822 0.350137 0.418545 0.491611 0.568867 0.649822 0.733959 0.820739 0.909609 1 


BIN SEQUENCE:
6 6 5 5 5 4 4 4 3 3 3 2 2 2 1 1 1 1 1 1 2 2 2 3 3 3 4 4 4 5 5 5 6 6 6 6 


SEQUENCE OF PREFERRED BINS:
66  66  55  55  55  44  44  44  33  33  33  22  22  22  11  11  11  11  11  11  22  22  22  33  33  33  44  44  44  55  ...
55  55  64  64  64  53  53  53  42  42  42  31  31  31  22  22  22  22  22  22  31  31  31  42  42  42  53  53  53  64  ...
44  44  33  33  33  62  62  62  51  51  51  44  44  44  33  33  33  33  33  33  44  44  44  51  51  51  62  62  62  33  ...
33  33  22  22  22  11  11  11  66  66  66  55  55  55  44  44  44  44  44  44  55  55  55  66  66  66  11  11  11  22  ...
22  22  11  11  11  00  00  00  00  00  00  66  66  66  55  55  55  55  55  55  66  66  66  00  00  00  00  00  00  11  ...
11  11  00  00  00  00  00  00  00  00  00  00  00  00  66  66  66  66  66  66  00  00  00  00  00  00  00  00  00  00  ...


BIN ALLOCATION OF DISTANCES:
1 4 5 1 4 6 
2 2 5 5 6 6 
5 6 2 4 5 6 
3 3 1 3 4 5 
3 1 2 1 3 4 
1 3 6 2 2 4 


BINS USED:
6 6 5 5 5 4 4 3 2 4 3 2 2 4 1 6 1 1 1 3 2 5 6 5 3 3 4 6 3 6 2 1 5 2 4 0 


TRANSITION SEQUENCE:
1 -1 -1 -1 0.380952 0.22619 0 -1 -1 -1 0 -1 0 0.178571 -1 0.607143 -1 -1 -1 -1 0 0.392857 -1 0.571429 0 -1 -1 0.77381 -1 -1 -1 -1 0.428571 -1 0.202381 0 


CORRELATION COEFFICIENT:          0.133086
DETECTION POWER:                  0.183203

