
Cycle found:
------------
411213050351432542023455331004401522
------------
Valid sequence 


NORMALIZED NEURAL MODEL:
-1.000000 -1.000000 -1.000000 -1.000000 -1.000000 -1.000000 
-1.000000 0.000000 0.392857 0.571429 0.773810 1.000000 
-1.000000 -1.000000 0.000000 0.178571 0.380952 0.607143 
-1.000000 -1.000000 -1.000000 0.000000 0.202381 0.428571 
-1.000000 -1.000000 -1.000000 -1.000000 0.000000 0.226190 
-1.000000 -1.000000 -1.000000 -1.000000 -1.000000 0.000000 

NORMALIZED GUIDE FUNCTION:
0.0851062 0.190282 0.291039 0.386786 0.476976 0.561113 0.638751 0.709498 0.77302 0.829039 0.877334 0.917745 0.950171 0.974566 0.990947 0.999383 1 0.992977 0.978544 0.956978 0.928602 0.89378 0.852916 0.806446 0.754839 0.69859 0.638215 0.57425 0.507244 0.437755 0.366346 0.29358 0.220017 0.146209 0.0726952 0 


BIN SEQUENCE:
1 1 2 2 2 3 3 4 4 4 5 5 5 6 6 6 6 6 6 5 5 5 4 4 4 3 3 3 3 2 2 2 1 1 1 1 


SEQUENCE OF PREFERRED BINS:
11  11  22  22  22  33  33  44  44  44  55  55  55  66  66  66  66  66  66  55  55  55  44  44  44  33  33  33  33  22  ...
22  22  31  31  31  42  42  53  53  53  64  64  64  55  55  55  55  55  55  64  64  64  53  53  53  42  42  42  42  31  ...
33  33  44  44  44  51  51  62  62  62  33  33  33  44  44  44  44  44  44  33  33  33  62  62  62  51  51  51  51  44  ...
44  44  55  55  55  66  66  11  11  11  22  22  22  33  33  33  33  33  33  22  22  22  11  11  11  66  66  66  66  55  ...
55  55  66  66  66  00  00  00  00  00  11  11  11  22  22  22  22  22  22  11  11  11  00  00  00  00  00  00  00  66  ...
66  66  00  00  00  00  00  00  00  00  00  00  00  11  11  11  11  11  11  00  00  00  00  00  00  00  00  00  00  00  ...


BIN ALLOCATION OF DISTANCES:
4 3 6 4 5 3 
4 1 4 4 5 6 
3 2 1 2 3 5 
2 2 5 1 2 4 
3 1 6 5 1 3 
5 6 6 1 6 2 


BINS USED:
1 1 4 2 4 2 3 5 4 4 6 5 5 5 5 6 6 3 6 2 2 3 2 1 1 2 4 4 5 1 3 3 6 6 1 0 


TRANSITION SEQUENCE:
-1 0 0.392857 -1 0.571429 -1 -1 -1 -1 0.428571 -1 0.77381 -1 -1 0.607143 -1 -1 -1 -1 0.178571 0.202381 0.22619 0 -1 0 -1 -1 -1 -1 0 -1 -1 1 -1 0 0 


CORRELATION COEFFICIENT:          0.114839
DETECTION POWER:                  0.316225

