
Cycle found:
------------
514150354052011004432231302124553342
------------
Valid sequence 


NORMALIZED NEURAL MODEL:
-1.000000 -1.000000 -1.000000 -1.000000 -1.000000 -1.000000 
-1.000000 0.000000 0.392857 0.571429 0.773810 1.000000 
-1.000000 -1.000000 0.000000 0.178571 0.380952 0.607143 
-1.000000 -1.000000 -1.000000 0.000000 0.202381 0.428571 
-1.000000 -1.000000 -1.000000 -1.000000 0.000000 0.226190 
-1.000000 -1.000000 -1.000000 -1.000000 -1.000000 0.000000 

NORMALIZED GUIDE FUNCTION:
1 0.931848 0.863237 0.794605 0.726393 0.659036 0.592965 0.528602 0.466358 0.406628 0.349793 0.296214 0.246231 0.200161 0.158294 0.120896 0.0882002 0.0604129 0.0377068 0.0202227 0.00806746 0.00131385 0 0.00412916 0.0136697 0.0285554 0.0486859 0.0739273 0.104113 0.139045 0.178496 0.222208 0.269897 0.321254 0.375948 0.433624 


BIN SEQUENCE:
6 6 6 6 6 6 5 5 5 5 4 4 4 3 3 3 2 2 2 1 1 1 1 1 1 2 2 2 3 3 3 4 4 4 5 5 


SEQUENCE OF PREFERRED BINS:
66  66  66  66  66  66  55  55  55  55  44  44  44  33  33  33  22  22  22  11  11  11  11  11  11  22  22  22  33  33  ...
55  55  55  55  55  55  64  64  64  64  53  53  53  42  42  42  31  31  31  22  22  22  22  22  22  31  31  31  42  42  ...
44  44  44  44  44  44  33  33  33  33  62  62  62  51  51  51  44  44  44  33  33  33  33  33  33  44  44  44  51  51  ...
33  33  33  33  33  33  22  22  22  22  11  11  11  66  66  66  55  55  55  44  44  44  44  44  44  55  55  55  66  66  ...
22  22  22  22  22  22  11  11  11  11  00  00  00  00  00  00  66  66  66  55  55  55  55  55  55  66  66  66  00  00  ...
11  11  11  11  11  11  00  00  00  00  00  00  00  00  00  00  00  00  00  66  66  66  66  66  66  00  00  00  00  00  ...


BIN ALLOCATION OF DISTANCES:
3 4 4 6 1 5 
1 2 5 5 6 6 
4 3 2 2 5 6 
1 1 1 2 4 5 
5 6 3 3 2 4 
4 6 3 1 3 2 


BINS USED:
6 6 6 6 4 6 5 3 5 5 3 4 4 2 1 3 1 2 3 1 2 2 1 5 1 4 3 5 5 4 2 1 2 4 3 0 


TRANSITION SEQUENCE:
-1 0.77381 -1 1 -1 -1 0.428571 -1 -1 -1 -1 -1 -1 0 -1 -1 -1 0 -1 -1 0 0.178571 -1 0.571429 -1 -1 -1 0.392857 0.380952 0.22619 0 -1 0 0.202381 -1 0 


CORRELATION COEFFICIENT:          0.392812
DETECTION POWER:                  0.420354

