
Cycle found:
------------
203025240014135123455053211044331542
------------
Valid sequence 


NORMALIZED NEURAL MODEL:
-1.000000 -1.000000 -1.000000 -1.000000 -1.000000 -1.000000 
-1.000000 0.000000 0.392857 0.571429 0.773810 1.000000 
-1.000000 -1.000000 0.000000 0.178571 0.380952 0.607143 
-1.000000 -1.000000 -1.000000 0.000000 0.202381 0.428571 
-1.000000 -1.000000 -1.000000 -1.000000 0.000000 0.226190 
-1.000000 -1.000000 -1.000000 -1.000000 -1.000000 0.000000 

NORMALIZED GUIDE FUNCTION:
1 0.979571 0.956254 0.930197 0.901565 0.870541 0.837323 0.802123 0.765165 0.726687 0.686933 0.646158 0.604622 0.562592 0.520337 0.478127 0.436232 0.394921 0.354459 0.315105 0.277112 0.240724 0.206174 0.173685 0.143464 0.115707 0.0905926 0.0682818 0.048919 0.0326291 0.0195177 0.00966972 0.00314952 0 0.000242508 0.00387668 


BIN SEQUENCE:
6 6 6 6 6 6 5 5 5 5 5 5 4 4 4 4 4 4 3 3 3 3 3 3 2 2 2 2 2 2 1 1 1 1 1 1 


SEQUENCE OF PREFERRED BINS:
66  66  66  66  66  66  55  55  55  55  55  55  44  44  44  44  44  44  33  33  33  33  33  33  22  22  22  22  22  22  ...
55  55  55  55  55  55  64  64  64  64  64  64  53  53  53  53  53  53  42  42  42  42  42  42  31  31  31  31  31  31  ...
44  44  44  44  44  44  33  33  33  33  33  33  62  62  62  62  62  62  51  51  51  51  51  51  44  44  44  44  44  44  ...
33  33  33  33  33  33  22  22  22  22  22  22  11  11  11  11  11  11  66  66  66  66  66  66  55  55  55  55  55  55  ...
22  22  22  22  22  22  11  11  11  11  11  11  00  00  00  00  00  00  00  00  00  00  00  00  66  66  66  66  66  66  ...
11  11  11  11  11  11  00  00  00  00  00  00  00  00  00  00  00  00  00  00  00  00  00  00  00  00  00  00  00  00  ...


BIN ALLOCATION OF DISTANCES:
5 5 6 6 1 2 
5 1 4 4 5 6 
4 2 1 3 3 4 
4 1 2 1 3 4 
6 6 2 3 2 3 
2 5 6 5 1 3 


BINS USED:
4 6 4 6 4 6 3 6 5 5 5 6 4 4 5 4 3 3 3 3 2 2 5 2 2 1 5 1 2 3 1 1 6 1 2 0 


TRANSITION SEQUENCE:
-1 -1 -1 -1 0.607143 -1 0.380952 -1 -1 -1 0.77381 -1 0.571429 0.428571 -1 0.392857 0.178571 0.202381 0.22619 0 -1 -1 -1 -1 -1 0 -1 -1 0 -1 0 -1 1 -1 -1 0 


CORRELATION COEFFICIENT:          0.240369
DETECTION POWER:                  0.324807

