
Cycle found:
------------
331104422432021341255350514540030152
------------
Valid sequence 


NORMALIZED NEURAL MODEL:
-1.000000 -1.000000 -1.000000 -1.000000 -1.000000 -1.000000 
-1.000000 0.000000 0.392857 0.571429 0.773810 1.000000 
-1.000000 -1.000000 0.000000 0.178571 0.380952 0.607143 
-1.000000 -1.000000 -1.000000 0.000000 0.202381 0.428571 
-1.000000 -1.000000 -1.000000 -1.000000 0.000000 0.226190 
-1.000000 -1.000000 -1.000000 -1.000000 -1.000000 0.000000 

NORMALIZED GUIDE FUNCTION:
0 0.0367171 0.0757708 0.116913 0.159884 0.204408 0.250202 0.296974 0.344426 0.392254 0.440151 0.487812 0.534929 0.581202 0.626332 0.670028 0.71201 0.752007 0.789759 0.825023 0.857571 0.88719 0.913688 0.936892 0.95665 0.972832 0.985329 0.994059 0.998961 1 0.997166 0.990472 0.979957 0.965686 0.947745 0.926246 


BIN SEQUENCE:
1 1 1 1 1 1 2 2 2 2 2 2 3 3 3 3 3 3 4 4 4 4 4 5 5 5 6 6 6 6 6 6 5 5 5 4 


SEQUENCE OF PREFERRED BINS:
11  11  11  11  11  11  22  22  22  22  22  22  33  33  33  33  33  33  44  44  44  44  44  55  55  55  66  66  66  66  ...
22  22  22  22  22  22  31  31  31  31  31  31  42  42  42  42  42  42  53  53  53  53  53  64  64  64  55  55  55  55  ...
33  33  33  33  33  33  44  44  44  44  44  44  51  51  51  51  51  51  62  62  62  62  62  33  33  33  44  44  44  44  ...
44  44  44  44  44  44  55  55  55  55  55  55  66  66  66  66  66  66  11  11  11  11  11  22  22  22  33  33  33  33  ...
55  55  55  55  55  55  66  66  66  66  66  66  00  00  00  00  00  00  00  00  00  00  00  11  11  11  22  22  22  22  ...
66  66  66  66  66  66  00  00  00  00  00  00  00  00  00  00  00  00  00  00  00  00  00  00  00  00  11  11  11  11  ...


BIN ALLOCATION OF DISTANCES:
5 6 3 3 3 5 
3 1 5 5 6 6 
5 6 1 4 4 6 
6 2 4 1 4 5 
4 3 2 1 1 4 
2 2 3 2 1 2 


BINS USED:
1 2 1 3 3 1 2 1 4 1 4 5 3 6 5 4 3 5 6 2 2 5 2 5 2 6 4 1 4 5 3 6 6 6 3 0 


TRANSITION SEQUENCE:
0 -1 0 -1 -1 0 -1 0 0.380952 -1 -1 -1 -1 -1 0.571429 0.202381 -1 0.392857 0.607143 0 -1 0.428571 -1 -1 -1 0.77381 0.22619 -1 -1 -1 -1 -1 -1 1 -1 0 


CORRELATION COEFFICIENT:          0.360889
DETECTION POWER:                  0.258386

