
Cycle found:
------------
304025141242344335455322100131150520
------------
Valid sequence 


NORMALIZED NEURAL MODEL:
-1.000000 -1.000000 -1.000000 -1.000000 -1.000000 -1.000000 
-1.000000 0.000000 0.392857 0.571429 0.773810 1.000000 
-1.000000 -1.000000 0.000000 0.178571 0.380952 0.607143 
-1.000000 -1.000000 -1.000000 0.000000 0.202381 0.428571 
-1.000000 -1.000000 -1.000000 -1.000000 0.000000 0.226190 
-1.000000 -1.000000 -1.000000 -1.000000 -1.000000 0.000000 

NORMALIZED GUIDE FUNCTION:
1 0.913783 0.828686 0.745251 0.664011 0.585482 0.510164 0.438536 0.37105 0.308133 0.250183 0.197564 0.150605 0.1096 0.0748044 0.046432 0.0246562 0.00960788 0.00137455 0 0.00548402 0.0177825 0.0368078 0.0624292 0.094474 0.132729 0.17694 0.226817 0.282033 0.342228 0.407009 0.475956 0.548621 0.624535 0.703208 0.784131 


BIN SEQUENCE:
6 6 6 6 5 5 5 4 4 4 3 3 3 2 2 2 1 1 1 1 1 1 2 2 2 3 3 3 4 4 4 5 5 5 6 6 


SEQUENCE OF PREFERRED BINS:
66  66  66  66  55  55  55  44  44  44  33  33  33  22  22  22  11  11  11  11  11  11  22  22  22  33  33  33  44  44  ...
55  55  55  55  64  64  64  53  53  53  42  42  42  31  31  31  22  22  22  22  22  22  31  31  31  42  42  42  53  53  ...
44  44  44  44  33  33  33  62  62  62  51  51  51  44  44  44  33  33  33  33  33  33  44  44  44  51  51  51  62  62  ...
33  33  33  33  22  22  22  11  11  11  66  66  66  55  55  55  44  44  44  44  44  44  55  55  55  66  66  66  11  11  ...
22  22  22  22  11  11  11  00  00  00  00  00  00  66  66  66  55  55  55  55  55  55  66  66  66  00  00  00  00  00  ...
11  11  11  11  00  00  00  00  00  00  00  00  00  00  00  00  66  66  66  66  66  66  00  00  00  00  00  00  00  00  ...


BIN ALLOCATION OF DISTANCES:
3 2 6 6 6 1 
2 1 4 4 5 5 
6 1 1 2 3 5 
5 5 4 1 3 4 
5 3 3 2 2 3 
6 4 6 4 1 2 


BINS USED:
5 6 5 6 5 4 5 3 4 3 3 2 3 2 2 1 4 1 3 2 4 4 1 1 2 3 2 4 5 1 5 6 1 6 6 0 


TRANSITION SEQUENCE:
-1 -1 -1 -1 0.607143 -1 0.77381 -1 0.392857 0.380952 -1 0.178571 0.202381 0 -1 0 0.428571 -1 0.22619 0 -1 -1 0 -1 -1 -1 -1 0.571429 -1 0 1 -1 -1 -1 -1 0 


CORRELATION COEFFICIENT:          0.200749
DETECTION POWER:                  0.361617

