
Cycle found:
------------
102014525055342131241154330440032235
------------
Valid sequence 


NORMALIZED NEURAL MODEL:
-1.000000 -1.000000 -1.000000 -1.000000 -1.000000 -1.000000 
-1.000000 0.000000 0.392857 0.571429 0.773810 1.000000 
-1.000000 -1.000000 0.000000 0.178571 0.380952 0.607143 
-1.000000 -1.000000 -1.000000 0.000000 0.202381 0.428571 
-1.000000 -1.000000 -1.000000 -1.000000 0.000000 0.226190 
-1.000000 -1.000000 -1.000000 -1.000000 -1.000000 0.000000 

NORMALIZED GUIDE FUNCTION:
1 0.980355 0.95782 0.932534 0.904654 0.874355 0.841827 0.807272 0.770911 0.732972 0.693696 0.653333 0.612139 0.570377 0.528313 0.486218 0.444361 0.40301 0.362433 0.32289 0.284637 0.247922 0.212982 0.180047 0.149329 0.12103 0.0953366 0.0724175 0.0524247 0.0354918 0.0217328 0.0112417 0.00409161 0.000334327 0 0.00309687 


BIN SEQUENCE:
6 6 6 6 6 6 5 5 5 5 5 5 4 4 4 4 4 4 3 3 3 3 3 3 2 2 2 2 2 2 1 1 1 1 1 1 


SEQUENCE OF PREFERRED BINS:
66  66  66  66  66  66  55  55  55  55  55  55  44  44  44  44  44  44  33  33  33  33  33  33  22  22  22  22  22  22  ...
55  55  55  55  55  55  64  64  64  64  64  64  53  53  53  53  53  53  42  42  42  42  42  42  31  31  31  31  31  31  ...
44  44  44  44  44  44  33  33  33  33  33  33  62  62  62  62  62  62  51  51  51  51  51  51  44  44  44  44  44  44  ...
33  33  33  33  33  33  22  22  22  22  22  22  11  11  11  11  11  11  66  66  66  66  66  66  55  55  55  55  55  55  ...
22  22  22  22  22  22  11  11  11  11  11  11  00  00  00  00  00  00  00  00  00  00  00  00  66  66  66  66  66  66  ...
11  11  11  11  11  11  00  00  00  00  00  00  00  00  00  00  00  00  00  00  00  00  00  00  00  00  00  00  00  00  ...


BIN ALLOCATION OF DISTANCES:
1 6 6 3 3 5 
6 1 5 5 6 6 
6 4 1 2 4 5 
2 5 1 2 4 5 
4 3 4 3 2 4 
3 1 3 2 1 2 


BINS USED:
6 6 6 6 6 4 3 5 3 5 2 2 4 4 4 5 5 5 4 3 1 6 1 3 2 2 3 2 4 1 3 1 1 2 5 0 


TRANSITION SEQUENCE:
-1 -1 -1 -1 0.77381 0.22619 -1 0.607143 -1 -1 0 -1 0.202381 -1 -1 0.571429 -1 0.392857 0.380952 -1 0 1 -1 -1 0 -1 -1 0 -1 -1 -1 -1 0 0.178571 0.428571 0 


CORRELATION COEFFICIENT:          0.229404
DETECTION POWER:                  0.248845

