
Cycle found:
------------
440302233104501121432415135342552005
------------
Valid sequence 


NORMALIZED NEURAL MODEL:
-1.000000 -1.000000 -1.000000 -1.000000 -1.000000 -1.000000 
-1.000000 0.000000 0.392857 0.571429 0.773810 1.000000 
-1.000000 -1.000000 0.000000 0.178571 0.380952 0.607143 
-1.000000 -1.000000 -1.000000 0.000000 0.202381 0.428571 
-1.000000 -1.000000 -1.000000 -1.000000 0.000000 0.226190 
-1.000000 -1.000000 -1.000000 -1.000000 -1.000000 0.000000 

NORMALIZED GUIDE FUNCTION:
0 0.0346257 0.0716828 0.110931 0.152117 0.194973 0.239225 0.284586 0.330765 0.377465 0.424388 0.471231 0.517695 0.563484 0.608305 0.651872 0.693908 0.734146 0.77233 0.808218 0.841584 0.872217 0.899924 0.924532 0.945886 0.963855 0.978328 0.989216 0.996454 1 0.999836 0.995969 0.988427 0.977263 0.962553 0.944396 


BIN SEQUENCE:
1 1 1 1 1 1 2 2 2 2 2 2 3 3 3 3 3 3 4 4 4 4 4 4 5 5 5 6 6 6 6 6 6 5 5 5 


SEQUENCE OF PREFERRED BINS:
11  11  11  11  11  11  22  22  22  22  22  22  33  33  33  33  33  33  44  44  44  44  44  44  55  55  55  66  66  66  ...
22  22  22  22  22  22  31  31  31  31  31  31  42  42  42  42  42  42  53  53  53  53  53  53  64  64  64  55  55  55  ...
33  33  33  33  33  33  44  44  44  44  44  44  51  51  51  51  51  51  62  62  62  62  62  62  33  33  33  44  44  44  ...
44  44  44  44  44  44  55  55  55  55  55  55  66  66  66  66  66  66  11  11  11  11  11  11  22  22  22  33  33  33  ...
55  55  55  55  55  55  66  66  66  66  66  66  00  00  00  00  00  00  00  00  00  00  00  00  11  11  11  22  22  22  ...
66  66  66  66  66  66  00  00  00  00  00  00  00  00  00  00  00  00  00  00  00  00  00  00  00  00  00  11  11  11  ...


BIN ALLOCATION OF DISTANCES:
6 3 2 2 3 5 
1 1 5 6 6 6 
1 4 1 2 5 6 
1 3 4 2 3 5 
3 4 4 4 2 4 
3 5 1 6 5 2 


BINS USED:
2 3 2 1 2 1 2 2 3 1 3 4 3 3 1 5 4 6 4 4 5 4 6 5 6 5 6 3 4 6 2 1 1 6 5 0 


TRANSITION SEQUENCE:
0 -1 -1 -1 -1 0 0.178571 0 -1 -1 -1 0.22619 -1 -1 0 0.392857 -1 0.77381 -1 -1 0.380952 -1 1 -1 0.571429 0.428571 -1 0.202381 -1 0.607143 0 -1 -1 -1 -1 0 


CORRELATION COEFFICIENT:          0.306213
DETECTION POWER:                  0.410342

