
Cycle found:
------------
020331055423532513400412115014452243
------------
Valid sequence 


NORMALIZED NEURAL MODEL:
-1.000000 -1.000000 -1.000000 -1.000000 -1.000000 -1.000000 
-1.000000 0.000000 0.392857 0.571429 0.773810 1.000000 
-1.000000 -1.000000 0.000000 0.178571 0.380952 0.607143 
-1.000000 -1.000000 -1.000000 0.000000 0.202381 0.428571 
-1.000000 -1.000000 -1.000000 -1.000000 0.000000 0.226190 
-1.000000 -1.000000 -1.000000 -1.000000 -1.000000 0.000000 

NORMALIZED GUIDE FUNCTION:
0.221437 0.302388 0.381018 0.456824 0.529317 0.59803 0.662521 0.722373 0.7772 0.826647 0.870394 0.908156 0.939687 0.964781 0.983272 0.995039 1 0.99812 0.989405 0.973907 0.95172 0.922983 0.887874 0.846615 0.799466 0.746724 0.688724 0.625833 0.558453 0.48701 0.411961 0.333783 0.252975 0.170054 0.0855486 0 


BIN SEQUENCE:
1 1 2 2 2 3 3 3 4 4 4 5 5 5 6 6 6 6 6 6 5 5 5 4 4 4 3 3 3 2 2 2 1 1 1 1 


SEQUENCE OF PREFERRED BINS:
11  11  22  22  22  33  33  33  44  44  44  55  55  55  66  66  66  66  66  66  55  55  55  44  44  44  33  33  33  22  ...
22  22  31  31  31  42  42  42  53  53  53  64  64  64  55  55  55  55  55  55  64  64  64  53  53  53  42  42  42  31  ...
33  33  44  44  44  51  51  51  62  62  62  33  33  33  44  44  44  44  44  44  33  33  33  62  62  62  51  51  51  44  ...
44  44  55  55  55  66  66  66  11  11  11  22  22  22  33  33  33  33  33  33  22  22  22  11  11  11  66  66  66  55  ...
55  55  66  66  66  00  00  00  00  00  00  11  11  11  22  22  22  22  22  22  11  11  11  00  00  00  00  00  00  66  ...
66  66  00  00  00  00  00  00  00  00  00  00  00  00  11  11  11  11  11  11  00  00  00  00  00  00  00  00  00  00  ...


BIN ALLOCATION OF DISTANCES:
6 1 1 2 5 2 
3 3 5 6 6 6 
1 3 3 4 5 6 
2 1 4 3 4 5 
6 5 4 2 3 4 
1 2 1 2 5 4 


BINS USED:
1 1 2 3 1 3 2 4 5 4 4 5 2 4 6 2 6 4 6 6 5 5 5 3 3 6 1 1 6 3 4 1 3 5 2 0 


TRANSITION SEQUENCE:
-1 -1 -1 0 -1 -1 -1 0 -1 -1 0.178571 0.428571 -1 -1 0.607143 -1 0.571429 0.202381 -1 -1 -1 -1 0.392857 -1 0 1 -1 -1 0.77381 0 0.22619 -1 0 0.380952 -1 0 


CORRELATION COEFFICIENT:          0.256577
DETECTION POWER:                  0.267436

