Unable to find a valid Hamiltonian Circuit.
Elapsed time: 2 seconds. Trying again...
Unable to find a valid Hamiltonian Circuit.
Elapsed time: 2 seconds. Trying again...

Cycle found:
------------
105354143045012523442133200224031551
------------
Valid sequence 


NORMALIZED NEURAL MODEL:
-1.000000 -1.000000 -1.000000 -1.000000 -1.000000 -1.000000 
-1.000000 0.000000 0.392857 0.571429 0.773810 1.000000 
-1.000000 -1.000000 0.000000 0.178571 0.380952 0.607143 
-1.000000 -1.000000 -1.000000 0.000000 0.202381 0.428571 
-1.000000 -1.000000 -1.000000 -1.000000 0.000000 0.226190 
-1.000000 -1.000000 -1.000000 -1.000000 -1.000000 0.000000 

NORMALIZED GUIDE FUNCTION:
0.888657 0.915764 0.93934 0.959235 0.975325 0.98751 0.995712 0.999884 1 0.996063 0.9881 0.976165 0.960338 0.940721 0.917443 0.890656 0.860533 0.82727 0.791081 0.7522 0.710878 0.667381 0.621989 0.574993 0.526697 0.477409 0.427447 0.37713 0.32678 0.276722 0.227273 0.178751 0.131467 0.0857205 0.041805 0 


BIN SEQUENCE:
4 4 5 5 5 6 6 6 6 6 6 5 5 5 4 4 4 4 3 3 3 3 3 3 2 2 2 2 2 2 1 1 1 1 1 1 


SEQUENCE OF PREFERRED BINS:
44  44  55  55  55  66  66  66  66  66  66  55  55  55  44  44  44  44  33  33  33  33  33  33  22  22  22  22  22  22  ...
53  53  64  64  64  55  55  55  55  55  55  64  64  64  53  53  53  53  42  42  42  42  42  42  31  31  31  31  31  31  ...
62  62  33  33  33  44  44  44  44  44  44  33  33  33  62  62  62  62  51  51  51  51  51  51  44  44  44  44  44  44  ...
11  11  22  22  22  33  33  33  33  33  33  22  22  22  11  11  11  11  66  66  66  66  66  66  55  55  55  55  55  55  ...
00  00  11  11  11  22  22  22  22  22  22  11  11  11  00  00  00  00  00  00  00  00  00  00  66  66  66  66  66  66  ...
00  00  00  00  00  11  11  11  11  11  11  00  00  00  00  00  00  00  00  00  00  00  00  00  00  00  00  00  00  00  ...


BIN ALLOCATION OF DISTANCES:
3 3 1 1 3 4 
4 1 5 5 6 6 
2 3 1 3 5 5 
4 3 1 1 4 5 
4 6 2 6 2 5 
4 2 2 6 6 2 


BINS USED:
4 4 6 5 6 6 6 6 4 3 5 4 3 5 5 2 3 4 2 2 3 5 1 1 2 3 1 1 5 4 1 3 6 2 2 0 


TRANSITION SEQUENCE:
-1 -1 -1 0.428571 -1 -1 0.77381 -1 -1 -1 0.22619 -1 -1 0.392857 0.607143 -1 0.178571 0.202381 0 -1 -1 0.571429 0 -1 -1 -1 -1 0 0.380952 -1 -1 -1 1 0 -1 0 


CORRELATION COEFFICIENT:          0.120121
DETECTION POWER:                  0.202878

