
Cycle found:
------------
425215545124105350332204302311440013
------------
Valid sequence 


NORMALIZED NEURAL MODEL:
-1.000000 -1.000000 -1.000000 -1.000000 -1.000000 -1.000000 
-1.000000 0.000000 0.392857 0.571429 0.773810 1.000000 
-1.000000 -1.000000 0.000000 0.178571 0.380952 0.607143 
-1.000000 -1.000000 -1.000000 0.000000 0.202381 0.428571 
-1.000000 -1.000000 -1.000000 -1.000000 0.000000 0.226190 
-1.000000 -1.000000 -1.000000 -1.000000 -1.000000 0.000000 

NORMALIZED GUIDE FUNCTION:
1 0.944905 0.888432 0.830943 0.772807 0.714396 0.656084 0.598244 0.541246 0.485457 0.431232 0.378919 0.328854 0.281356 0.236729 0.195259 0.157212 0.122831 0.0923352 0.0659205 0.0437556 0.025982 0.0127134 0.00403428 0 0.00063605 0.00593802 0.0158716 0.0303729 0.0493486 0.072677 0.100208 0.131766 0.167147 0.206126 0.248451 


BIN SEQUENCE:
6 6 6 6 6 6 5 5 5 5 5 5 4 4 4 4 3 3 3 2 2 2 1 1 1 1 1 1 2 2 2 3 3 3 4 4 


SEQUENCE OF PREFERRED BINS:
66  66  66  66  66  66  55  55  55  55  55  55  44  44  44  44  33  33  33  22  22  22  11  11  11  11  11  11  22  22  ...
55  55  55  55  55  55  64  64  64  64  64  64  53  53  53  53  42  42  42  31  31  31  22  22  22  22  22  22  31  31  ...
44  44  44  44  44  44  33  33  33  33  33  33  62  62  62  62  51  51  51  44  44  44  33  33  33  33  33  33  44  44  ...
33  33  33  33  33  33  22  22  22  22  22  22  11  11  11  11  66  66  66  55  55  55  44  44  44  44  44  44  55  55  ...
22  22  22  22  22  22  11  11  11  11  11  11  00  00  00  00  00  00  00  66  66  66  55  55  55  55  55  55  66  66  ...
11  11  11  11  11  11  00  00  00  00  00  00  00  00  00  00  00  00  00  00  00  00  66  66  66  66  66  66  00  00  ...


BIN ALLOCATION OF DISTANCES:
6 6 1 1 1 5 
4 1 5 5 6 6 
2 5 2 3 4 6 
1 6 2 3 4 5 
3 4 4 2 3 4 
1 2 5 2 3 3 


BINS USED:
4 6 5 5 6 3 3 4 2 5 4 4 4 5 2 5 1 1 3 2 2 2 1 2 1 1 3 6 1 6 3 3 6 6 5 0 


TRANSITION SEQUENCE:
-1 0.607143 -1 -1 1 0 -1 0.22619 -1 0.392857 0.380952 -1 -1 -1 -1 0.428571 -1 -1 0 -1 0 -1 -1 -1 -1 -1 0.178571 -1 0 0.77381 0 -1 -1 -1 0.571429 0 


CORRELATION COEFFICIENT:          0.265064
DETECTION POWER:                  0.175193

