
Cycle found:
------------
355034451122010532430213314154004252
------------
Valid sequence 


NORMALIZED NEURAL MODEL:
-1.000000 -1.000000 -1.000000 -1.000000 -1.000000 -1.000000 
-1.000000 0.000000 0.392857 0.571429 0.773810 1.000000 
-1.000000 -1.000000 0.000000 0.178571 0.380952 0.607143 
-1.000000 -1.000000 -1.000000 0.000000 0.202381 0.428571 
-1.000000 -1.000000 -1.000000 -1.000000 0.000000 0.226190 
-1.000000 -1.000000 -1.000000 -1.000000 -1.000000 0.000000 

NORMALIZED GUIDE FUNCTION:
0.136781 0.10631 0.0793855 0.0561753 0.0368236 0.0214497 0.0101473 0.00298377 0 0.00121004 0.00660109 0.0161336 0.0297414 0.0473326 0.0687896 0.0939705 0.122709 0.154818 0.190087 0.228286 0.269167 0.312466 0.357902 0.405182 0.454 0.504043 0.554988 0.606508 0.658273 0.709951 0.761211 0.811725 0.861172 0.909235 0.95561 1 


BIN SEQUENCE:
3 3 3 2 2 2 1 1 1 1 1 1 2 2 2 3 3 3 4 4 4 4 4 4 5 5 5 5 5 5 6 6 6 6 6 6 


SEQUENCE OF PREFERRED BINS:
33  33  33  22  22  22  11  11  11  11  11  11  22  22  22  33  33  33  44  44  44  44  44  44  55  55  55  55  55  55  ...
42  42  42  31  31  31  22  22  22  22  22  22  31  31  31  42  42  42  53  53  53  53  53  53  64  64  64  64  64  64  ...
51  51  51  44  44  44  33  33  33  33  33  33  44  44  44  51  51  51  62  62  62  62  62  62  33  33  33  33  33  33  ...
66  66  66  55  55  55  44  44  44  44  44  44  55  55  55  66  66  66  11  11  11  11  11  11  22  22  22  22  22  22  ...
00  00  00  66  66  66  55  55  55  55  55  55  66  66  66  00  00  00  00  00  00  00  00  00  11  11  11  11  11  11  ...
00  00  00  00  00  00  66  66  66  66  66  66  00  00  00  00  00  00  00  00  00  00  00  00  00  00  00  00  00  00  ...


BIN ALLOCATION OF DISTANCES:
6 1 4 3 5 3 
4 1 3 6 6 6 
2 5 1 2 3 6 
4 6 4 1 2 3 
3 5 5 5 2 2 
4 1 1 4 5 2 


BINS USED:
3 2 4 3 2 2 2 1 1 3 1 2 1 4 3 4 4 3 5 4 4 5 6 1 6 6 5 6 5 3 6 5 5 6 1 0 


TRANSITION SEQUENCE:
0.428571 0 -1 -1 0.202381 0 0.22619 -1 0 0.392857 0 -1 -1 -1 -1 -1 -1 0.380952 -1 -1 -1 -1 0.571429 0 -1 0.77381 -1 1 -1 -1 -1 -1 -1 0.607143 -1 0 


CORRELATION COEFFICIENT:          0.247495
DETECTION POWER:                  0.382661

