
Cycle found:
------------
533022011215234400542432503551314104
------------
Valid sequence 


NORMALIZED NEURAL MODEL:
-1.000000 -1.000000 -1.000000 -1.000000 -1.000000 -1.000000 
-1.000000 0.000000 0.392857 0.571429 0.773810 1.000000 
-1.000000 -1.000000 0.000000 0.178571 0.380952 0.607143 
-1.000000 -1.000000 -1.000000 0.000000 0.202381 0.428571 
-1.000000 -1.000000 -1.000000 -1.000000 0.000000 0.226190 
-1.000000 -1.000000 -1.000000 -1.000000 -1.000000 0.000000 

NORMALIZED GUIDE FUNCTION:
0 0.0298131 0.0622086 0.0970035 0.133997 0.172972 0.213694 0.255916 0.299378 0.343809 0.388926 0.434442 0.480063 0.52549 0.570422 0.614561 0.657606 0.699265 0.739249 0.777278 0.813081 0.846401 0.876993 0.904628 0.929094 0.950197 0.967765 0.981645 0.991711 0.997856 1 0.99809 0.992096 0.982017 0.967879 0.949733 


BIN SEQUENCE:
1 1 1 1 1 1 2 2 2 2 2 2 3 3 3 3 3 3 4 4 4 4 4 4 5 5 5 5 6 6 6 6 6 6 5 5 


SEQUENCE OF PREFERRED BINS:
11  11  11  11  11  11  22  22  22  22  22  22  33  33  33  33  33  33  44  44  44  44  44  44  55  55  55  55  66  66  ...
22  22  22  22  22  22  31  31  31  31  31  31  42  42  42  42  42  42  53  53  53  53  53  53  64  64  64  64  55  55  ...
33  33  33  33  33  33  44  44  44  44  44  44  51  51  51  51  51  51  62  62  62  62  62  62  33  33  33  33  44  44  ...
44  44  44  44  44  44  55  55  55  55  55  55  66  66  66  66  66  66  11  11  11  11  11  11  22  22  22  22  33  33  ...
55  55  55  55  55  55  66  66  66  66  66  66  00  00  00  00  00  00  00  00  00  00  00  00  11  11  11  11  22  22  ...
66  66  66  66  66  66  00  00  00  00  00  00  00  00  00  00  00  00  00  00  00  00  00  00  00  00  00  00  11  11  ...


BIN ALLOCATION OF DISTANCES:
3 2 2 5 4 2 
6 1 5 6 6 6 
2 2 1 3 5 6 
2 5 4 1 3 5 
4 1 4 1 3 4 
5 6 3 1 4 3 


BINS USED:
1 1 2 2 1 2 2 1 5 2 6 3 3 3 3 4 3 2 4 4 5 1 4 6 5 5 5 3 6 6 5 6 1 6 4 0 


TRANSITION SEQUENCE:
-1 0 -1 -1 0 -1 -1 0 0.392857 -1 1 -1 0.178571 0.202381 0 -1 -1 -1 -1 -1 0.380952 -1 -1 0.607143 -1 -1 0.428571 0 -1 0.571429 -1 0.77381 -1 -1 -1 0 


CORRELATION COEFFICIENT:          0.203306
DETECTION POWER:                  0.30587

