
Cycle found:
------------
253142120413545503440115233051002243
------------
Valid sequence 


NORMALIZED NEURAL MODEL:
-1.000000 -1.000000 -1.000000 -1.000000 -1.000000 -1.000000 
-1.000000 0.000000 0.392857 0.571429 0.773810 1.000000 
-1.000000 -1.000000 0.000000 0.178571 0.380952 0.607143 
-1.000000 -1.000000 -1.000000 0.000000 0.202381 0.428571 
-1.000000 -1.000000 -1.000000 -1.000000 0.000000 0.226190 
-1.000000 -1.000000 -1.000000 -1.000000 -1.000000 0.000000 

NORMALIZED GUIDE FUNCTION:
1 0.979648 0.9563 0.930127 0.901313 0.870062 0.836589 0.801125 0.76391 0.725195 0.685239 0.644306 0.602665 0.560591 0.518354 0.476229 0.434486 0.393389 0.353199 0.314168 0.276539 0.240545 0.206405 0.174327 0.144502 0.117108 0.0923022 0.0702273 0.0510059 0.0347418 0.0215186 0.0114001 0.00442926 0.000628617 0 0.00252476 


BIN SEQUENCE:
6 6 6 6 6 6 5 5 5 5 5 5 4 4 4 4 4 4 3 3 3 3 3 3 2 2 2 2 2 2 1 1 1 1 1 1 


SEQUENCE OF PREFERRED BINS:
66  66  66  66  66  66  55  55  55  55  55  55  44  44  44  44  44  44  33  33  33  33  33  33  22  22  22  22  22  22  ...
55  55  55  55  55  55  64  64  64  64  64  64  53  53  53  53  53  53  42  42  42  42  42  42  31  31  31  31  31  31  ...
44  44  44  44  44  44  33  33  33  33  33  33  62  62  62  62  62  62  51  51  51  51  51  51  44  44  44  44  44  44  ...
33  33  33  33  33  33  22  22  22  22  22  22  11  11  11  11  11  11  66  66  66  66  66  66  55  55  55  55  55  55  ...
22  22  22  22  22  22  11  11  11  11  11  11  00  00  00  00  00  00  00  00  00  00  00  00  66  66  66  66  66  66  ...
11  11  11  11  11  11  00  00  00  00  00  00  00  00  00  00  00  00  00  00  00  00  00  00  00  00  00  00  00  00  ...


BIN ALLOCATION OF DISTANCES:
2 3 2 4 4 2 
6 1 5 5 6 6 
4 4 1 3 3 5 
1 6 2 1 3 5 
2 4 4 1 2 3 
5 6 1 6 5 3 


BINS USED:
5 6 6 6 4 4 5 4 4 4 5 5 5 3 3 5 4 3 2 2 3 1 6 1 3 1 1 2 6 6 2 2 1 3 1 0 


TRANSITION SEQUENCE:
0.607143 -1 -1 0.77381 -1 -1 0.392857 -1 -1 -1 0.571429 0.428571 -1 0.22619 0 -1 -1 0.202381 0 -1 -1 0 1 -1 0.178571 0 -1 -1 -1 -1 -1 -1 0 0.380952 -1 0 


CORRELATION COEFFICIENT:          0.313917
DETECTION POWER:                  0.220669

