
Cycle found:
------------
202421303454411052331432250040153551
------------
Valid sequence 


NORMALIZED NEURAL MODEL:
-1.000000 -1.000000 -1.000000 -1.000000 -1.000000 -1.000000 
-1.000000 0.000000 0.392857 0.571429 0.773810 1.000000 
-1.000000 -1.000000 0.000000 0.178571 0.380952 0.607143 
-1.000000 -1.000000 -1.000000 0.000000 0.202381 0.428571 
-1.000000 -1.000000 -1.000000 -1.000000 0.000000 0.226190 
-1.000000 -1.000000 -1.000000 -1.000000 -1.000000 0.000000 

NORMALIZED GUIDE FUNCTION:
0.439973 0.380958 0.32508 0.272692 0.224126 0.179689 0.139659 0.104289 0.0737973 0.048375 0.0281784 0.0133305 0.00391977 0 0.00158963 0.00867183 0.0211946 0.0390712 0.0621807 0.0903687 0.123449 0.161203 0.203384 0.249716 0.299899 0.353604 0.410486 0.470175 0.532286 0.596419 0.662159 0.729086 0.796768 0.864771 0.93266 1 


BIN SEQUENCE:
5 5 4 4 4 3 3 3 2 2 2 1 1 1 1 1 1 2 2 2 3 3 3 4 4 4 5 5 5 5 6 6 6 6 6 6 


SEQUENCE OF PREFERRED BINS:
55  55  44  44  44  33  33  33  22  22  22  11  11  11  11  11  11  22  22  22  33  33  33  44  44  44  55  55  55  55  ...
64  64  53  53  53  42  42  42  31  31  31  22  22  22  22  22  22  31  31  31  42  42  42  53  53  53  64  64  64  64  ...
33  33  62  62  62  51  51  51  44  44  44  33  33  33  33  33  33  44  44  44  51  51  51  62  62  62  33  33  33  33  ...
22  22  11  11  11  66  66  66  55  55  55  44  44  44  44  44  44  55  55  55  66  66  66  11  11  11  22  22  22  22  ...
11  11  00  00  00  00  00  00  66  66  66  55  55  55  55  55  55  66  66  66  00  00  00  00  00  00  11  11  11  11  ...
00  00  00  00  00  00  00  00  00  00  00  66  66  66  66  66  66  00  00  00  00  00  00  00  00  00  00  00  00  00  ...


BIN ALLOCATION OF DISTANCES:
4 4 5 3 3 2 
5 1 3 4 6 6 
5 2 1 2 3 6 
3 4 4 1 2 4 
6 3 5 6 1 2 
5 6 1 5 2 1 


BINS USED:
5 5 3 5 2 4 3 3 2 2 2 1 3 1 5 2 1 2 1 4 6 6 4 1 6 5 4 3 6 4 6 5 4 1 6 0 


TRANSITION SEQUENCE:
-1 -1 0.380952 -1 -1 0.571429 -1 -1 0.202381 0.22619 -1 0 -1 0 -1 -1 -1 0.178571 0 -1 0.77381 -1 -1 0 0.607143 -1 -1 -1 -1 -1 1 -1 0.428571 0 -1 0 


CORRELATION COEFFICIENT:          0.0763218
DETECTION POWER:                  0.266405

