
Cycle found:
------------
055110122042332134024535003141525443
------------
Valid sequence 


NORMALIZED NEURAL MODEL:
-1.000000 -1.000000 -1.000000 -1.000000 -1.000000 -1.000000 
-1.000000 0.000000 0.392857 0.571429 0.773810 1.000000 
-1.000000 -1.000000 0.000000 0.178571 0.380952 0.607143 
-1.000000 -1.000000 -1.000000 0.000000 0.202381 0.428571 
-1.000000 -1.000000 -1.000000 -1.000000 0.000000 0.226190 
-1.000000 -1.000000 -1.000000 -1.000000 -1.000000 0.000000 

NORMALIZED GUIDE FUNCTION:
0.0957516 0.0712696 0.0501903 0.0326557 0.0187852 0.008675 0.00239734 0 0.00150596 0.00691321 0.0161947 0.0292984 0.0461478 0.0666421 0.0906568 0.118045 0.148637 0.182244 0.218654 0.257642 0.29896 0.342349 0.387534 0.43423 0.482138 0.530955 0.580369 0.630065 0.679723 0.729026 0.777656 0.825301 0.871652 0.916411 0.959286 1 


BIN SEQUENCE:
3 3 2 2 2 1 1 1 1 1 1 2 2 2 3 3 3 3 4 4 4 4 4 4 5 5 5 5 5 5 6 6 6 6 6 6 


SEQUENCE OF PREFERRED BINS:
33  33  22  22  22  11  11  11  11  11  11  22  22  22  33  33  33  33  44  44  44  44  44  44  55  55  55  55  55  55  ...
42  42  31  31  31  22  22  22  22  22  22  31  31  31  42  42  42  42  53  53  53  53  53  53  64  64  64  64  64  64  ...
51  51  44  44  44  33  33  33  33  33  33  44  44  44  51  51  51  51  62  62  62  62  62  62  33  33  33  33  33  33  ...
66  66  55  55  55  44  44  44  44  44  44  55  55  55  66  66  66  66  11  11  11  11  11  11  22  22  22  22  22  22  ...
00  00  66  66  66  55  55  55  55  55  55  66  66  66  00  00  00  00  00  00  00  00  00  00  11  11  11  11  11  11  ...
00  00  00  00  00  66  66  66  66  66  66  00  00  00  00  00  00  00  00  00  00  00  00  00  00  00  00  00  00  00  ...


BIN ALLOCATION OF DISTANCES:
6 1 5 5 2 4 
4 1 4 5 6 6 
2 3 1 3 4 5 
1 5 2 2 3 5 
3 6 1 3 2 4 
6 2 6 4 1 3 


BINS USED:
4 3 2 1 4 1 4 1 2 2 1 3 2 2 3 5 3 3 5 4 4 4 5 6 6 5 5 6 6 6 6 5 1 2 3 0 


TRANSITION SEQUENCE:
-1 0 -1 0 -1 -1 0.392857 0 -1 -1 -1 0.178571 0 -1 -1 0.571429 0.202381 -1 -1 0.380952 0.22619 -1 0.428571 -1 -1 -1 -1 0.77381 -1 1 -1 0.607143 -1 0 -1 0 


CORRELATION COEFFICIENT:          0.216239
DETECTION POWER:                  0.484182

