
Cycle found:
------------
325203004544011223310243513421415055
------------
Valid sequence 


NORMALIZED NEURAL MODEL:
-1.000000 -1.000000 -1.000000 -1.000000 -1.000000 -1.000000 
-1.000000 0.000000 0.392857 0.571429 0.773810 1.000000 
-1.000000 -1.000000 0.000000 0.178571 0.380952 0.607143 
-1.000000 -1.000000 -1.000000 0.000000 0.202381 0.428571 
-1.000000 -1.000000 -1.000000 -1.000000 0.000000 0.226190 
-1.000000 -1.000000 -1.000000 -1.000000 -1.000000 0.000000 

NORMALIZED GUIDE FUNCTION:
0.931336 0.836187 0.743783 0.654698 0.569482 0.488658 0.412714 0.342105 0.277249 0.218523 0.166261 0.120755 0.0822501 0.0509447 0.0269894 0.0104861 0.00148823 0 0.00597728 0.019328 0.0399131 0.0675479 0.102003 0.143008 0.19025 0.243379 0.302011 0.365727 0.43408 0.506595 0.582773 0.662098 0.744035 0.828036 0.913545 1 


BIN SEQUENCE:
6 6 5 5 5 4 4 4 3 3 3 2 2 2 1 1 1 1 1 1 2 2 2 3 3 3 4 4 4 5 5 5 6 6 6 6 


SEQUENCE OF PREFERRED BINS:
66  66  55  55  55  44  44  44  33  33  33  22  22  22  11  11  11  11  11  11  22  22  22  33  33  33  44  44  44  55  ...
55  55  64  64  64  53  53  53  42  42  42  31  31  31  22  22  22  22  22  22  31  31  31  42  42  42  53  53  53  64  ...
44  44  33  33  33  62  62  62  51  51  51  44  44  44  33  33  33  33  33  33  44  44  44  51  51  51  62  62  62  33  ...
33  33  22  22  22  11  11  11  66  66  66  55  55  55  44  44  44  44  44  44  55  55  55  66  66  66  11  11  11  22  ...
22  22  11  11  11  00  00  00  00  00  00  66  66  66  55  55  55  55  55  55  66  66  66  00  00  00  00  00  00  11  ...
11  11  00  00  00  00  00  00  00  00  00  00  00  00  66  66  66  66  66  66  00  00  00  00  00  00  00  00  00  00  ...


BIN ALLOCATION OF DISTANCES:
6 2 1 6 6 1 
3 1 3 4 6 6 
4 4 1 2 3 4 
3 2 5 1 2 3 
5 6 5 5 1 2 
4 4 5 5 3 2 


BINS USED:
5 4 5 4 6 3 6 6 2 3 1 5 2 1 3 1 2 1 2 3 1 3 5 3 4 4 2 5 4 6 6 6 4 1 2 0 


TRANSITION SEQUENCE:
-1 0.607143 -1 -1 -1 -1 -1 -1 0.22619 -1 0 -1 -1 0 0.392857 0 0.178571 0 -1 -1 -1 0.380952 -1 0.428571 -1 0.571429 0.202381 -1 -1 0.77381 -1 1 -1 -1 0 0 


CORRELATION COEFFICIENT:          0.164104
DETECTION POWER:                  0.402159

