
Cycle found:
------------
311040245123413253503301544200552214
------------
Valid sequence 


NORMALIZED NEURAL MODEL:
-1.000000 -1.000000 -1.000000 -1.000000 -1.000000 -1.000000 
-1.000000 0.000000 0.392857 0.571429 0.773810 1.000000 
-1.000000 -1.000000 0.000000 0.178571 0.380952 0.607143 
-1.000000 -1.000000 -1.000000 0.000000 0.202381 0.428571 
-1.000000 -1.000000 -1.000000 -1.000000 0.000000 0.226190 
-1.000000 -1.000000 -1.000000 -1.000000 -1.000000 0.000000 

NORMALIZED GUIDE FUNCTION:
0.421644 0.490025 0.55564 0.618067 0.676907 0.731781 0.782338 0.828251 0.869227 0.905 0.935342 0.960056 0.978982 0.991998 0.99902 1 0.994931 0.983844 0.966809 0.943934 0.915362 0.881277 0.841895 0.797467 0.748277 0.694638 0.636893 0.575411 0.510585 0.442829 0.372577 0.300278 0.226395 0.1514 0.0757735 0 


BIN SEQUENCE:
2 2 2 3 3 3 4 4 4 5 5 5 6 6 6 6 6 6 5 5 5 4 4 4 3 3 3 2 2 2 1 1 1 1 1 1 


SEQUENCE OF PREFERRED BINS:
22  22  22  33  33  33  44  44  44  55  55  55  66  66  66  66  66  66  55  55  55  44  44  44  33  33  33  22  22  22  ...
31  31  31  42  42  42  53  53  53  64  64  64  55  55  55  55  55  55  64  64  64  53  53  53  42  42  42  31  31  31  ...
44  44  44  51  51  51  62  62  62  33  33  33  44  44  44  44  44  44  33  33  33  62  62  62  51  51  51  44  44  44  ...
55  55  55  66  66  66  11  11  11  22  22  22  33  33  33  33  33  33  22  22  22  11  11  11  66  66  66  55  55  55  ...
66  66  66  00  00  00  00  00  00  11  11  11  22  22  22  22  22  22  11  11  11  00  00  00  00  00  00  66  66  66  ...
00  00  00  00  00  00  00  00  00  00  00  00  11  11  11  11  11  11  00  00  00  00  00  00  00  00  00  00  00  00  ...


BIN ALLOCATION OF DISTANCES:
1 5 2 5 2 1 
3 1 5 6 6 6 
3 2 1 4 4 6 
3 3 6 1 4 6 
3 5 2 4 2 4 
5 4 1 5 3 2 


BINS USED:
3 1 3 2 3 2 4 4 4 5 4 4 5 6 6 6 5 6 5 5 1 3 5 6 3 2 2 3 1 1 2 1 1 2 6 0 


TRANSITION SEQUENCE:
-1 0 -1 -1 -1 -1 0.380952 0.22619 -1 0.392857 0.178571 0.202381 -1 0.571429 -1 0.607143 -1 0.428571 -1 -1 0 -1 -1 1 -1 0 -1 -1 -1 -1 0 -1 0 -1 0.77381 0 


CORRELATION COEFFICIENT:          0.18886
DETECTION POWER:                  0.186242

