
Cycle found:
------------
045441005011203314323421530251355224
------------
Valid sequence 


NORMALIZED NEURAL MODEL:
-1.000000 -1.000000 -1.000000 -1.000000 -1.000000 -1.000000 
-1.000000 0.000000 0.392857 0.571429 0.773810 1.000000 
-1.000000 -1.000000 0.000000 0.178571 0.380952 0.607143 
-1.000000 -1.000000 -1.000000 0.000000 0.202381 0.428571 
-1.000000 -1.000000 -1.000000 -1.000000 0.000000 0.226190 
-1.000000 -1.000000 -1.000000 -1.000000 -1.000000 0.000000 

NORMALIZED GUIDE FUNCTION:
0.249634 0.222451 0.194735 0.167019 0.139837 0.113716 0.0891713 0.0667026 0.0467867 0.029873 0.0163785 0.00668333 0.00112601 0 0.00354986 0.0119683 0.0253934 0.0439067 0.0675316 0.096232 0.129912 0.168417 0.211531 0.258983 0.310442 0.365527 0.423804 0.484791 0.547961 0.612749 0.678555 0.744746 0.810667 0.875643 0.938986 1 


BIN SEQUENCE:
4 4 4 3 3 3 3 2 2 2 1 1 1 1 1 1 2 2 2 3 3 4 4 4 5 5 5 5 5 5 6 6 6 6 6 6 


SEQUENCE OF PREFERRED BINS:
44  44  44  33  33  33  33  22  22  22  11  11  11  11  11  11  22  22  22  33  33  44  44  44  55  55  55  55  55  55  ...
53  53  53  42  42  42  42  31  31  31  22  22  22  22  22  22  31  31  31  42  42  53  53  53  64  64  64  64  64  64  ...
62  62  62  51  51  51  51  44  44  44  33  33  33  33  33  33  44  44  44  51  51  62  62  62  33  33  33  33  33  33  ...
11  11  11  66  66  66  66  55  55  55  44  44  44  44  44  44  55  55  55  66  66  11  11  11  22  22  22  22  22  22  ...
00  00  00  00  00  00  00  66  66  66  55  55  55  55  55  55  66  66  66  00  00  00  00  00  11  11  11  11  11  11  ...
00  00  00  00  00  00  00  00  00  00  66  66  66  66  66  66  00  00  00  00  00  00  00  00  00  00  00  00  00  00  ...


BIN ALLOCATION OF DISTANCES:
2 1 5 4 4 1 
4 1 5 6 6 6 
1 4 2 3 5 6 
5 2 3 2 4 5 
3 2 6 1 2 5 
3 3 1 6 4 3 


BINS USED:
4 5 4 2 2 4 2 1 3 1 1 5 1 4 2 2 6 1 3 3 4 6 4 6 6 5 5 6 3 6 5 3 1 2 5 0 


TRANSITION SEQUENCE:
-1 0.22619 -1 0 -1 -1 -1 -1 -1 -1 0 0.392857 -1 -1 0 -1 0.77381 -1 -1 0.178571 0.202381 -1 -1 1 -1 -1 -1 0.607143 -1 0.571429 0.428571 0 -1 0 0.380952 0 


CORRELATION COEFFICIENT:          -0.0901347
DETECTION POWER:                  0.290278

