
Cycle found:
------------
553451054223112430332502014004415213
------------
Valid sequence 


NORMALIZED NEURAL MODEL:
-1.000000 -1.000000 -1.000000 -1.000000 -1.000000 -1.000000 
-1.000000 0.000000 0.392857 0.571429 0.773810 1.000000 
-1.000000 -1.000000 0.000000 0.178571 0.380952 0.607143 
-1.000000 -1.000000 -1.000000 0.000000 0.202381 0.428571 
-1.000000 -1.000000 -1.000000 -1.000000 0.000000 0.226190 
-1.000000 -1.000000 -1.000000 -1.000000 -1.000000 0.000000 

NORMALIZED GUIDE FUNCTION:
0.434983 0.375828 0.319922 0.267614 0.219231 0.175071 0.135408 0.100484 0.0705107 0.0456673 0.0261001 0.0119209 0.00320692 0 0.00230669 0.0100982 0.0233106 0.0418454 0.0655704 0.0943204 0.127898 0.166077 0.2086 0.255184 0.305519 0.359275 0.416098 0.475617 0.537442 0.601173 0.666396 0.73269 0.799627 0.866778 0.933712 1 


BIN SEQUENCE:
5 5 4 4 4 3 3 3 2 2 2 1 1 1 1 1 1 2 2 2 3 3 3 4 4 4 5 5 5 5 6 6 6 6 6 6 


SEQUENCE OF PREFERRED BINS:
55  55  44  44  44  33  33  33  22  22  22  11  11  11  11  11  11  22  22  22  33  33  33  44  44  44  55  55  55  55  ...
64  64  53  53  53  42  42  42  31  31  31  22  22  22  22  22  22  31  31  31  42  42  42  53  53  53  64  64  64  64  ...
33  33  62  62  62  51  51  51  44  44  44  33  33  33  33  33  33  44  44  44  51  51  51  62  62  62  33  33  33  33  ...
22  22  11  11  11  66  66  66  55  55  55  44  44  44  44  44  44  55  55  55  66  66  66  11  11  11  22  22  22  22  ...
11  11  00  00  00  00  00  00  66  66  66  55  55  55  55  55  55  66  66  66  00  00  00  00  00  00  11  11  11  11  ...
00  00  00  00  00  00  00  00  00  00  00  66  66  66  66  66  66  00  00  00  00  00  00  00  00  00  00  00  00  00  ...


BIN ALLOCATION OF DISTANCES:
1 6 4 1 6 4 
3 1 5 5 5 6 
6 6 2 3 4 5 
2 1 4 3 4 5 
6 5 2 1 3 4 
2 2 1 3 2 3 


BINS USED:
3 3 4 4 2 3 4 2 2 2 3 1 1 5 4 1 2 1 3 4 5 2 4 6 6 5 6 1 6 3 5 6 1 6 5 0 


TRANSITION SEQUENCE:
0 -1 0.202381 0.22619 -1 -1 -1 -1 -1 0 0.178571 -1 0 0.392857 0.380952 -1 -1 -1 0 -1 0.607143 -1 -1 -1 -1 0.77381 -1 -1 -1 0 -1 1 -1 -1 0.571429 0 


CORRELATION COEFFICIENT:          0.157563
DETECTION POWER:                  0.228709

