
Cycle found:
------------
102112204344553501300540315242332514
------------
Valid sequence 


NORMALIZED NEURAL MODEL:
-1.000000 -1.000000 -1.000000 -1.000000 -1.000000 -1.000000 
-1.000000 0.000000 0.392857 0.571429 0.773810 1.000000 
-1.000000 -1.000000 0.000000 0.178571 0.380952 0.607143 
-1.000000 -1.000000 -1.000000 0.000000 0.202381 0.428571 
-1.000000 -1.000000 -1.000000 -1.000000 0.000000 0.226190 
-1.000000 -1.000000 -1.000000 -1.000000 -1.000000 0.000000 

NORMALIZED GUIDE FUNCTION:
0 0.075577 0.151048 0.225931 0.299742 0.372009 0.442266 0.51006 0.574953 0.636524 0.694376 0.748132 0.797442 0.841984 0.881466 0.915629 0.944247 0.967128 0.984119 0.995102 1 0.998773 0.991421 0.977983 0.958537 0.933201 0.902128 0.86551 0.823575 0.776585 0.724834 0.668648 0.608382 0.544416 0.477156 0.407028 


BIN SEQUENCE:
1 1 1 1 1 1 2 2 2 3 3 3 4 4 4 5 5 5 6 6 6 6 6 6 5 5 5 4 4 4 3 3 3 2 2 2 


SEQUENCE OF PREFERRED BINS:
11  11  11  11  11  11  22  22  22  33  33  33  44  44  44  55  55  55  66  66  66  66  66  66  55  55  55  44  44  44  ...
22  22  22  22  22  22  31  31  31  42  42  42  53  53  53  64  64  64  55  55  55  55  55  55  64  64  64  53  53  53  ...
33  33  33  33  33  33  44  44  44  51  51  51  62  62  62  33  33  33  44  44  44  44  44  44  33  33  33  62  62  62  ...
44  44  44  44  44  44  55  55  55  66  66  66  11  11  11  22  22  22  33  33  33  33  33  33  22  22  22  11  11  11  ...
55  55  55  55  55  55  66  66  66  00  00  00  00  00  00  11  11  11  22  22  22  22  22  22  11  11  11  00  00  00  ...
66  66  66  66  66  66  00  00  00  00  00  00  00  00  00  00  00  00  11  11  11  11  11  11  00  00  00  00  00  00  ...


BIN ALLOCATION OF DISTANCES:
2 4 1 1 2 2 
1 1 4 5 6 6 
3 1 2 3 4 5 
5 5 5 2 4 4 
6 3 1 2 3 4 
5 6 6 3 6 3 


BINS USED:
1 1 1 1 4 2 3 2 2 4 3 4 3 3 4 5 4 5 5 2 2 6 6 1 5 6 6 4 1 3 2 5 5 6 6 0 


TRANSITION SEQUENCE:
-1 -1 -1 0 0.392857 0 -1 -1 -1 0.202381 0 0.22619 0 -1 0.428571 -1 -1 0.571429 -1 -1 -1 -1 -1 -1 -1 1 -1 0.380952 -1 0.178571 0 -1 0.607143 -1 0.77381 0 


CORRELATION COEFFICIENT:          0.185669
DETECTION POWER:                  0.316115

