
Cycle found:
------------
152504051001244542203023413553211433
------------
Valid sequence 


NORMALIZED NEURAL MODEL:
-1.000000 -1.000000 -1.000000 -1.000000 -1.000000 -1.000000 
-1.000000 0.000000 0.392857 0.571429 0.773810 1.000000 
-1.000000 -1.000000 0.000000 0.178571 0.380952 0.607143 
-1.000000 -1.000000 -1.000000 0.000000 0.202381 0.428571 
-1.000000 -1.000000 -1.000000 -1.000000 0.000000 0.226190 
-1.000000 -1.000000 -1.000000 -1.000000 -1.000000 0.000000 

NORMALIZED GUIDE FUNCTION:
1 0.912492 0.826191 0.741652 0.659417 0.580013 0.50395 0.431718 0.36378 0.300574 0.242507 0.189953 0.143251 0.102704 0.0685725 0.0410794 0.0204033 0.00667985 0 0.000409672 0.00790939 0.0224542 0.0439542 0.0722745 0.107237 0.14862 0.196162 0.249561 0.308477 0.372536 0.441329 0.514417 0.591335 0.671591 0.754672 0.840048 


BIN SEQUENCE:
6 6 6 6 5 5 5 4 4 4 3 3 3 2 2 2 1 1 1 1 1 1 2 2 2 3 3 3 4 4 4 5 5 5 6 6 


SEQUENCE OF PREFERRED BINS:
66  66  66  66  55  55  55  44  44  44  33  33  33  22  22  22  11  11  11  11  11  11  22  22  22  33  33  33  44  44  ...
55  55  55  55  64  64  64  53  53  53  42  42  42  31  31  31  22  22  22  22  22  22  31  31  31  42  42  42  53  53  ...
44  44  44  44  33  33  33  62  62  62  51  51  51  44  44  44  33  33  33  33  33  33  44  44  44  51  51  51  62  62  ...
33  33  33  33  22  22  22  11  11  11  66  66  66  55  55  55  44  44  44  44  44  44  55  55  55  66  66  66  11  11  ...
22  22  22  22  11  11  11  00  00  00  00  00  00  66  66  66  55  55  55  55  55  55  66  66  66  00  00  00  00  00  ...
11  11  11  11  00  00  00  00  00  00  00  00  00  00  00  00  66  66  66  66  66  66  00  00  00  00  00  00  00  00  ...


BIN ALLOCATION OF DISTANCES:
4 3 6 2 5 6 
4 1 4 4 5 6 
1 5 1 2 3 5 
1 6 6 1 3 4 
5 3 1 6 2 3 
4 3 5 2 2 2 


BINS USED:
6 5 5 4 5 5 6 3 4 4 3 4 3 2 3 2 1 1 1 2 1 6 2 3 3 4 4 2 2 6 5 1 5 6 1 0 


TRANSITION SEQUENCE:
1 -1 0.607143 -1 -1 -1 -1 -1 -1 -1 -1 0.392857 0.380952 0 0.22619 -1 -1 0 -1 -1 -1 -1 0.178571 0.202381 -1 0.571429 0.428571 0 -1 -1 -1 0 0.77381 -1 0 0 


CORRELATION COEFFICIENT:          0.267473
DETECTION POWER:                  0.121432

