
Cycle found:
------------
214300535125245034202310440115541332
------------
Valid sequence 


NORMALIZED NEURAL MODEL:
-1.000000 -1.000000 -1.000000 -1.000000 -1.000000 -1.000000 
-1.000000 0.000000 0.392857 0.571429 0.773810 1.000000 
-1.000000 -1.000000 0.000000 0.178571 0.380952 0.607143 
-1.000000 -1.000000 -1.000000 0.000000 0.202381 0.428571 
-1.000000 -1.000000 -1.000000 -1.000000 0.000000 0.226190 
-1.000000 -1.000000 -1.000000 -1.000000 -1.000000 0.000000 

NORMALIZED GUIDE FUNCTION:
1 0.962068 0.921849 0.879599 0.835589 0.790098 0.743417 0.695844 0.647684 0.599245 0.550837 0.502769 0.455351 0.408887 0.363674 0.320004 0.278157 0.238402 0.200996 0.16618 0.134178 0.105198 0.0794265 0.0570317 0.0381589 0.0229314 0.0114491 0.00378814 0 0.000111525 0.00412455 0.0120159 0.0237376 0.0392169 0.0583573 0.0810383 


BIN SEQUENCE:
6 6 6 6 6 6 5 5 5 5 5 5 4 4 4 4 4 4 3 3 3 3 3 2 2 2 1 1 1 1 1 1 2 2 2 3 


SEQUENCE OF PREFERRED BINS:
66  66  66  66  66  66  55  55  55  55  55  55  44  44  44  44  44  44  33  33  33  33  33  22  22  22  11  11  11  11  ...
55  55  55  55  55  55  64  64  64  64  64  64  53  53  53  53  53  53  42  42  42  42  42  31  31  31  22  22  22  22  ...
44  44  44  44  44  44  33  33  33  33  33  33  62  62  62  62  62  62  51  51  51  51  51  44  44  44  33  33  33  33  ...
33  33  33  33  33  33  22  22  22  22  22  22  11  11  11  11  11  11  66  66  66  66  66  55  55  55  44  44  44  44  ...
22  22  22  22  22  22  11  11  11  11  11  11  00  00  00  00  00  00  00  00  00  00  00  66  66  66  55  55  55  55  ...
11  11  11  11  11  11  00  00  00  00  00  00  00  00  00  00  00  00  00  00  00  00  00  00  00  00  66  66  66  66  ...


BIN ALLOCATION OF DISTANCES:
4 1 2 2 1 3 
4 1 5 5 6 6 
3 6 1 2 5 5 
6 2 2 1 3 5 
3 5 4 6 1 4 
3 4 4 6 3 2 


BINS USED:
6 6 6 6 4 3 6 5 4 5 5 4 5 4 3 2 3 4 3 2 2 2 4 1 1 3 1 1 6 2 3 5 5 1 2 0 


TRANSITION SEQUENCE:
-1 0.77381 -1 -1 -1 -1 -1 0.428571 -1 0.392857 0.607143 -1 0.380952 0.22619 -1 -1 0.202381 -1 -1 -1 0.178571 -1 -1 -1 0 -1 -1 0 1 0 -1 -1 0.571429 0 -1 0 


CORRELATION COEFFICIENT:          0.263124
DETECTION POWER:                  0.150506

