Unable to find a valid Hamiltonian Circuit.
Elapsed time: 2 seconds. Trying again...

Cycle found:
------------
543031525120021424505341044011332235
------------
Valid sequence 


NORMALIZED NEURAL MODEL:
-1.000000 -1.000000 -1.000000 -1.000000 -1.000000 -1.000000 
-1.000000 0.000000 0.392857 0.571429 0.773810 1.000000 
-1.000000 -1.000000 0.000000 0.178571 0.380952 0.607143 
-1.000000 -1.000000 -1.000000 0.000000 0.202381 0.428571 
-1.000000 -1.000000 -1.000000 -1.000000 0.000000 0.226190 
-1.000000 -1.000000 -1.000000 -1.000000 -1.000000 0.000000 

NORMALIZED GUIDE FUNCTION:
1 0.973113 0.943526 0.911427 0.877018 0.840518 0.802159 0.762184 0.72085 0.678418 0.635161 0.591354 0.547278 0.503215 0.459447 0.416255 0.373917 0.332704 0.292881 0.254706 0.218424 0.18427 0.152464 0.123212 0.096704 0.0731128 0.052592 0.0352759 0.0212784 0.0106923 0.00358844 1.56476e-05 0 0.00354485 0.0106307 0.0212155 


BIN SEQUENCE:
6 6 6 6 6 6 5 5 5 5 5 5 4 4 4 4 4 4 3 3 3 3 3 3 2 2 2 2 2 1 1 1 1 1 1 2 


SEQUENCE OF PREFERRED BINS:
66  66  66  66  66  66  55  55  55  55  55  55  44  44  44  44  44  44  33  33  33  33  33  33  22  22  22  22  22  11  ...
55  55  55  55  55  55  64  64  64  64  64  64  53  53  53  53  53  53  42  42  42  42  42  42  31  31  31  31  31  22  ...
44  44  44  44  44  44  33  33  33  33  33  33  62  62  62  62  62  62  51  51  51  51  51  51  44  44  44  44  44  33  ...
33  33  33  33  33  33  22  22  22  22  22  22  11  11  11  11  11  11  66  66  66  66  66  66  55  55  55  55  55  44  ...
22  22  22  22  22  22  11  11  11  11  11  11  00  00  00  00  00  00  00  00  00  00  00  00  66  66  66  66  66  55  ...
11  11  11  11  11  11  00  00  00  00  00  00  00  00  00  00  00  00  00  00  00  00  00  00  00  00  00  00  00  66  ...


BIN ALLOCATION OF DISTANCES:
4 2 3 5 1 2 
2 1 5 5 5 6 
4 4 1 3 3 5 
6 6 6 1 3 5 
2 3 4 6 1 3 
2 4 4 1 6 2 


BINS USED:
6 6 6 5 6 6 4 5 4 5 4 4 3 4 5 4 3 3 2 2 1 3 3 2 1 1 2 2 1 5 1 6 1 3 5 0 


TRANSITION SEQUENCE:
-1 -1 -1 -1 -1 1 -1 0.607143 -1 0.392857 -1 -1 -1 -1 0.77381 -1 0.380952 0.22619 -1 -1 -1 0.202381 -1 -1 -1 0 -1 -1 0 0.571429 0 -1 0 0.178571 0.428571 0 


CORRELATION COEFFICIENT:          0.411364
DETECTION POWER:                  0.413021

