
Cycle found:
------------
041520142535513454030023221124433105
------------
Valid sequence 


NORMALIZED NEURAL MODEL:
-1.000000 -1.000000 -1.000000 -1.000000 -1.000000 -1.000000 
-1.000000 0.000000 0.392857 0.571429 0.773810 1.000000 
-1.000000 -1.000000 0.000000 0.178571 0.380952 0.607143 
-1.000000 -1.000000 -1.000000 0.000000 0.202381 0.428571 
-1.000000 -1.000000 -1.000000 -1.000000 0.000000 0.226190 
-1.000000 -1.000000 -1.000000 -1.000000 -1.000000 0.000000 

NORMALIZED GUIDE FUNCTION:
1 0.976974 0.951112 0.922584 0.891576 0.858288 0.822936 0.785748 0.746966 0.706837 0.665622 0.623585 0.580996 0.538129 0.495257 0.452656 0.410599 0.369352 0.329181 0.29034 0.253078 0.21763 0.184222 0.153066 0.124358 0.0982794 0.0749944 0.0546489 0.03737 0.0232648 0.0124201 0.0049017 0.000754072 0 0.00264052 0.00865495 


BIN SEQUENCE:
6 6 6 6 6 6 5 5 5 5 5 5 4 4 4 4 4 4 3 3 3 3 3 3 2 2 2 2 2 2 1 1 1 1 1 1 


SEQUENCE OF PREFERRED BINS:
66  66  66  66  66  66  55  55  55  55  55  55  44  44  44  44  44  44  33  33  33  33  33  33  22  22  22  22  22  22  ...
55  55  55  55  55  55  64  64  64  64  64  64  53  53  53  53  53  53  42  42  42  42  42  42  31  31  31  31  31  31  ...
44  44  44  44  44  44  33  33  33  33  33  33  62  62  62  62  62  62  51  51  51  51  51  51  44  44  44  44  44  44  ...
33  33  33  33  33  33  22  22  22  22  22  22  11  11  11  11  11  11  66  66  66  66  66  66  55  55  55  55  55  55  ...
22  22  22  22  22  22  11  11  11  11  11  11  00  00  00  00  00  00  00  00  00  00  00  00  66  66  66  66  66  66  ...
11  11  11  11  11  11  00  00  00  00  00  00  00  00  00  00  00  00  00  00  00  00  00  00  00  00  00  00  00  00  ...


BIN ALLOCATION OF DISTANCES:
1 6 6 5 6 3 
1 2 4 4 5 6 
5 1 2 3 4 5 
3 1 2 2 3 4 
3 6 5 1 2 4 
5 2 6 4 1 3 


BINS USED:
6 6 6 6 5 6 5 5 5 4 4 3 2 4 3 4 1 3 5 3 1 6 3 2 2 1 2 4 4 2 1 2 1 1 3 0 


TRANSITION SEQUENCE:
-1 -1 1 -1 -1 -1 0.77381 -1 0.607143 -1 0.428571 0 -1 0.571429 0.202381 0.22619 -1 -1 -1 -1 -1 -1 0.178571 -1 0 -1 0 0.392857 0.380952 0 -1 0 -1 -1 -1 0 


CORRELATION COEFFICIENT:          0.469743
DETECTION POWER:                  0.340126

