
Cycle found:
------------
350251424032345201041122131544300553
------------
Valid sequence 


NORMALIZED NEURAL MODEL:
-1.000000 -1.000000 -1.000000 -1.000000 -1.000000 -1.000000 
-1.000000 0.000000 0.392857 0.571429 0.773810 1.000000 
-1.000000 -1.000000 0.000000 0.178571 0.380952 0.607143 
-1.000000 -1.000000 -1.000000 0.000000 0.202381 0.428571 
-1.000000 -1.000000 -1.000000 -1.000000 0.000000 0.226190 
-1.000000 -1.000000 -1.000000 -1.000000 -1.000000 0.000000 

NORMALIZED GUIDE FUNCTION:
1 0.946968 0.892435 0.83675 0.78027 0.723358 0.666377 0.609693 0.553669 0.498662 0.445026 0.393102 0.343224 0.29571 0.250864 0.208971 0.1703 0.135097 0.103587 0.0759708 0.0524234 0.0330948 0.0181077 0.00755683 0.00150843 0 0.00303993 0.0106075 0.0226528 0.0390977 0.0598354 0.0847321 0.113627 0.146334 0.182643 0.222319 


BIN SEQUENCE:
6 6 6 6 6 6 5 5 5 5 5 5 4 4 4 4 3 3 3 2 2 2 1 1 1 1 1 1 2 2 2 3 3 3 4 4 


SEQUENCE OF PREFERRED BINS:
66  66  66  66  66  66  55  55  55  55  55  55  44  44  44  44  33  33  33  22  22  22  11  11  11  11  11  11  22  22  ...
55  55  55  55  55  55  64  64  64  64  64  64  53  53  53  53  42  42  42  31  31  31  22  22  22  22  22  22  31  31  ...
44  44  44  44  44  44  33  33  33  33  33  33  62  62  62  62  51  51  51  44  44  44  33  33  33  33  33  33  44  44  ...
33  33  33  33  33  33  22  22  22  22  22  22  11  11  11  11  66  66  66  55  55  55  44  44  44  44  44  44  55  55  ...
22  22  22  22  22  22  11  11  11  11  11  11  00  00  00  00  00  00  00  66  66  66  55  55  55  55  55  55  66  66  ...
11  11  11  11  11  11  00  00  00  00  00  00  00  00  00  00  00  00  00  00  00  00  66  66  66  66  66  66  00  00  ...


BIN ALLOCATION OF DISTANCES:
6 3 6 5 4 2 
2 1 4 5 6 6 
3 3 1 3 4 5 
2 2 4 1 3 5 
4 2 6 1 1 4 
6 5 3 5 1 2 


BINS USED:
5 6 6 5 5 6 6 4 4 5 4 3 3 4 3 3 3 2 4 2 1 4 1 3 5 2 6 1 1 1 2 6 2 2 5 0 


TRANSITION SEQUENCE:
0.428571 -1 -1 0.607143 -1 0.77381 -1 0.380952 -1 -1 -1 0.178571 0.202381 0.22619 -1 -1 -1 -1 -1 -1 0 0.392857 0 -1 0.571429 -1 1 -1 0 -1 -1 -1 -1 0 -1 0 


CORRELATION COEFFICIENT:          0.21016
DETECTION POWER:                  0.346778

