
Cycle found:
------------
502535240422310332112013441430051554
------------
Valid sequence 


NORMALIZED NEURAL MODEL:
-1.000000 -1.000000 -1.000000 -1.000000 -1.000000 -1.000000 
-1.000000 0.000000 0.392857 0.571429 0.773810 1.000000 
-1.000000 -1.000000 0.000000 0.178571 0.380952 0.607143 
-1.000000 -1.000000 -1.000000 0.000000 0.202381 0.428571 
-1.000000 -1.000000 -1.000000 -1.000000 0.000000 0.226190 
-1.000000 -1.000000 -1.000000 -1.000000 -1.000000 0.000000 

NORMALIZED GUIDE FUNCTION:
1 0.924658 0.849514 0.77505 0.70174 0.630048 0.560423 0.493299 0.429091 0.368192 0.31097 0.257768 0.208901 0.164652 0.125274 0.0909861 0.0619735 0.0383857 0.0203359 0.00790107 0.00112135 0 0.00450374 0.0145632 0.0300736 0.0508957 0.076857 0.107753 0.143349 0.183381 0.227558 0.275567 0.327069 0.381707 0.439106 0.498875 


BIN SEQUENCE:
6 6 6 6 6 6 5 5 5 4 4 4 3 3 3 2 2 2 1 1 1 1 1 1 2 2 2 3 3 3 4 4 4 5 5 5 


SEQUENCE OF PREFERRED BINS:
66  66  66  66  66  66  55  55  55  44  44  44  33  33  33  22  22  22  11  11  11  11  11  11  22  22  22  33  33  33  ...
55  55  55  55  55  55  64  64  64  53  53  53  42  42  42  31  31  31  22  22  22  22  22  22  31  31  31  42  42  42  ...
44  44  44  44  44  44  33  33  33  62  62  62  51  51  51  44  44  44  33  33  33  33  33  33  44  44  44  51  51  51  ...
33  33  33  33  33  33  22  22  22  11  11  11  66  66  66  55  55  55  44  44  44  44  44  44  55  55  55  66  66  66  ...
22  22  22  22  22  22  11  11  11  00  00  00  00  00  00  66  66  66  55  55  55  55  55  55  66  66  66  00  00  00  ...
11  11  11  11  11  11  00  00  00  00  00  00  00  00  00  00  00  00  66  66  66  66  66  66  00  00  00  00  00  00  ...


BIN ALLOCATION OF DISTANCES:
5 1 6 3 5 3 
4 1 5 6 6 6 
1 1 2 2 3 6 
5 3 1 2 3 5 
5 1 4 6 2 3 
4 4 4 4 2 2 


BINS USED:
4 6 6 4 5 4 3 5 5 4 2 2 3 4 3 2 1 1 1 5 1 1 6 3 2 1 6 6 5 5 3 4 6 2 2 0 


TRANSITION SEQUENCE:
-1 -1 0.607143 -1 0.428571 -1 0.380952 -1 -1 -1 0 0.178571 -1 -1 -1 0 -1 -1 0 0.392857 -1 -1 0.571429 0.202381 0 -1 0.77381 -1 -1 -1 -1 -1 1 0 -1 0 


CORRELATION COEFFICIENT:          0.107362
DETECTION POWER:                  0.189929

