
Cycle found:
------------
305322344512152550241354200431101403
------------
Valid sequence 


NORMALIZED NEURAL MODEL:
-1.000000 -1.000000 -1.000000 -1.000000 -1.000000 -1.000000 
-1.000000 0.000000 0.392857 0.571429 0.773810 1.000000 
-1.000000 -1.000000 0.000000 0.178571 0.380952 0.607143 
-1.000000 -1.000000 -1.000000 0.000000 0.202381 0.428571 
-1.000000 -1.000000 -1.000000 -1.000000 0.000000 0.226190 
-1.000000 -1.000000 -1.000000 -1.000000 -1.000000 0.000000 

NORMALIZED GUIDE FUNCTION:
0.458865 0.523051 0.584689 0.643372 0.698712 0.75034 0.797908 0.841095 0.879607 0.913177 0.94157 0.964583 0.982049 0.993832 0.999836 1 0.9943 0.98275 0.965403 0.942347 0.91371 0.879654 0.840378 0.796116 0.747131 0.693723 0.636217 0.574968 0.510357 0.442785 0.372676 0.300472 0.22663 0.151617 0.0759125 0 


BIN SEQUENCE:
2 2 2 3 3 3 4 4 4 5 5 5 6 6 6 6 6 6 5 5 5 4 4 4 3 3 3 2 2 2 1 1 1 1 1 1 


SEQUENCE OF PREFERRED BINS:
22  22  22  33  33  33  44  44  44  55  55  55  66  66  66  66  66  66  55  55  55  44  44  44  33  33  33  22  22  22  ...
31  31  31  42  42  42  53  53  53  64  64  64  55  55  55  55  55  55  64  64  64  53  53  53  42  42  42  31  31  31  ...
44  44  44  51  51  51  62  62  62  33  33  33  44  44  44  44  44  44  33  33  33  62  62  62  51  51  51  44  44  44  ...
55  55  55  66  66  66  11  11  11  22  22  22  33  33  33  33  33  33  22  22  22  11  11  11  66  66  66  55  55  55  ...
66  66  66  00  00  00  00  00  00  11  11  11  22  22  22  22  22  22  11  11  11  00  00  00  00  00  00  66  66  66  ...
00  00  00  00  00  00  00  00  00  00  00  00  11  11  11  11  11  11  00  00  00  00  00  00  00  00  00  00  00  00  ...


BIN ALLOCATION OF DISTANCES:
3 2 3 1 2 2 
4 1 5 5 6 6 
1 5 2 4 5 6 
1 3 3 2 4 5 
6 5 3 1 4 4 
3 6 6 2 1 4 


BINS USED:
1 2 2 3 2 4 4 4 4 6 5 5 6 6 6 4 3 3 5 5 5 5 1 3 1 3 2 1 3 1 4 2 6 6 1 0 


TRANSITION SEQUENCE:
-1 -1 -1 -1 0 0.178571 0.202381 0 0.22619 -1 0.392857 -1 1 -1 0.607143 0 -1 -1 0.380952 -1 0.571429 0.428571 -1 -1 -1 -1 -1 -1 -1 0 -1 -1 0.77381 -1 -1 0 


CORRELATION COEFFICIENT:          0.150924
DETECTION POWER:                  0.350838

