
Cycle found:
------------
551122345331350142030210400543244152
------------
Valid sequence 


NORMALIZED NEURAL MODEL:
-1.000000 -1.000000 -1.000000 -1.000000 -1.000000 -1.000000 
-1.000000 0.000000 0.392857 0.571429 0.773810 1.000000 
-1.000000 -1.000000 0.000000 0.178571 0.380952 0.607143 
-1.000000 -1.000000 -1.000000 0.000000 0.202381 0.428571 
-1.000000 -1.000000 -1.000000 -1.000000 0.000000 0.226190 
-1.000000 -1.000000 -1.000000 -1.000000 -1.000000 0.000000 

NORMALIZED GUIDE FUNCTION:
0 0.0206754 0.0442565 0.070588 0.0994975 0.130796 0.16428 0.199732 0.236922 0.275609 0.315544 0.35647 0.398121 0.440232 0.482532 0.524749 0.566614 0.607859 0.648221 0.687443 0.725275 0.761477 0.79582 0.828087 0.858074 0.885593 0.91047 0.932552 0.9517 0.967796 0.980742 0.990459 0.996891 1 0.999772 0.996213 


BIN SEQUENCE:
1 1 1 1 1 1 2 2 2 2 2 2 3 3 3 3 3 3 4 4 4 4 4 4 5 5 5 5 5 5 6 6 6 6 6 6 


SEQUENCE OF PREFERRED BINS:
11  11  11  11  11  11  22  22  22  22  22  22  33  33  33  33  33  33  44  44  44  44  44  44  55  55  55  55  55  55  ...
22  22  22  22  22  22  31  31  31  31  31  31  42  42  42  42  42  42  53  53  53  53  53  53  64  64  64  64  64  64  ...
33  33  33  33  33  33  44  44  44  44  44  44  51  51  51  51  51  51  62  62  62  62  62  62  33  33  33  33  33  33  ...
44  44  44  44  44  44  55  55  55  55  55  55  66  66  66  66  66  66  11  11  11  11  11  11  22  22  22  22  22  22  ...
55  55  55  55  55  55  66  66  66  66  66  66  00  00  00  00  00  00  00  00  00  00  00  00  11  11  11  11  11  11  ...
66  66  66  66  66  66  00  00  00  00  00  00  00  00  00  00  00  00  00  00  00  00  00  00  00  00  00  00  00  00  ...


BIN ALLOCATION OF DISTANCES:
2 3 4 4 5 1 
6 1 3 4 5 6 
3 5 1 2 2 4 
5 3 6 1 2 4 
5 2 3 6 1 2 
5 3 6 4 6 1 


BINS USED:
1 3 1 3 1 2 2 2 4 1 3 4 4 5 3 5 3 3 4 5 4 5 6 5 5 2 1 6 6 6 2 1 2 6 6 0 


TRANSITION SEQUENCE:
0 -1 0 0.392857 0 0.178571 0.202381 0.22619 -1 0 -1 0.571429 0.428571 -1 -1 0.77381 -1 -1 -1 -1 -1 -1 -1 -1 -1 -1 -1 -1 -1 -1 0.380952 0 -1 1 -1 0 


CORRELATION COEFFICIENT:          0.23027
DETECTION POWER:                  0.257518

