
Cycle found:
------------
125202303540434450100553322411421513
------------
Valid sequence 


NORMALIZED NEURAL MODEL:
-1.000000 -1.000000 -1.000000 -1.000000 -1.000000 -1.000000 
-1.000000 0.000000 0.392857 0.571429 0.773810 1.000000 
-1.000000 -1.000000 0.000000 0.178571 0.380952 0.607143 
-1.000000 -1.000000 -1.000000 0.000000 0.202381 0.428571 
-1.000000 -1.000000 -1.000000 -1.000000 0.000000 0.226190 
-1.000000 -1.000000 -1.000000 -1.000000 -1.000000 0.000000 

NORMALIZED GUIDE FUNCTION:
0.894233 0.920963 0.944001 0.963214 0.978492 0.989749 0.996929 1 0.998956 0.993819 0.984637 0.971481 0.954452 0.933671 0.909285 0.881463 0.850396 0.816295 0.779388 0.739923 0.698161 0.654378 0.608862 0.561911 0.51383 0.464933 0.415535 0.365954 0.316509 0.267515 0.219286 0.172128 0.126337 0.082204 0.0400037 0 


BIN SEQUENCE:
4 4 5 5 5 6 6 6 6 6 6 5 5 5 4 4 4 4 3 3 3 3 3 3 2 2 2 2 2 2 1 1 1 1 1 1 


SEQUENCE OF PREFERRED BINS:
44  44  55  55  55  66  66  66  66  66  66  55  55  55  44  44  44  44  33  33  33  33  33  33  22  22  22  22  22  22  ...
53  53  64  64  64  55  55  55  55  55  55  64  64  64  53  53  53  53  42  42  42  42  42  42  31  31  31  31  31  31  ...
62  62  33  33  33  44  44  44  44  44  44  33  33  33  62  62  62  62  51  51  51  51  51  51  44  44  44  44  44  44  ...
11  11  22  22  22  33  33  33  33  33  33  22  22  22  11  11  11  11  66  66  66  66  66  66  55  55  55  55  55  55  ...
00  00  11  11  11  22  22  22  22  22  22  11  11  11  00  00  00  00  00  00  00  00  00  00  66  66  66  66  66  66  ...
00  00  00  00  00  11  11  11  11  11  11  00  00  00  00  00  00  00  00  00  00  00  00  00  00  00  00  00  00  00  ...


BIN ALLOCATION OF DISTANCES:
1 2 6 4 2 1 
4 1 4 5 5 5 
6 1 1 3 3 5 
6 4 2 2 3 4 
6 2 1 5 3 3 
4 6 5 2 6 3 


BINS USED:
4 5 5 6 6 3 6 4 4 6 6 2 5 3 3 3 4 2 4 1 1 3 2 2 2 1 3 2 1 5 1 1 5 6 5 0 


TRANSITION SEQUENCE:
0.392857 0.607143 -1 -1 -1 0.178571 -1 -1 0.428571 -1 -1 -1 -1 0.202381 0 0.22619 -1 -1 -1 -1 -1 0 -1 0 -1 0 0.380952 -1 0 0.77381 -1 -1 1 -1 0.571429 0 


CORRELATION COEFFICIENT:          -0.155132
DETECTION POWER:                  0.35493

