
Cycle found:
------------
515320355052400412345442211014313302
------------
Valid sequence 


NORMALIZED NEURAL MODEL:
-1.000000 -1.000000 -1.000000 -1.000000 -1.000000 -1.000000 
-1.000000 0.000000 0.392857 0.571429 0.773810 1.000000 
-1.000000 -1.000000 0.000000 0.178571 0.380952 0.607143 
-1.000000 -1.000000 -1.000000 0.000000 0.202381 0.428571 
-1.000000 -1.000000 -1.000000 -1.000000 0.000000 0.226190 
-1.000000 -1.000000 -1.000000 -1.000000 -1.000000 0.000000 

NORMALIZED GUIDE FUNCTION:
1 0.969588 0.936608 0.901262 0.863768 0.824356 0.783272 0.740774 0.697128 0.65261 0.607504 0.562097 0.51668 0.471546 0.426986 0.383289 0.34074 0.299619 0.260196 0.222732 0.187477 0.154666 0.124522 0.0972498 0.0730372 0.0520527 0.0344453 0.0203423 0.00984918 0.0030487 0 0.000738363 0.0052748 0.0135959 0.0256638 0.0414163 


BIN SEQUENCE:
6 6 6 6 6 6 5 5 5 5 5 5 4 4 4 4 4 4 3 3 3 3 3 3 2 2 2 2 1 1 1 1 1 1 2 2 


SEQUENCE OF PREFERRED BINS:
66  66  66  66  66  66  55  55  55  55  55  55  44  44  44  44  44  44  33  33  33  33  33  33  22  22  22  22  11  11  ...
55  55  55  55  55  55  64  64  64  64  64  64  53  53  53  53  53  53  42  42  42  42  42  42  31  31  31  31  22  22  ...
44  44  44  44  44  44  33  33  33  33  33  33  62  62  62  62  62  62  51  51  51  51  51  51  44  44  44  44  33  33  ...
33  33  33  33  33  33  22  22  22  22  22  22  11  11  11  11  11  11  66  66  66  66  66  66  55  55  55  55  44  44  ...
22  22  22  22  22  22  11  11  11  11  11  11  00  00  00  00  00  00  00  00  00  00  00  00  66  66  66  66  55  55  ...
11  11  11  11  11  11  00  00  00  00  00  00  00  00  00  00  00  00  00  00  00  00  00  00  00  00  00  00  66  66  ...


BIN ALLOCATION OF DISTANCES:
3 6 1 6 2 4 
3 1 4 5 5 6 
4 1 2 3 4 5 
2 1 6 2 3 5 
4 5 5 6 2 3 
2 6 1 4 1 3 


BINS USED:
6 6 4 6 4 6 5 3 2 4 1 4 4 3 2 5 4 3 3 3 1 2 5 2 1 1 3 6 5 6 1 5 2 2 1 0 


TRANSITION SEQUENCE:
-1 1 -1 -1 -1 -1 0.428571 0 -1 -1 -1 0.380952 -1 -1 -1 -1 0.392857 0.178571 0.202381 0.22619 -1 0 -1 0 -1 0 -1 -1 0.77381 -1 -1 0.571429 0 -1 -1 0 


CORRELATION COEFFICIENT:          0.234379
DETECTION POWER:                  0.265541

