
Cycle found:
------------
200503110433012342455254402135141532
------------
Valid sequence 


NORMALIZED NEURAL MODEL:
-1.000000 -1.000000 -1.000000 -1.000000 -1.000000 -1.000000 
-1.000000 0.000000 0.392857 0.571429 0.773810 1.000000 
-1.000000 -1.000000 0.000000 0.178571 0.380952 0.607143 
-1.000000 -1.000000 -1.000000 0.000000 0.202381 0.428571 
-1.000000 -1.000000 -1.000000 -1.000000 0.000000 0.226190 
-1.000000 -1.000000 -1.000000 -1.000000 -1.000000 0.000000 

NORMALIZED GUIDE FUNCTION:
0.0684511 0.0474537 0.0301919 0.0167594 0.00722515 0.00163267 0 0.00231966 0.00855883 0.0186597 0.0325398 0.050093 0.0711898 0.0956787 0.123387 0.154123 0.187674 0.223813 0.262296 0.302865 0.345251 0.389174 0.434343 0.480465 0.527238 0.57436 0.621527 0.668437 0.714789 0.760289 0.80465 0.847593 0.888849 0.928161 0.965287 1 


BIN SEQUENCE:
2 2 2 1 1 1 1 1 1 2 2 2 3 3 3 3 3 3 4 4 4 4 4 4 5 5 5 5 5 5 6 6 6 6 6 6 


SEQUENCE OF PREFERRED BINS:
22  22  22  11  11  11  11  11  11  22  22  22  33  33  33  33  33  33  44  44  44  44  44  44  55  55  55  55  55  55  ...
31  31  31  22  22  22  22  22  22  31  31  31  42  42  42  42  42  42  53  53  53  53  53  53  64  64  64  64  64  64  ...
44  44  44  33  33  33  33  33  33  44  44  44  51  51  51  51  51  51  62  62  62  62  62  62  33  33  33  33  33  33  ...
55  55  55  44  44  44  44  44  44  55  55  55  66  66  66  66  66  66  11  11  11  11  11  11  22  22  22  22  22  22  ...
66  66  66  55  55  55  55  55  55  66  66  66  00  00  00  00  00  00  00  00  00  00  00  00  11  11  11  11  11  11  ...
00  00  00  66  66  66  66  66  66  00  00  00  00  00  00  00  00  00  00  00  00  00  00  00  00  00  00  00  00  00  ...


BIN ALLOCATION OF DISTANCES:
2 5 5 1 1 3 
3 2 5 5 6 6 
3 6 2 4 5 6 
1 1 4 2 4 5 
1 1 3 3 4 4 
2 2 3 6 6 4 


BINS USED:
3 2 3 2 1 1 2 3 1 3 2 1 5 5 4 4 3 5 4 4 3 6 6 4 1 5 6 5 5 2 6 1 6 6 4 0 


TRANSITION SEQUENCE:
-1 -1 -1 -1 -1 -1 0 -1 -1 -1 0 -1 -1 0.392857 0.178571 0.202381 -1 0.380952 0.22619 0 -1 0.607143 -1 0 -1 -1 -1 0.571429 0.428571 -1 0.77381 -1 1 -1 -1 0 


CORRELATION COEFFICIENT:          0.305035
DETECTION POWER:                  0.356824

