
Cycle found:
------------
402032211004331230145055413524425153
------------
Valid sequence 


NORMALIZED NEURAL MODEL:
-1.000000 -1.000000 -1.000000 -1.000000 -1.000000 -1.000000 
-1.000000 0.000000 0.392857 0.571429 0.773810 1.000000 
-1.000000 -1.000000 0.000000 0.178571 0.380952 0.607143 
-1.000000 -1.000000 -1.000000 0.000000 0.202381 0.428571 
-1.000000 -1.000000 -1.000000 -1.000000 0.000000 0.226190 
-1.000000 -1.000000 -1.000000 -1.000000 -1.000000 0.000000 

NORMALIZED GUIDE FUNCTION:
0 0.0534632 0.10839 0.164427 0.221211 0.278377 0.335559 0.39239 0.448508 0.503554 0.557179 0.609043 0.658818 0.70619 0.750861 0.792553 0.831004 0.865977 0.897257 0.92465 0.947992 0.967143 0.98199 0.992447 0.99846 1 0.997068 0.989693 0.977933 0.961875 0.941631 0.917342 0.889171 0.857311 0.821972 0.783391 


BIN SEQUENCE:
1 1 1 1 1 1 2 2 2 2 2 2 3 3 3 3 4 4 4 5 5 5 6 6 6 6 6 6 5 5 5 4 4 4 3 3 


SEQUENCE OF PREFERRED BINS:
11  11  11  11  11  11  22  22  22  22  22  22  33  33  33  33  44  44  44  55  55  55  66  66  66  66  66  66  55  55  ...
22  22  22  22  22  22  31  31  31  31  31  31  42  42  42  42  53  53  53  64  64  64  55  55  55  55  55  55  64  64  ...
33  33  33  33  33  33  44  44  44  44  44  44  51  51  51  51  62  62  62  33  33  33  44  44  44  44  44  44  33  33  ...
44  44  44  44  44  44  55  55  55  55  55  55  66  66  66  66  11  11  11  22  22  22  33  33  33  33  33  33  22  22  ...
55  55  55  55  55  55  66  66  66  66  66  66  00  00  00  00  00  00  00  11  11  11  22  22  22  22  22  22  11  11  ...
66  66  66  66  66  66  00  00  00  00  00  00  00  00  00  00  00  00  00  00  00  00  11  11  11  11  11  11  00  00  ...


BIN ALLOCATION OF DISTANCES:
2 4 1 1 1 6 
1 2 5 6 6 6 
1 4 3 5 5 6 
2 4 2 3 5 6 
1 4 4 2 3 5 
5 3 3 2 3 4 


BINS USED:
1 1 1 1 2 3 4 2 1 2 1 2 3 4 5 5 2 4 6 5 5 6 4 3 4 6 6 3 5 3 4 6 3 6 2 0 


TRANSITION SEQUENCE:
-1 -1 -1 -1 -1 0 -1 0 -1 -1 -1 -1 0 -1 0.392857 0.178571 -1 -1 0.77381 0.22619 -1 -1 0 -1 -1 0.571429 0.428571 -1 0.380952 0 -1 0.607143 -1 1 -1 0 


CORRELATION COEFFICIENT:          0.189038
DETECTION POWER:                  0.24689

