
Cycle found:
------------
410320252453435040130051211442233155
------------
Valid sequence 


NORMALIZED NEURAL MODEL:
-1.000000 -1.000000 -1.000000 -1.000000 -1.000000 -1.000000 
-1.000000 0.000000 0.392857 0.571429 0.773810 1.000000 
-1.000000 -1.000000 0.000000 0.178571 0.380952 0.607143 
-1.000000 -1.000000 -1.000000 0.000000 0.202381 0.428571 
-1.000000 -1.000000 -1.000000 -1.000000 0.000000 0.226190 
-1.000000 -1.000000 -1.000000 -1.000000 -1.000000 0.000000 

NORMALIZED GUIDE FUNCTION:
1 0.977013 0.951221 0.922783 0.891876 0.858696 0.823449 0.786359 0.74766 0.707597 0.666425 0.624405 0.581806 0.5389 0.495961 0.453265 0.411086 0.369695 0.32936 0.290341 0.25289 0.21725 0.183655 0.152321 0.123456 0.0972471 0.0738686 0.0534752 0.036203 0.0221683 0.011467 0.0041736 0.000341026 0 0.00315893 0.00980377 


BIN SEQUENCE:
6 6 6 6 6 6 5 5 5 5 5 5 4 4 4 4 4 4 3 3 3 3 3 3 2 2 2 2 2 2 1 1 1 1 1 1 


SEQUENCE OF PREFERRED BINS:
66  66  66  66  66  66  55  55  55  55  55  55  44  44  44  44  44  44  33  33  33  33  33  33  22  22  22  22  22  22  ...
55  55  55  55  55  55  64  64  64  64  64  64  53  53  53  53  53  53  42  42  42  42  42  42  31  31  31  31  31  31  ...
44  44  44  44  44  44  33  33  33  33  33  33  62  62  62  62  62  62  51  51  51  51  51  51  44  44  44  44  44  44  ...
33  33  33  33  33  33  22  22  22  22  22  22  11  11  11  11  11  11  66  66  66  66  66  66  55  55  55  55  55  55  ...
22  22  22  22  22  22  11  11  11  11  11  11  00  00  00  00  00  00  00  00  00  00  00  00  66  66  66  66  66  66  ...
11  11  11  11  11  11  00  00  00  00  00  00  00  00  00  00  00  00  00  00  00  00  00  00  00  00  00  00  00  00  ...


BIN ALLOCATION OF DISTANCES:
2 3 5 6 5 2 
6 1 4 4 5 5 
6 3 1 1 4 5 
3 2 5 1 4 4 
6 6 2 3 1 4 
2 2 6 3 3 1 


BINS USED:
6 6 6 5 6 5 5 6 4 4 3 4 3 4 2 5 6 3 4 3 2 2 2 4 3 1 5 1 2 1 1 1 2 5 1 0 


TRANSITION SEQUENCE:
-1 -1 -1 -1 -1 -1 0.607143 -1 0.380952 0.22619 -1 0.202381 -1 0.428571 -1 -1 -1 -1 0.571429 -1 -1 -1 -1 0.392857 -1 0 0.77381 0 -1 0 0.178571 0 -1 1 0 0 


CORRELATION COEFFICIENT:          0.143429
DETECTION POWER:                  0.142384

