
Cycle found:
------------
315214325135055404245302001122334410
------------
Valid sequence 


NORMALIZED NEURAL MODEL:
-1.000000 -1.000000 -1.000000 -1.000000 -1.000000 -1.000000 
-1.000000 0.000000 0.392857 0.571429 0.773810 1.000000 
-1.000000 -1.000000 0.000000 0.178571 0.380952 0.607143 
-1.000000 -1.000000 -1.000000 0.000000 0.202381 0.428571 
-1.000000 -1.000000 -1.000000 -1.000000 0.000000 0.226190 
-1.000000 -1.000000 -1.000000 -1.000000 -1.000000 0.000000 

NORMALIZED GUIDE FUNCTION:
1 0.965745 0.929038 0.890121 0.849247 0.806683 0.762703 0.717595 0.671647 0.625157 0.578423 0.531746 0.485423 0.439751 0.39502 0.351515 0.309512 0.269275 0.23106 0.195105 0.161637 0.130863 0.102975 0.0781444 0.0565238 0.0382441 0.0234149 0.0121232 0.00443339 0.000386444 0 0.0032682 0.0101618 0.0206283 0.0345927 0.0519574 


BIN SEQUENCE:
6 6 6 6 6 6 5 5 5 5 5 5 4 4 4 4 4 4 3 3 3 3 3 3 2 2 2 1 1 1 1 1 1 2 2 2 


SEQUENCE OF PREFERRED BINS:
66  66  66  66  66  66  55  55  55  55  55  55  44  44  44  44  44  44  33  33  33  33  33  33  22  22  22  11  11  11  ...
55  55  55  55  55  55  64  64  64  64  64  64  53  53  53  53  53  53  42  42  42  42  42  42  31  31  31  22  22  22  ...
44  44  44  44  44  44  33  33  33  33  33  33  62  62  62  62  62  62  51  51  51  51  51  51  44  44  44  33  33  33  ...
33  33  33  33  33  33  22  22  22  22  22  22  11  11  11  11  11  11  66  66  66  66  66  66  55  55  55  44  44  44  ...
22  22  22  22  22  22  11  11  11  11  11  11  00  00  00  00  00  00  00  00  00  00  00  00  66  66  66  55  55  55  ...
11  11  11  11  11  11  00  00  00  00  00  00  00  00  00  00  00  00  00  00  00  00  00  00  00  00  00  66  66  66  ...


BIN ALLOCATION OF DISTANCES:
1 6 1 4 5 3 
3 1 3 5 6 6 
2 6 1 2 3 5 
3 5 4 1 2 4 
4 2 4 5 1 3 
4 5 6 6 2 2 


BINS USED:
5 6 6 6 6 5 4 5 5 5 4 4 3 2 2 4 5 4 3 3 6 3 1 2 1 6 1 3 1 2 1 2 1 2 3 0 


TRANSITION SEQUENCE:
-1 1 -1 -1 0.77381 -1 -1 0.607143 -1 0.571429 0.428571 -1 -1 0 -1 -1 -1 -1 0.380952 0.22619 -1 -1 -1 -1 -1 -1 0 0.392857 0 0.178571 0 0.202381 0 -1 -1 0 


CORRELATION COEFFICIENT:          0.5712
DETECTION POWER:                  0.458695

