
Cycle found:
------------
445055110121332043142354003025224153
------------
Valid sequence 


NORMALIZED NEURAL MODEL:
-1.000000 -1.000000 -1.000000 -1.000000 -1.000000 -1.000000 
-1.000000 0.000000 0.392857 0.571429 0.773810 1.000000 
-1.000000 -1.000000 0.000000 0.178571 0.380952 0.607143 
-1.000000 -1.000000 -1.000000 0.000000 0.202381 0.428571 
-1.000000 -1.000000 -1.000000 -1.000000 0.000000 0.226190 
-1.000000 -1.000000 -1.000000 -1.000000 -1.000000 0.000000 

NORMALIZED GUIDE FUNCTION:
0.111466 0.0863317 0.0640759 0.0448834 0.028921 0.016336 0.00725478 0.00178216 0 0.00196653 0.00771568 0.0172566 0.0305731 0.0476238 0.0683419 0.0926353 0.120387 0.151456 0.185677 0.222862 0.262801 0.305264 0.350001 0.396744 0.445209 0.495097 0.546096 0.597884 0.650129 0.702495 0.754638 0.806213 0.856877 0.906287 0.954105 1 


BIN SEQUENCE:
3 3 2 2 2 1 1 1 1 1 1 2 2 2 3 3 3 3 4 4 4 4 4 4 5 5 5 5 5 5 6 6 6 6 6 6 


SEQUENCE OF PREFERRED BINS:
33  33  22  22  22  11  11  11  11  11  11  22  22  22  33  33  33  33  44  44  44  44  44  44  55  55  55  55  55  55  ...
42  42  31  31  31  22  22  22  22  22  22  31  31  31  42  42  42  42  53  53  53  53  53  53  64  64  64  64  64  64  ...
51  51  44  44  44  33  33  33  33  33  33  44  44  44  51  51  51  51  62  62  62  62  62  62  33  33  33  33  33  33  ...
66  66  55  55  55  44  44  44  44  44  44  55  55  55  66  66  66  66  11  11  11  11  11  11  22  22  22  22  22  22  ...
00  00  66  66  66  55  55  55  55  55  55  66  66  66  00  00  00  00  00  00  00  00  00  00  11  11  11  11  11  11  ...
00  00  00  00  00  66  66  66  66  66  66  00  00  00  00  00  00  00  00  00  00  00  00  00  00  00  00  00  00  00  ...


BIN ALLOCATION OF DISTANCES:
6 3 3 3 3 2 
3 1 4 5 5 6 
3 1 2 4 4 5 
6 4 1 2 4 5 
6 6 5 1 2 4 
2 1 6 1 5 2 


BINS USED:
2 4 2 2 2 1 1 3 3 4 1 5 2 1 3 3 1 4 5 5 4 5 5 6 6 3 6 3 5 6 2 4 6 6 1 0 


TRANSITION SEQUENCE:
0 0.22619 -1 -1 0 -1 0 -1 -1 0.392857 -1 0.571429 0 -1 -1 -1 -1 -1 0.77381 -1 0.178571 0.428571 -1 -1 -1 -1 -1 -1 0.607143 -1 0 0.380952 -1 1 -1 0 


CORRELATION COEFFICIENT:          0.167355
DETECTION POWER:                  0.203532

