
Cycle found:
------------
302232425544503105201215134114004335
------------
Valid sequence 


NORMALIZED NEURAL MODEL:
-1.000000 -1.000000 -1.000000 -1.000000 -1.000000 -1.000000 
-1.000000 0.000000 0.392857 0.571429 0.773810 1.000000 
-1.000000 -1.000000 0.000000 0.178571 0.380952 0.607143 
-1.000000 -1.000000 -1.000000 0.000000 0.202381 0.428571 
-1.000000 -1.000000 -1.000000 -1.000000 0.000000 0.226190 
-1.000000 -1.000000 -1.000000 -1.000000 -1.000000 0.000000 

NORMALIZED GUIDE FUNCTION:
0.0326417 0.0191537 0.00918047 0.00278312 0 0.000846251 0.00531375 0.0133712 0.0249643 0.0400163 0.0584281 0.0800794 0.104829 0.132517 0.162962 0.195969 0.231323 0.268798 0.308151 0.349128 0.391467 0.434895 0.479134 0.523899 0.568903 0.613859 0.658478 0.702474 0.745568 0.787483 0.827952 0.866717 0.903532 0.938161 0.970385 1 


BIN SEQUENCE:
2 2 1 1 1 1 1 1 2 2 2 2 3 3 3 3 3 3 4 4 4 4 4 4 5 5 5 5 5 5 6 6 6 6 6 6 


SEQUENCE OF PREFERRED BINS:
22  22  11  11  11  11  11  11  22  22  22  22  33  33  33  33  33  33  44  44  44  44  44  44  55  55  55  55  55  55  ...
31  31  22  22  22  22  22  22  31  31  31  31  42  42  42  42  42  42  53  53  53  53  53  53  64  64  64  64  64  64  ...
44  44  33  33  33  33  33  33  44  44  44  44  51  51  51  51  51  51  62  62  62  62  62  62  33  33  33  33  33  33  ...
55  55  44  44  44  44  44  44  55  55  55  55  66  66  66  66  66  66  11  11  11  11  11  11  22  22  22  22  22  22  ...
66  66  55  55  55  55  55  55  66  66  66  66  00  00  00  00  00  00  00  00  00  00  00  00  11  11  11  11  11  11  ...
00  00  66  66  66  66  66  66  00  00  00  00  00  00  00  00  00  00  00  00  00  00  00  00  00  00  00  00  00  00  ...


BIN ALLOCATION OF DISTANCES:
1 6 2 3 1 4 
3 1 4 5 5 5 
6 6 1 2 4 5 
3 3 1 1 4 4 
6 5 2 6 2 4 
3 6 5 3 2 2 


BINS USED:
3 2 1 2 1 4 2 5 2 2 2 4 3 3 3 3 4 5 6 6 4 6 5 6 5 4 5 1 5 6 1 1 6 1 4 0 


TRANSITION SEQUENCE:
-1 -1 0 0.178571 -1 0.380952 -1 0.607143 0 -1 0 0.22619 -1 -1 -1 -1 -1 -1 -1 -1 0.392857 -1 1 -1 0.571429 0.202381 -1 0 0.77381 -1 -1 -1 -1 0 0.428571 0 


CORRELATION COEFFICIENT:          0.055604
DETECTION POWER:                  0.322479

