
Cycle found:
------------
104453112213342355400525032430201514
------------
Valid sequence 


NORMALIZED NEURAL MODEL:
-1.000000 -1.000000 -1.000000 -1.000000 -1.000000 -1.000000 
-1.000000 0.000000 0.392857 0.571429 0.773810 1.000000 
-1.000000 -1.000000 0.000000 0.178571 0.380952 0.607143 
-1.000000 -1.000000 -1.000000 0.000000 0.202381 0.428571 
-1.000000 -1.000000 -1.000000 -1.000000 0.000000 0.226190 
-1.000000 -1.000000 -1.000000 -1.000000 -1.000000 0.000000 

NORMALIZED GUIDE FUNCTION:
0 0.0457239 0.0933607 0.142605 0.193139 0.244641 0.29678 0.349221 0.401629 0.453668 0.505006 0.555313 0.604267 0.651557 0.69688 0.739947 0.780483 0.818229 0.852945 0.88441 0.912424 0.936809 0.95741 0.974098 0.986767 0.995338 0.999758 1 0.996065 0.987979 0.975796 0.959597 0.939486 0.915594 0.888076 0.85711 


BIN SEQUENCE:
1 1 1 1 1 1 2 2 2 2 2 2 3 3 3 3 3 3 4 4 4 5 5 5 6 6 6 6 6 6 5 5 5 4 4 4 


SEQUENCE OF PREFERRED BINS:
11  11  11  11  11  11  22  22  22  22  22  22  33  33  33  33  33  33  44  44  44  55  55  55  66  66  66  66  66  66  ...
22  22  22  22  22  22  31  31  31  31  31  31  42  42  42  42  42  42  53  53  53  64  64  64  55  55  55  55  55  55  ...
33  33  33  33  33  33  44  44  44  44  44  44  51  51  51  51  51  51  62  62  62  33  33  33  44  44  44  44  44  44  ...
44  44  44  44  44  44  55  55  55  55  55  55  66  66  66  66  66  66  11  11  11  22  22  22  33  33  33  33  33  33  ...
55  55  55  55  55  55  66  66  66  66  66  66  00  00  00  00  00  00  00  00  00  11  11  11  22  22  22  22  22  22  ...
66  66  66  66  66  66  00  00  00  00  00  00  00  00  00  00  00  00  00  00  00  00  00  00  11  11  11  11  11  11  ...


BIN ALLOCATION OF DISTANCES:
4 3 5 6 1 3 
1 2 4 5 6 6 
1 1 2 3 4 5 
2 2 5 2 3 4 
5 1 5 6 2 3 
6 6 4 1 4 3 


BINS USED:
1 1 2 3 1 2 2 4 2 1 5 2 3 5 3 4 3 4 5 4 3 4 5 6 6 5 4 6 2 5 1 3 6 6 6 0 


TRANSITION SEQUENCE:
-1 -1 0 0.22619 -1 -1 0 0.392857 0 -1 0.571429 0 0.202381 -1 0.178571 0.428571 0 -1 -1 -1 -1 -1 0.607143 -1 -1 -1 0.380952 -1 -1 -1 -1 -1 1 -1 0.77381 0 


CORRELATION COEFFICIENT:          0.29504
DETECTION POWER:                  0.326148

