
Cycle found:
------------
350345401132200531241023042152551443
------------
Valid sequence 


NORMALIZED NEURAL MODEL:
-1.000000 -1.000000 -1.000000 -1.000000 -1.000000 -1.000000 
-1.000000 0.000000 0.392857 0.571429 0.773810 1.000000 
-1.000000 -1.000000 0.000000 0.178571 0.380952 0.607143 
-1.000000 -1.000000 -1.000000 0.000000 0.202381 0.428571 
-1.000000 -1.000000 -1.000000 -1.000000 0.000000 0.226190 
-1.000000 -1.000000 -1.000000 -1.000000 -1.000000 0.000000 

NORMALIZED GUIDE FUNCTION:
0.28937 0.243011 0.199997 0.160599 0.125067 0.0936257 0.0664735 0.043781 0.0256901 0.0123134 0.00373288 0 0.00113504 0.00712712 0.0179343 0.0334837 0.0536722 0.0783673 0.107407 0.140603 0.177739 0.218574 0.262845 0.310265 0.360528 0.41331 0.468271 0.525059 0.583307 0.642643 0.702684 0.763047 0.823344 0.883189 0.9422 1 


BIN SEQUENCE:
4 4 4 3 3 3 2 2 2 1 1 1 1 1 1 2 2 2 3 3 3 4 4 4 5 5 5 5 5 5 6 6 6 6 6 6 


SEQUENCE OF PREFERRED BINS:
44  44  44  33  33  33  22  22  22  11  11  11  11  11  11  22  22  22  33  33  33  44  44  44  55  55  55  55  55  55  ...
53  53  53  42  42  42  31  31  31  22  22  22  22  22  22  31  31  31  42  42  42  53  53  53  64  64  64  64  64  64  ...
62  62  62  51  51  51  44  44  44  33  33  33  33  33  33  44  44  44  51  51  51  62  62  62  33  33  33  33  33  33  ...
11  11  11  66  66  66  55  55  55  44  44  44  44  44  44  55  55  55  66  66  66  11  11  11  22  22  22  22  22  22  ...
00  00  00  00  00  00  66  66  66  55  55  55  55  55  55  66  66  66  00  00  00  00  00  00  11  11  11  11  11  11  ...
00  00  00  00  00  00  00  00  00  66  66  66  66  66  66  00  00  00  00  00  00  00  00  00  00  00  00  00  00  00  ...


BIN ALLOCATION OF DISTANCES:
1 2 6 4 6 5 
5 1 4 4 6 6 
2 6 1 3 3 6 
5 5 2 1 3 4 
2 3 5 1 1 3 
4 4 5 2 3 2 


BINS USED:
4 4 4 3 3 3 2 2 1 4 2 1 2 1 5 2 5 4 3 3 5 6 3 5 6 5 6 6 5 6 2 4 6 1 1 0 


TRANSITION SEQUENCE:
0.428571 -1 -1 0.202381 0.22619 -1 -1 -1 0 0.571429 -1 0 -1 -1 -1 -1 -1 0.392857 0.380952 -1 -1 -1 0.178571 -1 -1 -1 -1 1 -1 0.607143 0 -1 0.77381 0 -1 0 


CORRELATION COEFFICIENT:          0.0341617
DETECTION POWER:                  0.220903

