
Cycle found:
------------
453250423512155405203300114134431022
------------
Valid sequence 


NORMALIZED NEURAL MODEL:
-1.000000 -1.000000 -1.000000 -1.000000 -1.000000 -1.000000 
-1.000000 0.000000 0.392857 0.571429 0.773810 1.000000 
-1.000000 -1.000000 0.000000 0.178571 0.380952 0.607143 
-1.000000 -1.000000 -1.000000 0.000000 0.202381 0.428571 
-1.000000 -1.000000 -1.000000 -1.000000 0.000000 0.226190 
-1.000000 -1.000000 -1.000000 -1.000000 -1.000000 0.000000 

NORMALIZED GUIDE FUNCTION:
0.920095 0.941814 0.960292 0.975391 0.986994 0.995008 0.999359 1 0.996905 0.990074 0.97953 0.965319 0.947515 0.926211 0.901526 0.873601 0.842598 0.8087 0.77211 0.73305 0.691759 0.64849 0.603512 0.557105 0.509563 0.461185 0.412279 0.363157 0.314135 0.26553 0.217658 0.17083 0.125355 0.081533 0.0396545 0 


BIN SEQUENCE:
4 5 5 5 6 6 6 6 6 6 5 5 5 4 4 4 4 4 3 3 3 3 3 3 2 2 2 2 2 2 1 1 1 1 1 1 


SEQUENCE OF PREFERRED BINS:
44  55  55  55  66  66  66  66  66  66  55  55  55  44  44  44  44  44  33  33  33  33  33  33  22  22  22  22  22  22  ...
53  64  64  64  55  55  55  55  55  55  64  64  64  53  53  53  53  53  42  42  42  42  42  42  31  31  31  31  31  31  ...
62  33  33  33  44  44  44  44  44  44  33  33  33  62  62  62  62  62  51  51  51  51  51  51  44  44  44  44  44  44  ...
11  22  22  22  33  33  33  33  33  33  22  22  22  11  11  11  11  11  66  66  66  66  66  66  55  55  55  55  55  55  ...
00  11  11  11  22  22  22  22  22  22  11  11  11  00  00  00  00  00  00  00  00  00  00  00  66  66  66  66  66  66  ...
00  00  00  00  11  11  11  11  11  11  00  00  00  00  00  00  00  00  00  00  00  00  00  00  00  00  00  00  00  00  ...


BIN ALLOCATION OF DISTANCES:
2 2 1 3 6 5 
4 1 5 6 6 6 
2 2 1 4 4 6 
2 2 5 3 4 5 
4 1 5 3 3 4 
6 3 1 5 1 3 


BINS USED:
4 5 5 6 6 6 5 4 5 3 5 2 6 3 1 4 5 1 2 3 3 2 2 2 1 6 1 6 4 3 3 2 4 1 1 0 


TRANSITION SEQUENCE:
0.22619 -1 -1 0.607143 -1 -1 -1 0.178571 0.428571 -1 0.392857 -1 1 0 -1 -1 -1 -1 -1 -1 0 -1 -1 -1 0 0.77381 -1 0.571429 0.202381 0 -1 -1 -1 -1 0 0 


CORRELATION COEFFICIENT:          0.259561
DETECTION POWER:                  0.235841

