
Cycle found:
------------
223311003244051343525301415021204554
------------
Valid sequence 


NORMALIZED NEURAL MODEL:
-1.000000 -1.000000 -1.000000 -1.000000 -1.000000 -1.000000 
-1.000000 0.000000 0.392857 0.571429 0.773810 1.000000 
-1.000000 -1.000000 0.000000 0.178571 0.380952 0.607143 
-1.000000 -1.000000 -1.000000 0.000000 0.202381 0.428571 
-1.000000 -1.000000 -1.000000 -1.000000 0.000000 0.226190 
-1.000000 -1.000000 -1.000000 -1.000000 -1.000000 0.000000 

NORMALIZED GUIDE FUNCTION:
0 0.052861 0.107243 0.1628 0.219177 0.276013 0.332945 0.389608 0.445638 0.500676 0.554368 0.606367 0.656338 0.70396 0.748922 0.790935 0.829724 0.865038 0.896646 0.924341 0.94794 0.967288 0.982255 0.992739 0.998669 1 0.996719 0.988841 0.976411 0.959502 0.93822 0.912693 0.883081 0.849569 0.812366 0.771708 


BIN SEQUENCE:
1 1 1 1 1 1 2 2 2 2 2 2 3 3 3 3 4 4 4 5 5 5 6 6 6 6 6 6 5 5 5 4 4 4 3 3 


SEQUENCE OF PREFERRED BINS:
11  11  11  11  11  11  22  22  22  22  22  22  33  33  33  33  44  44  44  55  55  55  66  66  66  66  66  66  55  55  ...
22  22  22  22  22  22  31  31  31  31  31  31  42  42  42  42  53  53  53  64  64  64  55  55  55  55  55  55  64  64  ...
33  33  33  33  33  33  44  44  44  44  44  44  51  51  51  51  62  62  62  33  33  33  44  44  44  44  44  44  33  33  ...
44  44  44  44  44  44  55  55  55  55  55  55  66  66  66  66  11  11  11  22  22  22  33  33  33  33  33  33  22  22  ...
55  55  55  55  55  55  66  66  66  66  66  66  00  00  00  00  00  00  00  11  11  11  22  22  22  22  22  22  11  11  ...
66  66  66  66  66  66  00  00  00  00  00  00  00  00  00  00  00  00  00  00  00  00  11  11  11  11  11  11  00  00  ...


BIN ALLOCATION OF DISTANCES:
3 6 1 1 6 4 
4 1 5 5 6 6 
4 6 1 3 3 5 
2 2 2 1 3 5 
2 5 3 4 2 3 
6 4 4 5 1 2 


BINS USED:
1 3 1 2 1 4 3 1 2 3 2 2 4 4 5 3 4 5 4 5 5 2 6 6 5 6 6 1 6 5 4 6 3 2 1 0 


TRANSITION SEQUENCE:
0 0.178571 0 -1 0 -1 -1 -1 -1 0.380952 0 -1 -1 -1 0.571429 0.202381 -1 0.428571 -1 0.607143 -1 -1 -1 0.77381 -1 1 -1 -1 -1 0.392857 -1 -1 0.22619 0 -1 0 


CORRELATION COEFFICIENT:          0.453032
DETECTION POWER:                  0.52518

