
Cycle found:
------------
420011044122131514345405025355230332
------------
Valid sequence 


NORMALIZED NEURAL MODEL:
-1.000000 -1.000000 -1.000000 -1.000000 -1.000000 -1.000000 
-1.000000 0.000000 0.392857 0.571429 0.773810 1.000000 
-1.000000 -1.000000 0.000000 0.178571 0.380952 0.607143 
-1.000000 -1.000000 -1.000000 0.000000 0.202381 0.428571 
-1.000000 -1.000000 -1.000000 -1.000000 0.000000 0.226190 
-1.000000 -1.000000 -1.000000 -1.000000 -1.000000 0.000000 

NORMALIZED GUIDE FUNCTION:
0 0.0338273 0.0701128 0.108624 0.149114 0.191323 0.234982 0.279809 0.325519 0.371818 0.41841 0.464995 0.511277 0.556959 0.601747 0.645356 0.687506 0.727928 0.766362 0.802563 0.836299 0.867354 0.895529 0.920645 0.942541 0.961076 0.976133 0.987616 0.99545 0.999587 1 0.996687 0.989669 0.978992 0.964724 0.946957 


BIN SEQUENCE:
1 1 1 1 1 1 2 2 2 2 2 2 3 3 3 3 3 3 4 4 4 4 4 4 5 5 5 6 6 6 6 6 6 5 5 5 


SEQUENCE OF PREFERRED BINS:
11  11  11  11  11  11  22  22  22  22  22  22  33  33  33  33  33  33  44  44  44  44  44  44  55  55  55  66  66  66  ...
22  22  22  22  22  22  31  31  31  31  31  31  42  42  42  42  42  42  53  53  53  53  53  53  64  64  64  55  55  55  ...
33  33  33  33  33  33  44  44  44  44  44  44  51  51  51  51  51  51  62  62  62  62  62  62  33  33  33  44  44  44  ...
44  44  44  44  44  44  55  55  55  55  55  55  66  66  66  66  66  66  11  11  11  11  11  11  22  22  22  33  33  33  ...
55  55  55  55  55  55  66  66  66  66  66  66  00  00  00  00  00  00  00  00  00  00  00  00  11  11  11  22  22  22  ...
66  66  66  66  66  66  00  00  00  00  00  00  00  00  00  00  00  00  00  00  00  00  00  00  00  00  00  11  11  11  ...


BIN ALLOCATION OF DISTANCES:
1 3 5 5 4 4 
3 2 6 6 6 6 
1 1 2 3 5 6 
5 3 1 2 4 6 
4 2 1 3 2 4 
5 3 1 5 4 2 


BINS USED:
1 1 1 3 2 3 4 2 2 6 2 1 6 3 6 3 6 3 4 4 4 4 4 5 5 6 5 6 2 1 3 5 5 2 1 0 


TRANSITION SEQUENCE:
-1 -1 -1 -1 0 -1 -1 0 -1 0.392857 0 -1 0.571429 -1 1 -1 0.77381 -1 0.202381 0.22619 -1 -1 -1 -1 -1 0.607143 -1 0.428571 0 -1 0.178571 -1 -1 0 -1 0 


CORRELATION COEFFICIENT:          0.0160723
DETECTION POWER:                  0.441413

