
Cycle found:
------------
212520040141310245344322330351155054
------------
Valid sequence 


NORMALIZED NEURAL MODEL:
-1.000000 -1.000000 -1.000000 -1.000000 -1.000000 -1.000000 
-1.000000 0.000000 0.392857 0.571429 0.773810 1.000000 
-1.000000 -1.000000 0.000000 0.178571 0.380952 0.607143 
-1.000000 -1.000000 -1.000000 0.000000 0.202381 0.428571 
-1.000000 -1.000000 -1.000000 -1.000000 0.000000 0.226190 
-1.000000 -1.000000 -1.000000 -1.000000 -1.000000 0.000000 

NORMALIZED GUIDE FUNCTION:
0.922595 0.948096 0.968557 0.983951 0.994287 0.999611 1 0.995569 0.986461 0.972852 0.954947 0.932973 0.907187 0.877864 0.845299 0.809804 0.771707 0.731344 0.689062 0.645213 0.600152 0.554236 0.507816 0.461242 0.414853 0.368981 0.323944 0.280045 0.237571 0.19679 0.157952 0.121283 0.0869859 0.055241 0.0262028 0 


BIN SEQUENCE:
5 5 5 6 6 6 6 6 6 5 5 5 4 4 4 4 4 4 3 3 3 3 3 3 2 2 2 2 2 2 1 1 1 1 1 1 


SEQUENCE OF PREFERRED BINS:
55  55  55  66  66  66  66  66  66  55  55  55  44  44  44  44  44  44  33  33  33  33  33  33  22  22  22  22  22  22  ...
64  64  64  55  55  55  55  55  55  64  64  64  53  53  53  53  53  53  42  42  42  42  42  42  31  31  31  31  31  31  ...
33  33  33  44  44  44  44  44  44  33  33  33  62  62  62  62  62  62  51  51  51  51  51  51  44  44  44  44  44  44  ...
22  22  22  33  33  33  33  33  33  22  22  22  11  11  11  11  11  11  66  66  66  66  66  66  55  55  55  55  55  55  ...
11  11  11  22  22  22  22  22  22  11  11  11  00  00  00  00  00  00  00  00  00  00  00  00  66  66  66  66  66  66  ...
00  00  00  11  11  11  11  11  11  00  00  00  00  00  00  00  00  00  00  00  00  00  00  00  00  00  00  00  00  00  ...


BIN ALLOCATION OF DISTANCES:
5 4 3 2 4 1 
3 1 5 6 6 6 
3 5 1 2 3 6 
4 4 4 1 3 6 
5 5 4 1 2 3 
2 2 6 5 1 2 


BINS USED:
5 5 6 6 3 5 4 5 4 6 5 6 4 3 3 3 3 5 3 2 1 4 1 2 1 4 2 6 2 1 6 2 2 1 1 0 


TRANSITION SEQUENCE:
-1 0.392857 0.607143 -1 -1 -1 -1 -1 -1 0.77381 -1 0.571429 -1 -1 -1 0.380952 0.22619 -1 0.202381 0 -1 -1 0 0.178571 0 -1 -1 0.428571 -1 0 1 0 -1 -1 -1 0 


CORRELATION COEFFICIENT:          0.233819
DETECTION POWER:                  0.303347

