
Cycle found:
------------
254153524005012030455134331144223210
------------
Valid sequence 


NORMALIZED NEURAL MODEL:
-1.000000 -1.000000 -1.000000 -1.000000 -1.000000 -1.000000 
-1.000000 0.000000 0.392857 0.571429 0.773810 1.000000 
-1.000000 -1.000000 0.000000 0.178571 0.380952 0.607143 
-1.000000 -1.000000 -1.000000 0.000000 0.202381 0.428571 
-1.000000 -1.000000 -1.000000 -1.000000 0.000000 0.226190 
-1.000000 -1.000000 -1.000000 -1.000000 -1.000000 0.000000 

NORMALIZED GUIDE FUNCTION:
1 0.966511 0.930526 0.892287 0.852049 0.810077 0.766649 0.722048 0.676566 0.630498 0.584141 0.537795 0.491756 0.446317 0.401769 0.358391 0.316457 0.27623 0.237959 0.201882 0.16822 0.137179 0.108944 0.0836861 0.0615524 0.0426712 0.0271491 0.0150703 0.00649698 0.00146813 0 0.00208588 0.00769625 0.0167791 0.0292603 0.0450444 


BIN SEQUENCE:
6 6 6 6 6 6 5 5 5 5 5 5 4 4 4 4 4 4 3 3 3 3 3 3 2 2 2 1 1 1 1 1 1 2 2 2 


SEQUENCE OF PREFERRED BINS:
66  66  66  66  66  66  55  55  55  55  55  55  44  44  44  44  44  44  33  33  33  33  33  33  22  22  22  11  11  11  ...
55  55  55  55  55  55  64  64  64  64  64  64  53  53  53  53  53  53  42  42  42  42  42  42  31  31  31  22  22  22  ...
44  44  44  44  44  44  33  33  33  33  33  33  62  62  62  62  62  62  51  51  51  51  51  51  44  44  44  33  33  33  ...
33  33  33  33  33  33  22  22  22  22  22  22  11  11  11  11  11  11  66  66  66  66  66  66  55  55  55  44  44  44  ...
22  22  22  22  22  22  11  11  11  11  11  11  00  00  00  00  00  00  00  00  00  00  00  00  66  66  66  55  55  55  ...
11  11  11  11  11  11  00  00  00  00  00  00  00  00  00  00  00  00  00  00  00  00  00  00  00  00  00  66  66  66  ...


BIN ALLOCATION OF DISTANCES:
6 3 5 3 2 6 
2 1 4 5 6 6 
3 3 1 2 4 5 
3 1 1 1 2 4 
5 6 5 4 1 4 
3 2 4 5 6 2 


BINS USED:
5 6 6 6 5 4 4 4 5 6 6 3 3 4 3 3 3 2 4 2 2 5 2 4 1 1 1 6 1 5 1 2 1 3 2 0 


TRANSITION SEQUENCE:
0.607143 -1 -1 1 -1 0.428571 -1 0.380952 -1 -1 -1 -1 -1 0.392857 -1 -1 -1 -1 0.22619 0 -1 0.571429 0.202381 -1 0 -1 0 0.77381 0 -1 0 0.178571 -1 -1 -1 0 


CORRELATION COEFFICIENT:          0.431736
DETECTION POWER:                  0.270782

