
Cycle found:
------------
102153135003412014245523305440432251
------------
Valid sequence 


NORMALIZED NEURAL MODEL:
-1.000000 -1.000000 -1.000000 -1.000000 -1.000000 -1.000000 
-1.000000 0.000000 0.392857 0.571429 0.773810 1.000000 
-1.000000 -1.000000 0.000000 0.178571 0.380952 0.607143 
-1.000000 -1.000000 -1.000000 0.000000 0.202381 0.428571 
-1.000000 -1.000000 -1.000000 -1.000000 0.000000 0.226190 
-1.000000 -1.000000 -1.000000 -1.000000 -1.000000 0.000000 

NORMALIZED GUIDE FUNCTION:
0.959966 0.975025 0.986623 0.994684 0.999153 1 0.997216 0.990816 0.980839 0.967346 0.950421 0.930169 0.906718 0.880216 0.85083 0.818747 0.78417 0.747319 0.708428 0.667746 0.62553 0.582051 0.537587 0.492421 0.446842 0.401142 0.355615 0.310551 0.266239 0.222965 0.181007 0.140633 0.102104 0.0656677 0.0315598 0 


BIN SEQUENCE:
5 5 6 6 6 6 6 6 5 5 5 5 4 4 4 4 4 4 3 3 3 3 3 3 2 2 2 2 2 2 1 1 1 1 1 1 


SEQUENCE OF PREFERRED BINS:
55  55  66  66  66  66  66  66  55  55  55  55  44  44  44  44  44  44  33  33  33  33  33  33  22  22  22  22  22  22  ...
64  64  55  55  55  55  55  55  64  64  64  64  53  53  53  53  53  53  42  42  42  42  42  42  31  31  31  31  31  31  ...
33  33  44  44  44  44  44  44  33  33  33  33  62  62  62  62  62  62  51  51  51  51  51  51  44  44  44  44  44  44  ...
22  22  33  33  33  33  33  33  22  22  22  22  11  11  11  11  11  11  66  66  66  66  66  66  55  55  55  55  55  55  ...
11  11  22  22  22  22  22  22  11  11  11  11  00  00  00  00  00  00  00  00  00  00  00  00  66  66  66  66  66  66  ...
00  00  11  11  11  11  11  11  00  00  00  00  00  00  00  00  00  00  00  00  00  00  00  00  00  00  00  00  00  00  ...


BIN ALLOCATION OF DISTANCES:
6 3 4 3 1 1 
5 1 4 5 5 6 
3 5 2 2 3 5 
2 4 1 2 3 4 
6 4 4 6 2 3 
5 6 1 6 1 2 


BINS USED:
5 4 5 6 6 4 5 4 5 6 3 3 4 4 3 3 5 4 3 3 2 1 2 2 2 1 1 2 6 1 6 1 2 5 6 0 


TRANSITION SEQUENCE:
-1 -1 -1 1 -1 -1 0.571429 0.428571 -1 -1 -1 0.202381 -1 0.392857 -1 -1 0.77381 -1 0.380952 0.22619 0 -1 0.178571 0 -1 -1 -1 0 -1 -1 -1 -1 0 0.607143 -1 0 


CORRELATION COEFFICIENT:          0.335667
DETECTION POWER:                  0.342445

