
Cycle found:
------------
032045125215350140241311055434422330
------------
Valid sequence 


NORMALIZED NEURAL MODEL:
-1.000000 -1.000000 -1.000000 -1.000000 -1.000000 -1.000000 
-1.000000 0.000000 0.392857 0.571429 0.773810 1.000000 
-1.000000 -1.000000 0.000000 0.178571 0.380952 0.607143 
-1.000000 -1.000000 -1.000000 0.000000 0.202381 0.428571 
-1.000000 -1.000000 -1.000000 -1.000000 0.000000 0.226190 
-1.000000 -1.000000 -1.000000 -1.000000 -1.000000 0.000000 

NORMALIZED GUIDE FUNCTION:
0.588397 0.645922 0.70012 0.750654 0.797211 0.839506 0.87728 0.910305 0.938384 0.961352 0.979078 0.991464 0.998448 1 0.996128 0.986873 0.972312 0.952552 0.927738 0.898044 0.863675 0.824865 0.781877 0.735 0.684545 0.630847 0.574259 0.515154 0.453918 0.39095 0.326657 0.261458 0.19577 0.130018 0.0646221 0 


BIN SEQUENCE:
2 3 3 3 4 4 4 5 5 5 6 6 6 6 6 6 5 5 5 4 4 4 3 3 3 2 2 2 2 2 1 1 1 1 1 1 


SEQUENCE OF PREFERRED BINS:
22  33  33  33  44  44  44  55  55  55  66  66  66  66  66  66  55  55  55  44  44  44  33  33  33  22  22  22  22  22  ...
31  42  42  42  53  53  53  64  64  64  55  55  55  55  55  55  64  64  64  53  53  53  42  42  42  31  31  31  31  31  ...
44  51  51  51  62  62  62  33  33  33  44  44  44  44  44  44  33  33  33  62  62  62  51  51  51  44  44  44  44  44  ...
55  66  66  66  11  11  11  22  22  22  33  33  33  33  33  33  22  22  22  11  11  11  66  66  66  55  55  55  55  55  ...
66  00  00  00  00  00  00  11  11  11  22  22  22  22  22  22  11  11  11  00  00  00  00  00  00  66  66  66  66  66  ...
00  00  00  00  00  00  00  00  00  00  11  11  11  11  11  11  00  00  00  00  00  00  00  00  00  00  00  00  00  00  ...


BIN ALLOCATION OF DISTANCES:
6 6 5 1 4 4 
3 1 4 4 5 5 
3 6 1 2 3 5 
1 2 3 1 2 4 
5 2 6 2 1 3 
6 4 5 6 3 2 


BINS USED:
1 3 3 4 3 4 4 5 5 6 5 6 4 6 6 5 5 5 3 2 4 2 1 3 4 2 3 2 2 1 6 1 2 1 1 0 


TRANSITION SEQUENCE:
-1 -1 -1 -1 0.22619 -1 0.392857 0.607143 -1 -1 1 -1 0.428571 -1 -1 0.77381 -1 -1 0.380952 -1 0.571429 -1 0 -1 -1 0 -1 -1 0.202381 0 -1 0 0.178571 0 -1 0 


CORRELATION COEFFICIENT:          0.559293
DETECTION POWER:                  0.497326

