
Cycle found:
------------
350251045414340313244211220155233005
------------
Valid sequence 


NORMALIZED NEURAL MODEL:
-1.000000 -1.000000 -1.000000 -1.000000 -1.000000 -1.000000 
-1.000000 0.000000 0.392857 0.571429 0.773810 1.000000 
-1.000000 -1.000000 0.000000 0.178571 0.380952 0.607143 
-1.000000 -1.000000 -1.000000 0.000000 0.202381 0.428571 
-1.000000 -1.000000 -1.000000 -1.000000 0.000000 0.226190 
-1.000000 -1.000000 -1.000000 -1.000000 -1.000000 0.000000 

NORMALIZED GUIDE FUNCTION:
1 0.956995 0.911941 0.865127 0.816855 0.767434 0.717183 0.666423 0.615481 0.564682 0.514352 0.464812 0.416379 0.369362 0.324061 0.280765 0.239748 0.201271 0.165579 0.132898 0.103434 0.0773738 0.0548802 0.0360946 0.0211339 0.0100907 0.00303212 0 0.00101017 0.00605264 0.0150916 0.0280656 0.0448881 0.0654482 0.0896108 0.117218 


BIN SEQUENCE:
6 6 6 6 6 6 5 5 5 5 5 5 4 4 4 4 4 4 3 3 3 3 2 2 2 1 1 1 1 1 1 2 2 2 3 3 


SEQUENCE OF PREFERRED BINS:
66  66  66  66  66  66  55  55  55  55  55  55  44  44  44  44  44  44  33  33  33  33  22  22  22  11  11  11  11  11  ...
55  55  55  55  55  55  64  64  64  64  64  64  53  53  53  53  53  53  42  42  42  42  31  31  31  22  22  22  22  22  ...
44  44  44  44  44  44  33  33  33  33  33  33  62  62  62  62  62  62  51  51  51  51  44  44  44  33  33  33  33  33  ...
33  33  33  33  33  33  22  22  22  22  22  22  11  11  11  11  11  11  66  66  66  66  55  55  55  44  44  44  44  44  ...
22  22  22  22  22  22  11  11  11  11  11  11  00  00  00  00  00  00  00  00  00  00  66  66  66  55  55  55  55  55  ...
11  11  11  11  11  11  00  00  00  00  00  00  00  00  00  00  00  00  00  00  00  00  00  00  00  66  66  66  66  66  ...


BIN ALLOCATION OF DISTANCES:
2 1 3 3 3 2 
6 1 5 5 5 6 
1 2 1 4 4 5 
1 4 2 1 4 5 
4 6 2 6 2 4 
6 5 3 6 3 3 


BINS USED:
5 6 3 5 5 6 3 4 3 6 5 6 4 4 3 4 5 2 4 2 2 2 1 5 1 1 1 6 3 3 4 1 1 2 2 0 


TRANSITION SEQUENCE:
0.428571 -1 -1 0.607143 -1 -1 -1 0.22619 -1 -1 0.77381 -1 0.202381 -1 -1 -1 0.571429 -1 0.380952 0 -1 -1 0 0.392857 0 -1 -1 1 0 -1 0.178571 0 -1 -1 -1 0 


CORRELATION COEFFICIENT:          0.224043
DETECTION POWER:                  0.20639

