
Cycle found:
------------
221132330504434552401254153100203514
------------
Valid sequence 


NORMALIZED NEURAL MODEL:
-1.000000 -1.000000 -1.000000 -1.000000 -1.000000 -1.000000 
-1.000000 0.000000 0.392857 0.571429 0.773810 1.000000 
-1.000000 -1.000000 0.000000 0.178571 0.380952 0.607143 
-1.000000 -1.000000 -1.000000 0.000000 0.202381 0.428571 
-1.000000 -1.000000 -1.000000 -1.000000 0.000000 0.226190 
-1.000000 -1.000000 -1.000000 -1.000000 -1.000000 0.000000 

NORMALIZED GUIDE FUNCTION:
0 0.0241621 0.0510744 0.0805769 0.112492 0.146627 0.182771 0.220702 0.260184 0.300971 0.342804 0.385421 0.428551 0.471917 0.515242 0.558246 0.600652 0.642182 0.682565 0.721535 0.758836 0.794218 0.827446 0.858294 0.886553 0.912029 0.934545 0.953942 0.970081 0.982843 0.99213 0.997867 1 0.998499 0.993358 0.984592 


BIN SEQUENCE:
1 1 1 1 1 1 2 2 2 2 2 2 3 3 3 3 3 3 4 4 4 4 4 4 5 5 5 5 5 5 6 6 6 6 6 6 


SEQUENCE OF PREFERRED BINS:
11  11  11  11  11  11  22  22  22  22  22  22  33  33  33  33  33  33  44  44  44  44  44  44  55  55  55  55  55  55  ...
22  22  22  22  22  22  31  31  31  31  31  31  42  42  42  42  42  42  53  53  53  53  53  53  64  64  64  64  64  64  ...
33  33  33  33  33  33  44  44  44  44  44  44  51  51  51  51  51  51  62  62  62  62  62  62  33  33  33  33  33  33  ...
44  44  44  44  44  44  55  55  55  55  55  55  66  66  66  66  66  66  11  11  11  11  11  11  22  22  22  22  22  22  ...
55  55  55  55  55  55  66  66  66  66  66  66  00  00  00  00  00  00  00  00  00  00  00  00  11  11  11  11  11  11  ...
66  66  66  66  66  66  00  00  00  00  00  00  00  00  00  00  00  00  00  00  00  00  00  00  00  00  00  00  00  00  ...


BIN ALLOCATION OF DISTANCES:
5 4 1 4 3 3 
6 1 5 5 6 6 
6 2 1 3 5 6 
4 5 1 2 4 5 
1 1 6 3 2 4 
2 2 3 2 4 3 


BINS USED:
1 2 1 5 1 3 2 4 3 2 3 2 3 4 4 3 3 5 1 4 5 6 4 1 6 2 5 6 5 1 6 4 5 2 6 0 


TRANSITION SEQUENCE:
0 -1 0 0.571429 -1 0.178571 0 -1 -1 -1 -1 0 -1 0.202381 0.22619 0 -1 0.380952 -1 -1 0.392857 0.607143 -1 -1 1 -1 -1 -1 -1 -1 -1 -1 0.428571 -1 0.77381 0 


CORRELATION COEFFICIENT:          0.35015
DETECTION POWER:                  0.326184

