
Cycle found:
------------
514254135031244305340100223321155204
------------
Valid sequence 


NORMALIZED NEURAL MODEL:
-1.000000 -1.000000 -1.000000 -1.000000 -1.000000 -1.000000 
-1.000000 0.000000 0.392857 0.571429 0.773810 1.000000 
-1.000000 -1.000000 0.000000 0.178571 0.380952 0.607143 
-1.000000 -1.000000 -1.000000 0.000000 0.202381 0.428571 
-1.000000 -1.000000 -1.000000 -1.000000 0.000000 0.226190 
-1.000000 -1.000000 -1.000000 -1.000000 -1.000000 0.000000 

NORMALIZED GUIDE FUNCTION:
1 0.964621 0.926854 0.886929 0.845092 0.801603 0.756733 0.710765 0.663988 0.616701 0.569205 0.521806 0.47481 0.428522 0.383245 0.339275 0.296903 0.256411 0.218069 0.182136 0.148856 0.118457 0.0911501 0.0671267 0.0465587 0.0295964 0.0163673 0.00697575 0.00150163 0 0.00250051 0.00900712 0.0194979 0.0339252 0.0522156 0.0742704 


BIN SEQUENCE:
6 6 6 6 6 6 5 5 5 5 5 5 4 4 4 4 4 4 3 3 3 3 3 2 2 2 1 1 1 1 1 1 2 2 2 3 


SEQUENCE OF PREFERRED BINS:
66  66  66  66  66  66  55  55  55  55  55  55  44  44  44  44  44  44  33  33  33  33  33  22  22  22  11  11  11  11  ...
55  55  55  55  55  55  64  64  64  64  64  64  53  53  53  53  53  53  42  42  42  42  42  31  31  31  22  22  22  22  ...
44  44  44  44  44  44  33  33  33  33  33  33  62  62  62  62  62  62  51  51  51  51  51  44  44  44  33  33  33  33  ...
33  33  33  33  33  33  22  22  22  22  22  22  11  11  11  11  11  11  66  66  66  66  66  55  55  55  44  44  44  44  ...
22  22  22  22  22  22  11  11  11  11  11  11  00  00  00  00  00  00  00  00  00  00  00  66  66  66  55  55  55  55  ...
11  11  11  11  11  11  00  00  00  00  00  00  00  00  00  00  00  00  00  00  00  00  00  00  00  00  66  66  66  66  ...


BIN ALLOCATION OF DISTANCES:
6 1 6 5 2 4 
1 1 4 5 6 6 
2 3 1 3 4 5 
3 4 2 2 3 5 
1 3 6 1 2 4 
5 6 3 4 5 2 


BINS USED:
6 6 6 5 5 3 5 5 5 5 4 4 4 2 1 3 4 4 3 1 1 1 6 6 1 3 2 2 3 1 6 2 3 2 2 0 


TRANSITION SEQUENCE:
-1 0.77381 -1 0.607143 -1 -1 0.571429 0.428571 -1 -1 -1 0.392857 0.380952 0 -1 -1 -1 -1 0.202381 -1 -1 -1 -1 -1 0 0.178571 0 -1 -1 0 1 0 -1 -1 -1 0 


CORRELATION COEFFICIENT:          0.371695
DETECTION POWER:                  0.272233

