
Cycle found:
------------
540015124213550434105311445220332302
------------
Valid sequence 


NORMALIZED NEURAL MODEL:
-1.000000 -1.000000 -1.000000 -1.000000 -1.000000 -1.000000 
-1.000000 0.000000 0.392857 0.571429 0.773810 1.000000 
-1.000000 -1.000000 0.000000 0.178571 0.380952 0.607143 
-1.000000 -1.000000 -1.000000 0.000000 0.202381 0.428571 
-1.000000 -1.000000 -1.000000 -1.000000 0.000000 0.226190 
-1.000000 -1.000000 -1.000000 -1.000000 -1.000000 0.000000 

NORMALIZED GUIDE FUNCTION:
1 0.95216 0.902519 0.851391 0.799105 0.745993 0.692397 0.638658 0.585121 0.53213 0.480023 0.429137 0.379797 0.332321 0.287014 0.244168 0.20406 0.166948 0.133073 0.102654 0.0758877 0.0529488 0.0339869 0.0191264 0.00846547 0.00207533 0 0.00225587 0.00883157 0.019688 0.0347588 0.0539502 0.0771423 0.104189 0.134921 0.169142 


BIN SEQUENCE:
6 6 6 6 6 6 5 5 5 5 5 5 4 4 4 4 4 3 3 3 2 2 2 1 1 1 1 1 1 2 2 2 3 3 3 4 


SEQUENCE OF PREFERRED BINS:
66  66  66  66  66  66  55  55  55  55  55  55  44  44  44  44  44  33  33  33  22  22  22  11  11  11  11  11  11  22  ...
55  55  55  55  55  55  64  64  64  64  64  64  53  53  53  53  53  42  42  42  31  31  31  22  22  22  22  22  22  31  ...
44  44  44  44  44  44  33  33  33  33  33  33  62  62  62  62  62  51  51  51  44  44  44  33  33  33  33  33  33  44  ...
33  33  33  33  33  33  22  22  22  22  22  22  11  11  11  11  11  66  66  66  55  55  55  44  44  44  44  44  44  55  ...
22  22  22  22  22  22  11  11  11  11  11  11  00  00  00  00  00  00  00  00  66  66  66  55  55  55  55  55  55  66  ...
11  11  11  11  11  11  00  00  00  00  00  00  00  00  00  00  00  00  00  00  00  00  00  66  66  66  66  66  66  00  ...


BIN ALLOCATION OF DISTANCES:
6 5 1 2 4 4 
2 1 5 5 6 6 
2 4 1 3 5 6 
5 2 1 1 3 5 
6 3 4 4 2 3 
3 4 1 2 6 3 


BINS USED:
6 6 6 5 6 4 5 5 4 4 5 5 3 3 4 4 3 3 2 4 2 2 1 6 2 3 1 1 2 2 1 1 3 5 1 0 


TRANSITION SEQUENCE:
-1 -1 -1 -1 1 -1 0.392857 0.380952 -1 -1 0.571429 0.428571 0 -1 -1 -1 0.202381 -1 -1 -1 -1 -1 0 0.77381 0 0.22619 -1 0 -1 -1 0 -1 0.178571 -1 -1 0 


CORRELATION COEFFICIENT:          0.332279
DETECTION POWER:                  0.3017

