
Cycle found:
------------
304124351545502534010523211314422003
------------
Valid sequence 


NORMALIZED NEURAL MODEL:
-1.000000 -1.000000 -1.000000 -1.000000 -1.000000 -1.000000 
-1.000000 0.000000 0.392857 0.571429 0.773810 1.000000 
-1.000000 -1.000000 0.000000 0.178571 0.380952 0.607143 
-1.000000 -1.000000 -1.000000 0.000000 0.202381 0.428571 
-1.000000 -1.000000 -1.000000 -1.000000 0.000000 0.226190 
-1.000000 -1.000000 -1.000000 -1.000000 -1.000000 0.000000 

NORMALIZED GUIDE FUNCTION:
0.771767 0.811661 0.848294 0.881425 0.910836 0.93633 0.957737 0.974912 0.987736 0.996119 1 0.999345 0.994149 0.984437 0.970264 0.951712 0.928892 0.901942 0.871027 0.836339 0.798093 0.756527 0.711902 0.6645 0.614617 0.562571 0.508691 0.453318 0.396806 0.339515 0.28181 0.224062 0.16664 0.109913 0.054247 0 


BIN SEQUENCE:
3 3 4 4 4 5 5 5 6 6 6 6 6 6 5 5 5 4 4 4 3 3 3 3 2 2 2 2 2 2 1 1 1 1 1 1 


SEQUENCE OF PREFERRED BINS:
33  33  44  44  44  55  55  55  66  66  66  66  66  66  55  55  55  44  44  44  33  33  33  33  22  22  22  22  22  22  ...
42  42  53  53  53  64  64  64  55  55  55  55  55  55  64  64  64  53  53  53  42  42  42  42  31  31  31  31  31  31  ...
51  51  62  62  62  33  33  33  44  44  44  44  44  44  33  33  33  62  62  62  51  51  51  51  44  44  44  44  44  44  ...
66  66  11  11  11  22  22  22  33  33  33  33  33  33  22  22  22  11  11  11  66  66  66  66  55  55  55  55  55  55  ...
00  00  00  00  00  11  11  11  22  22  22  22  22  22  11  11  11  00  00  00  00  00  00  00  66  66  66  66  66  66  ...
00  00  00  00  00  00  00  00  11  11  11  11  11  11  00  00  00  00  00  00  00  00  00  00  00  00  00  00  00  00  ...


BIN ALLOCATION OF DISTANCES:
5 4 6 4 3 2 
3 1 5 5 6 6 
6 2 1 3 5 5 
2 1 2 1 4 5 
3 4 1 6 2 4 
3 4 1 2 6 3 


BINS USED:
2 3 4 5 5 6 5 4 6 6 4 3 3 6 5 2 4 3 4 3 2 1 3 2 2 1 5 1 6 2 1 1 6 5 4 0 


TRANSITION SEQUENCE:
-1 -1 -1 0.392857 0.380952 -1 0.428571 -1 1 -1 0.22619 0 -1 -1 0.607143 -1 0.202381 -1 -1 -1 -1 -1 0.178571 -1 -1 0 0.571429 -1 0.77381 0 -1 0 -1 -1 -1 0 


CORRELATION COEFFICIENT:          0.240911
DETECTION POWER:                  0.213617

