
Cycle found:
------------
554432004525350514130124234022110331
------------
Valid sequence 


NORMALIZED NEURAL MODEL:
-1.000000 -1.000000 -1.000000 -1.000000 -1.000000 -1.000000 
-1.000000 0.000000 0.392857 0.571429 0.773810 1.000000 
-1.000000 -1.000000 0.000000 0.178571 0.380952 0.607143 
-1.000000 -1.000000 -1.000000 0.000000 0.202381 0.428571 
-1.000000 -1.000000 -1.000000 -1.000000 0.000000 0.226190 
-1.000000 -1.000000 -1.000000 -1.000000 -1.000000 0.000000 

NORMALIZED GUIDE FUNCTION:
0.468928 0.533624 0.595534 0.654258 0.709416 0.76065 0.807628 0.850044 0.88762 0.920112 0.947303 0.969015 0.985102 0.995455 1 0.998703 0.991564 0.978624 0.959959 0.935682 0.905942 0.870924 0.830847 0.785961 0.736549 0.682923 0.625422 0.56441 0.500275 0.433423 0.36428 0.293288 0.220898 0.147574 0.0737834 0 


BIN SEQUENCE:
2 2 2 3 3 3 4 4 4 5 5 5 6 6 6 6 6 6 5 5 5 4 4 4 3 3 3 2 2 2 1 1 1 1 1 1 


SEQUENCE OF PREFERRED BINS:
22  22  22  33  33  33  44  44  44  55  55  55  66  66  66  66  66  66  55  55  55  44  44  44  33  33  33  22  22  22  ...
31  31  31  42  42  42  53  53  53  64  64  64  55  55  55  55  55  55  64  64  64  53  53  53  42  42  42  31  31  31  ...
44  44  44  51  51  51  62  62  62  33  33  33  44  44  44  44  44  44  33  33  33  62  62  62  51  51  51  44  44  44  ...
55  55  55  66  66  66  11  11  11  22  22  22  33  33  33  33  33  33  22  22  22  11  11  11  66  66  66  55  55  55  ...
66  66  66  00  00  00  00  00  00  11  11  11  22  22  22  22  22  22  11  11  11  00  00  00  00  00  00  66  66  66  ...
00  00  00  00  00  00  00  00  00  00  00  00  11  11  11  11  11  11  00  00  00  00  00  00  00  00  00  00  00  00  ...


BIN ALLOCATION OF DISTANCES:
4 6 2 3 3 6 
3 1 5 5 6 6 
4 1 1 2 4 5 
3 1 3 1 2 5 
2 5 4 3 2 4 
6 6 5 4 1 2 


BINS USED:
2 1 2 3 3 4 4 3 4 5 5 4 5 6 6 6 6 5 5 3 6 5 4 4 2 2 2 2 1 1 1 3 3 1 1 0 


TRANSITION SEQUENCE:
0 -1 0 -1 -1 -1 -1 -1 0.22619 -1 0.607143 -1 0.428571 -1 -1 -1 0.77381 -1 0.571429 -1 -1 0.392857 0.380952 -1 0.178571 0.202381 -1 -1 0 -1 0 -1 -1 0 -1 0 


CORRELATION COEFFICIENT:          0.564436
DETECTION POWER:                  0.533202

