
Cycle found:
------------
410250155403051245234220043113353214
------------
Valid sequence 


NORMALIZED NEURAL MODEL:
-1.000000 -1.000000 -1.000000 -1.000000 -1.000000 -1.000000 
-1.000000 0.000000 0.392857 0.571429 0.773810 1.000000 
-1.000000 -1.000000 0.000000 0.178571 0.380952 0.607143 
-1.000000 -1.000000 -1.000000 0.000000 0.202381 0.428571 
-1.000000 -1.000000 -1.000000 -1.000000 0.000000 0.226190 
-1.000000 -1.000000 -1.000000 -1.000000 -1.000000 0.000000 

NORMALIZED GUIDE FUNCTION:
1 0.96351 0.924673 0.883736 0.840962 0.796624 0.751007 0.704402 0.657108 0.609428 0.561667 0.514131 0.467125 0.420949 0.375899 0.332265 0.290324 0.250347 0.212589 0.177293 0.144684 0.114971 0.0883452 0.0649771 0.0450164 0.0285912 0.0158069 0.00674542 0.00146513 0 0.00235962 0.00852906 0.018469 0.032116 0.0493828 0.070159 


BIN SEQUENCE:
6 6 6 6 6 6 5 5 5 5 5 5 4 4 4 4 4 4 3 3 3 3 3 2 2 2 1 1 1 1 1 1 2 2 2 3 


SEQUENCE OF PREFERRED BINS:
66  66  66  66  66  66  55  55  55  55  55  55  44  44  44  44  44  44  33  33  33  33  33  22  22  22  11  11  11  11  ...
55  55  55  55  55  55  64  64  64  64  64  64  53  53  53  53  53  53  42  42  42  42  42  31  31  31  22  22  22  22  ...
44  44  44  44  44  44  33  33  33  33  33  33  62  62  62  62  62  62  51  51  51  51  51  44  44  44  33  33  33  33  ...
33  33  33  33  33  33  22  22  22  22  22  22  11  11  11  11  11  11  66  66  66  66  66  55  55  55  44  44  44  44  ...
22  22  22  22  22  22  11  11  11  11  11  11  00  00  00  00  00  00  00  00  00  00  00  66  66  66  55  55  55  55  ...
11  11  11  11  11  11  00  00  00  00  00  00  00  00  00  00  00  00  00  00  00  00  00  00  00  00  66  66  66  66  ...


BIN ALLOCATION OF DISTANCES:
1 6 6 4 6 2 
6 1 4 5 5 5 
5 1 2 3 4 5 
5 1 6 2 3 4 
4 6 2 1 2 3 
4 3 2 1 3 3 


BINS USED:
6 6 6 5 4 6 5 3 3 4 4 5 2 3 4 4 3 2 3 3 2 2 5 1 6 1 1 1 5 2 4 1 6 1 5 0 


TRANSITION SEQUENCE:
-1 -1 -1 0.607143 -1 -1 1 0 -1 -1 -1 -1 -1 -1 0.392857 0.380952 0.22619 -1 0.178571 0.202381 -1 0 -1 -1 -1 -1 -1 0 0.571429 0 0.428571 -1 -1 -1 0.77381 0 


CORRELATION COEFFICIENT:          0.203986
DETECTION POWER:                  0.200262

