
Cycle found:
------------
554110443312130345142402501520053223
------------
Valid sequence 


NORMALIZED NEURAL MODEL:
-1.000000 -1.000000 -1.000000 -1.000000 -1.000000 -1.000000 
-1.000000 0.000000 0.392857 0.571429 0.773810 1.000000 
-1.000000 -1.000000 0.000000 0.178571 0.380952 0.607143 
-1.000000 -1.000000 -1.000000 0.000000 0.202381 0.428571 
-1.000000 -1.000000 -1.000000 -1.000000 0.000000 0.226190 
-1.000000 -1.000000 -1.000000 -1.000000 -1.000000 0.000000 

NORMALIZED GUIDE FUNCTION:
0.104828 0.0787167 0.0561174 0.0371739 0.0220067 0.0107119 0.00336095 0 0.000649611 0.00530467 0.0139344 0.0264826 0.042868 0.0629846 0.0867029 0.11387 0.144311 0.177831 0.214213 0.253224 0.294615 0.338118 0.383456 0.430336 0.47846 0.527517 0.577195 0.627174 0.677134 0.726756 0.775722 0.823718 0.870437 0.915581 0.958861 1 


BIN SEQUENCE:
3 3 2 2 2 1 1 1 1 1 1 2 2 2 3 3 3 3 4 4 4 4 4 4 5 5 5 5 5 5 6 6 6 6 6 6 


SEQUENCE OF PREFERRED BINS:
33  33  22  22  22  11  11  11  11  11  11  22  22  22  33  33  33  33  44  44  44  44  44  44  55  55  55  55  55  55  ...
42  42  31  31  31  22  22  22  22  22  22  31  31  31  42  42  42  42  53  53  53  53  53  53  64  64  64  64  64  64  ...
51  51  44  44  44  33  33  33  33  33  33  44  44  44  51  51  51  51  62  62  62  62  62  62  33  33  33  33  33  33  ...
66  66  55  55  55  44  44  44  44  44  44  55  55  55  66  66  66  66  11  11  11  11  11  11  22  22  22  22  22  22  ...
00  00  66  66  66  55  55  55  55  55  55  66  66  66  00  00  00  00  00  00  00  00  00  00  11  11  11  11  11  11  ...
00  00  00  00  00  66  66  66  66  66  66  00  00  00  00  00  00  00  00  00  00  00  00  00  00  00  00  00  00  00  ...


BIN ALLOCATION OF DISTANCES:
1 6 5 4 1 2 
3 1 4 5 6 6 
5 2 1 3 4 5 
2 2 6 1 3 5 
6 2 4 3 3 4 
5 4 6 1 2 3 


BINS USED:
3 2 2 1 3 1 3 3 1 2 4 2 5 2 4 3 4 4 6 4 4 6 5 5 5 6 6 6 5 1 2 1 6 1 3 0 


TRANSITION SEQUENCE:
0 -1 -1 0 -1 -1 0 -1 0 -1 0.392857 -1 0.571429 -1 -1 0.202381 0.22619 -1 0.77381 -1 0.380952 -1 -1 0.607143 -1 -1 1 -1 -1 -1 -1 -1 -1 0 0.178571 0 


CORRELATION COEFFICIENT:          -0.0119009
DETECTION POWER:                  0.432375

