
Cycle found:
------------
203510211344223300453140150525543241
------------
Valid sequence 


NORMALIZED NEURAL MODEL:
-1.000000 -1.000000 -1.000000 -1.000000 -1.000000 -1.000000 
-1.000000 0.000000 0.392857 0.571429 0.773810 1.000000 
-1.000000 -1.000000 0.000000 0.178571 0.380952 0.607143 
-1.000000 -1.000000 -1.000000 0.000000 0.202381 0.428571 
-1.000000 -1.000000 -1.000000 -1.000000 0.000000 0.226190 
-1.000000 -1.000000 -1.000000 -1.000000 -1.000000 0.000000 

NORMALIZED GUIDE FUNCTION:
0.408399 0.352466 0.299602 0.250147 0.20442 0.162714 0.125299 0.0924157 0.0642767 0.0410641 0.0229286 0.0099884 0.00232849 0 0.00301997 0.0113712 0.0250022 0.0438278 0.0677295 0.0965561 0.130125 0.168223 0.210607 0.257009 0.307132 0.360656 0.417241 0.476524 0.538127 0.601657 0.666707 0.732861 0.799696 0.866784 0.933695 1 


BIN SEQUENCE:
5 4 4 4 3 3 3 2 2 2 1 1 1 1 1 1 2 2 2 3 3 3 4 4 4 5 5 5 5 5 6 6 6 6 6 6 


SEQUENCE OF PREFERRED BINS:
55  44  44  44  33  33  33  22  22  22  11  11  11  11  11  11  22  22  22  33  33  33  44  44  44  55  55  55  55  55  ...
64  53  53  53  42  42  42  31  31  31  22  22  22  22  22  22  31  31  31  42  42  42  53  53  53  64  64  64  64  64  ...
33  62  62  62  51  51  51  44  44  44  33  33  33  33  33  33  44  44  44  51  51  51  62  62  62  33  33  33  33  33  ...
22  11  11  11  66  66  66  55  55  55  44  44  44  44  44  44  55  55  55  66  66  66  11  11  11  22  22  22  22  22  ...
11  00  00  00  00  00  00  66  66  66  55  55  55  55  55  55  66  66  66  00  00  00  00  00  00  11  11  11  11  11  ...
00  00  00  00  00  00  00  00  00  00  66  66  66  66  66  66  00  00  00  00  00  00  00  00  00  00  00  00  00  00  ...


BIN ALLOCATION OF DISTANCES:
2 5 2 4 5 6 
4 1 4 4 6 6 
5 3 1 1 3 6 
3 4 5 1 2 4 
3 6 2 5 1 2 
5 3 6 3 2 1 


BINS USED:
5 4 4 3 4 2 3 1 4 2 1 2 1 1 1 3 2 5 2 3 4 6 3 5 6 5 6 6 6 1 2 5 5 3 6 0 


TRANSITION SEQUENCE:
-1 -1 0.428571 -1 -1 -1 -1 0 0.571429 0.202381 0 -1 0 0.178571 0 -1 -1 -1 0.22619 -1 -1 0.77381 -1 -1 1 -1 -1 -1 0.607143 0 -1 -1 -1 0.380952 -1 0 


CORRELATION COEFFICIENT:          0.0454476
DETECTION POWER:                  0.373104

