Unable to find a valid Hamiltonian Circuit.
Elapsed time: 2 seconds. Trying again...

Cycle found:
------------
124042152030251354341144500553322310
------------
Valid sequence 


NORMALIZED NEURAL MODEL:
-1.000000 -1.000000 -1.000000 -1.000000 -1.000000 -1.000000 
-1.000000 0.000000 0.392857 0.571429 0.773810 1.000000 
-1.000000 -1.000000 0.000000 0.178571 0.380952 0.607143 
-1.000000 -1.000000 -1.000000 0.000000 0.202381 0.428571 
-1.000000 -1.000000 -1.000000 -1.000000 0.000000 0.226190 
-1.000000 -1.000000 -1.000000 -1.000000 -1.000000 0.000000 

NORMALIZED GUIDE FUNCTION:
0.854466 0.886112 0.914201 0.938559 0.959035 0.975503 0.987864 0.996045 1 0.99971 0.995183 0.986454 0.973585 0.956666 0.93581 0.911157 0.882869 0.851135 0.816162 0.778179 0.737433 0.69419 0.648731 0.601349 0.55235 0.502052 0.450777 0.398856 0.346622 0.29441 0.242554 0.191386 0.141231 0.0924101 0.0452333 0 


BIN SEQUENCE:
4 4 4 5 5 5 6 6 6 6 6 6 5 5 5 4 4 4 3 3 3 3 3 3 2 2 2 2 2 2 1 1 1 1 1 1 


SEQUENCE OF PREFERRED BINS:
44  44  44  55  55  55  66  66  66  66  66  66  55  55  55  44  44  44  33  33  33  33  33  33  22  22  22  22  22  22  ...
53  53  53  64  64  64  55  55  55  55  55  55  64  64  64  53  53  53  42  42  42  42  42  42  31  31  31  31  31  31  ...
62  62  62  33  33  33  44  44  44  44  44  44  33  33  33  62  62  62  51  51  51  51  51  51  44  44  44  44  44  44  ...
11  11  11  22  22  22  33  33  33  33  33  33  22  22  22  11  11  11  66  66  66  66  66  66  55  55  55  55  55  55  ...
00  00  00  11  11  11  22  22  22  22  22  22  11  11  11  00  00  00  00  00  00  00  00  00  66  66  66  66  66  66  ...
00  00  00  00  00  00  11  11  11  11  11  11  00  00  00  00  00  00  00  00  00  00  00  00  00  00  00  00  00  00  ...


BIN ALLOCATION OF DISTANCES:
2 3 3 3 3 2 
6 1 4 5 6 6 
6 5 1 2 4 5 
6 5 5 1 2 4 
4 3 5 3 1 2 
2 4 6 1 4 1 


BINS USED:
4 4 4 3 5 5 6 6 6 3 6 3 5 4 5 4 4 3 2 3 1 6 1 2 2 2 2 1 1 1 5 1 2 5 6 0 


TRANSITION SEQUENCE:
0.392857 0.380952 -1 -1 -1 -1 1 -1 -1 -1 -1 -1 0.607143 -1 0.571429 0.428571 -1 -1 0.202381 -1 0 0.77381 0 0.22619 -1 -1 -1 0 -1 0 -1 0 0.178571 -1 -1 0 


CORRELATION COEFFICIENT:          0.444414
DETECTION POWER:                  0.356133

