
Cycle found:
------------
354002512043105324552303442211415013
------------
Valid sequence 


NORMALIZED NEURAL MODEL:
-1.000000 -1.000000 -1.000000 -1.000000 -1.000000 -1.000000 
-1.000000 0.000000 0.392857 0.571429 0.773810 1.000000 
-1.000000 -1.000000 0.000000 0.178571 0.380952 0.607143 
-1.000000 -1.000000 -1.000000 0.000000 0.202381 0.428571 
-1.000000 -1.000000 -1.000000 -1.000000 0.000000 0.226190 
-1.000000 -1.000000 -1.000000 -1.000000 -1.000000 0.000000 

NORMALIZED GUIDE FUNCTION:
1 0.9744 0.946056 0.915148 0.881875 0.846448 0.809095 0.770053 0.729572 0.687913 0.64534 0.602127 0.55855 0.514888 0.471421 0.428428 0.386183 0.344958 0.305016 0.266615 0.23 0.195406 0.163055 0.133155 0.105898 0.0814593 0.059996 0.041646 0.0265278 0.0147388 0.00635517 0.00143149 0 0.00207063 0.00763087 0.0166459 


BIN SEQUENCE:
6 6 6 6 6 6 5 5 5 5 5 5 4 4 4 4 4 4 3 3 3 3 3 3 2 2 2 2 2 1 1 1 1 1 1 2 


SEQUENCE OF PREFERRED BINS:
66  66  66  66  66  66  55  55  55  55  55  55  44  44  44  44  44  44  33  33  33  33  33  33  22  22  22  22  22  11  ...
55  55  55  55  55  55  64  64  64  64  64  64  53  53  53  53  53  53  42  42  42  42  42  42  31  31  31  31  31  22  ...
44  44  44  44  44  44  33  33  33  33  33  33  62  62  62  62  62  62  51  51  51  51  51  51  44  44  44  44  44  33  ...
33  33  33  33  33  33  22  22  22  22  22  22  11  11  11  11  11  11  66  66  66  66  66  66  55  55  55  55  55  44  ...
22  22  22  22  22  22  11  11  11  11  11  11  00  00  00  00  00  00  00  00  00  00  00  00  66  66  66  66  66  55  ...
11  11  11  11  11  11  00  00  00  00  00  00  00  00  00  00  00  00  00  00  00  00  00  00  00  00  00  00  00  66  ...


BIN ALLOCATION OF DISTANCES:
5 2 5 3 4 4 
4 1 5 5 6 6 
4 1 1 2 3 6 
3 4 3 1 2 5 
6 1 2 5 2 3 
6 4 1 3 6 2 


BINS USED:
5 6 6 5 5 6 4 5 4 4 5 4 4 4 3 3 3 3 2 1 2 3 3 2 2 2 1 1 1 6 1 6 6 2 5 0 


TRANSITION SEQUENCE:
0.428571 -1 -1 -1 -1 0.607143 -1 0.392857 -1 -1 -1 -1 -1 -1 -1 -1 0.380952 0.22619 0 -1 0.178571 -1 -1 0.202381 0 -1 0 -1 0 0.77381 -1 1 -1 -1 0.571429 0 


CORRELATION COEFFICIENT:          0.0854589
DETECTION POWER:                  0.391574

