
Cycle found:
------------
201535430242345112252133100550441403
------------
Valid sequence 


NORMALIZED NEURAL MODEL:
-1.000000 -1.000000 -1.000000 -1.000000 -1.000000 -1.000000 
-1.000000 0.000000 0.392857 0.571429 0.773810 1.000000 
-1.000000 -1.000000 0.000000 0.178571 0.380952 0.607143 
-1.000000 -1.000000 -1.000000 0.000000 0.202381 0.428571 
-1.000000 -1.000000 -1.000000 -1.000000 0.000000 0.226190 
-1.000000 -1.000000 -1.000000 -1.000000 -1.000000 0.000000 

NORMALIZED GUIDE FUNCTION:
1 0.926633 0.853218 0.780227 0.708126 0.637377 0.568431 0.501728 0.437695 0.376739 0.319249 0.26559 0.216103 0.171102 0.130873 0.0956701 0.0657146 0.0411951 0.0222648 0.00904119 0.00160504 0 0.00423237 0.0142711 0.0300478 0.0514577 0.0783598 0.110578 0.147903 0.190091 0.236869 0.287936 0.34296 0.401586 0.463437 0.528115 


BIN SEQUENCE:
6 6 6 6 6 6 5 5 5 4 4 4 3 3 3 2 2 2 1 1 1 1 1 1 2 2 2 3 3 3 4 4 4 5 5 5 


SEQUENCE OF PREFERRED BINS:
66  66  66  66  66  66  55  55  55  44  44  44  33  33  33  22  22  22  11  11  11  11  11  11  22  22  22  33  33  33  ...
55  55  55  55  55  55  64  64  64  53  53  53  42  42  42  31  31  31  22  22  22  22  22  22  31  31  31  42  42  42  ...
44  44  44  44  44  44  33  33  33  62  62  62  51  51  51  44  44  44  33  33  33  33  33  33  44  44  44  51  51  51  ...
33  33  33  33  33  33  22  22  22  11  11  11  66  66  66  55  55  55  44  44  44  44  44  44  55  55  55  66  66  66  ...
22  22  22  22  22  22  11  11  11  00  00  00  00  00  00  66  66  66  55  55  55  55  55  55  66  66  66  00  00  00  ...
11  11  11  11  11  11  00  00  00  00  00  00  00  00  00  00  00  00  66  66  66  66  66  66  00  00  00  00  00  00  ...


BIN ALLOCATION OF DISTANCES:
1 6 5 1 5 5 
5 1 4 4 6 6 
6 6 1 3 4 6 
3 2 3 2 3 4 
1 1 3 5 2 3 
4 2 2 5 4 2 


BINS USED:
6 6 6 5 4 4 5 3 5 4 3 3 3 3 2 1 4 1 6 2 6 4 2 2 5 1 5 2 4 5 2 1 6 1 1 0 


TRANSITION SEQUENCE:
-1 -1 1 -1 0.428571 -1 -1 -1 -1 0.380952 -1 0.178571 0.202381 0.22619 -1 0 0.392857 0 0.607143 -1 -1 0.571429 0 -1 -1 -1 -1 0 -1 -1 0 -1 0.77381 -1 -1 0 


CORRELATION COEFFICIENT:          0.256294
DETECTION POWER:                  0.221384

