
Cycle found:
------------
110122305004024415203543133453214255
------------
Valid sequence 


NORMALIZED NEURAL MODEL:
-1.000000 -1.000000 -1.000000 -1.000000 -1.000000 -1.000000 
-1.000000 0.000000 0.392857 0.571429 0.773810 1.000000 
-1.000000 -1.000000 0.000000 0.178571 0.380952 0.607143 
-1.000000 -1.000000 -1.000000 0.000000 0.202381 0.428571 
-1.000000 -1.000000 -1.000000 -1.000000 0.000000 0.226190 
-1.000000 -1.000000 -1.000000 -1.000000 -1.000000 0.000000 

NORMALIZED GUIDE FUNCTION:
0 0.0557183 0.112778 0.170814 0.229456 0.288328 0.347052 0.405254 0.462558 0.518599 0.573016 0.625461 0.675595 0.723097 0.767662 0.809002 0.846851 0.880965 0.911123 0.937132 0.958821 0.97605 0.988707 0.996708 1 0.99856 0.992394 0.98154 0.966066 0.946067 0.921671 0.893031 0.86033 0.823774 0.783596 0.740051 


BIN SEQUENCE:
1 1 1 1 1 1 2 2 2 2 2 2 3 3 3 3 4 4 4 5 5 5 6 6 6 6 6 6 5 5 5 4 4 4 3 3 


SEQUENCE OF PREFERRED BINS:
11  11  11  11  11  11  22  22  22  22  22  22  33  33  33  33  44  44  44  55  55  55  66  66  66  66  66  66  55  55  ...
22  22  22  22  22  22  31  31  31  31  31  31  42  42  42  42  53  53  53  64  64  64  55  55  55  55  55  55  64  64  ...
33  33  33  33  33  33  44  44  44  44  44  44  51  51  51  51  62  62  62  33  33  33  44  44  44  44  44  44  33  33  ...
44  44  44  44  44  44  55  55  55  55  55  55  66  66  66  66  11  11  11  22  22  22  33  33  33  33  33  33  22  22  ...
55  55  55  55  55  55  66  66  66  66  66  66  00  00  00  00  00  00  00  11  11  11  22  22  22  22  22  22  11  11  ...
66  66  66  66  66  66  00  00  00  00  00  00  00  00  00  00  00  00  00  00  00  00  11  11  11  11  11  11  00  00  ...


BIN ALLOCATION OF DISTANCES:
2 1 5 6 2 2 
1 1 4 6 6 6 
4 6 1 3 4 6 
2 5 1 3 3 5 
2 3 1 5 3 4 
2 5 4 4 5 3 


BINS USED:
1 1 1 4 1 3 2 2 2 2 2 2 5 4 3 3 6 4 4 6 5 5 5 5 6 3 3 4 4 1 6 6 1 6 3 0 


TRANSITION SEQUENCE:
0 -1 -1 0.392857 0 0.178571 -1 -1 -1 -1 -1 -1 -1 0.380952 0 -1 1 -1 -1 -1 0.428571 -1 -1 -1 0.571429 0 0.202381 0.22619 -1 -1 -1 0.77381 -1 0.607143 0 0 


CORRELATION COEFFICIENT:          0.22659
DETECTION POWER:                  0.236114

