
Cycle found:
------------
540110313304241234435215053200225514
------------
Valid sequence 


NORMALIZED NEURAL MODEL:
-1.000000 -1.000000 -1.000000 -1.000000 -1.000000 -1.000000 
-1.000000 0.000000 0.392857 0.571429 0.773810 1.000000 
-1.000000 -1.000000 0.000000 0.178571 0.380952 0.607143 
-1.000000 -1.000000 -1.000000 0.000000 0.202381 0.428571 
-1.000000 -1.000000 -1.000000 -1.000000 0.000000 0.226190 
-1.000000 -1.000000 -1.000000 -1.000000 -1.000000 0.000000 

NORMALIZED GUIDE FUNCTION:
0 0.0556277 0.112603 0.170563 0.229136 0.287946 0.346619 0.404777 0.462048 0.518063 0.572465 0.624903 0.67504 0.722553 0.767137 0.808505 0.846389 0.880545 0.910751 0.936813 0.95856 0.975851 0.988572 0.99664 1 0.998628 0.992529 0.981741 0.96633 0.946392 0.922051 0.893462 0.860805 0.824288 0.784141 0.74062 


BIN SEQUENCE:
1 1 1 1 1 1 2 2 2 2 2 2 3 3 3 3 4 4 4 5 5 5 6 6 6 6 6 6 5 5 5 4 4 4 3 3 


SEQUENCE OF PREFERRED BINS:
11  11  11  11  11  11  22  22  22  22  22  22  33  33  33  33  44  44  44  55  55  55  66  66  66  66  66  66  55  55  ...
22  22  22  22  22  22  31  31  31  31  31  31  42  42  42  42  53  53  53  64  64  64  55  55  55  55  55  55  64  64  ...
33  33  33  33  33  33  44  44  44  44  44  44  51  51  51  51  62  62  62  33  33  33  44  44  44  44  44  44  33  33  ...
44  44  44  44  44  44  55  55  55  55  55  55  66  66  66  66  11  11  11  22  22  22  33  33  33  33  33  33  22  22  ...
55  55  55  55  55  55  66  66  66  66  66  66  00  00  00  00  00  00  00  11  11  11  22  22  22  22  22  22  11  11  ...
66  66  66  66  66  66  00  00  00  00  00  00  00  00  00  00  00  00  00  00  00  00  11  11  11  11  11  11  00  00  ...


BIN ALLOCATION OF DISTANCES:
2 1 3 1 2 5 
3 1 5 5 6 6 
6 6 2 4 4 6 
1 2 1 3 4 5 
2 3 2 5 3 4 
4 6 5 4 1 3 


BINS USED:
1 2 1 1 3 1 2 5 3 1 2 2 4 3 5 4 4 3 5 5 5 6 6 4 5 4 1 6 2 3 2 6 3 6 6 0 


TRANSITION SEQUENCE:
-1 -1 -1 0 -1 -1 -1 0.571429 0 -1 -1 -1 0.380952 -1 0.392857 0.178571 0.202381 0 -1 0.428571 -1 -1 1 -1 -1 -1 -1 -1 -1 -1 0 0.607143 0 -1 0.77381 0 


CORRELATION COEFFICIENT:          0.124049
DETECTION POWER:                  0.201168

