
Cycle found:
------------
011023134504200535125524330322154414
------------
Valid sequence 


NORMALIZED NEURAL MODEL:
-1.000000 -1.000000 -1.000000 -1.000000 -1.000000 -1.000000 
-1.000000 0.000000 0.392857 0.571429 0.773810 1.000000 
-1.000000 -1.000000 0.000000 0.178571 0.380952 0.607143 
-1.000000 -1.000000 -1.000000 0.000000 0.202381 0.428571 
-1.000000 -1.000000 -1.000000 -1.000000 0.000000 0.226190 
-1.000000 -1.000000 -1.000000 -1.000000 -1.000000 0.000000 

NORMALIZED GUIDE FUNCTION:
0 0.125816 0.246041 0.35968 0.465838 0.563724 0.652662 0.732089 0.801561 0.860758 0.909483 0.947662 0.975343 0.992694 1 0.997659 0.986177 0.966157 0.9383 0.903389 0.862285 0.815916 0.765265 0.711362 0.655272 0.598083 0.540895 0.484808 0.43091 0.380265 0.333904 0.29281 0.25791 0.230066 0.210061 0.198594 


BIN SEQUENCE:
1 1 1 2 3 3 3 4 4 5 5 5 6 6 6 6 6 6 5 5 5 4 4 4 4 3 3 3 2 2 2 2 2 1 1 1 


SEQUENCE OF PREFERRED BINS:
11  11  11  22  33  33  33  44  44  55  55  55  66  66  66  66  66  66  55  55  55  44  44  44  44  33  33  33  22  22  ...
22  22  22  31  42  42  42  53  53  64  64  64  55  55  55  55  55  55  64  64  64  53  53  53  53  42  42  42  31  31  ...
33  33  33  44  51  51  51  62  62  33  33  33  44  44  44  44  44  44  33  33  33  62  62  62  62  51  51  51  44  44  ...
44  44  44  55  66  66  66  11  11  22  22  22  33  33  33  33  33  33  22  22  22  11  11  11  11  66  66  66  55  55  ...
55  55  55  66  00  00  00  00  00  11  11  11  22  22  22  22  22  22  11  11  11  00  00  00  00  00  00  00  66  66  ...
66  66  66  00  00  00  00  00  00  00  00  00  11  11  11  11  11  11  00  00  00  00  00  00  00  00  00  00  00  00  ...


BIN ALLOCATION OF DISTANCES:
6 1 3 4 5 4 
3 1 5 5 6 6 
6 2 1 3 4 6 
2 3 2 2 4 5 
1 1 6 3 2 4 
5 4 2 5 1 3 


BINS USED:
1 1 3 3 3 3 5 4 4 5 5 6 6 6 4 5 5 4 5 6 3 2 4 3 2 2 4 2 1 2 6 1 2 1 6 0 


TRANSITION SEQUENCE:
-1 0 -1 -1 0.178571 -1 0.571429 0.202381 0.22619 -1 -1 -1 -1 -1 -1 -1 0.428571 -1 0.392857 0.607143 0 -1 0.380952 -1 0 -1 -1 -1 0 -1 1 -1 0 -1 0.77381 0 


CORRELATION COEFFICIENT:          0.0639261
DETECTION POWER:                  0.120556

