Unable to find a valid Hamiltonian Circuit.
Elapsed time: 2 seconds. Trying again...

Cycle found:
------------
104143052545312420032113440223351550
------------
Valid sequence 


NORMALIZED NEURAL MODEL:
-1.000000 -1.000000 -1.000000 -1.000000 -1.000000 -1.000000 
-1.000000 0.000000 0.392857 0.571429 0.773810 1.000000 
-1.000000 -1.000000 0.000000 0.178571 0.380952 0.607143 
-1.000000 -1.000000 -1.000000 0.000000 0.202381 0.428571 
-1.000000 -1.000000 -1.000000 -1.000000 0.000000 0.226190 
-1.000000 -1.000000 -1.000000 -1.000000 -1.000000 0.000000 

NORMALIZED GUIDE FUNCTION:
1 0.964359 0.926329 0.886157 0.844104 0.800441 0.75545 0.70942 0.662649 0.615436 0.568084 0.520896 0.474176 0.42822 0.383322 0.339768 0.297834 0.257788 0.219883 0.184358 0.151438 0.121329 0.0942203 0.0702815 0.0496611 0.0324864 0.0188625 0.00887154 0.00257236 0 0.00116563 0.00605645 0.0146358 0.0268436 0.0425964 0.0617882 


BIN SEQUENCE:
6 6 6 6 6 6 5 5 5 5 5 5 4 4 4 4 4 4 3 3 3 3 3 3 2 2 2 1 1 1 1 1 1 2 2 2 


SEQUENCE OF PREFERRED BINS:
66  66  66  66  66  66  55  55  55  55  55  55  44  44  44  44  44  44  33  33  33  33  33  33  22  22  22  11  11  11  ...
55  55  55  55  55  55  64  64  64  64  64  64  53  53  53  53  53  53  42  42  42  42  42  42  31  31  31  22  22  22  ...
44  44  44  44  44  44  33  33  33  33  33  33  62  62  62  62  62  62  51  51  51  51  51  51  44  44  44  33  33  33  ...
33  33  33  33  33  33  22  22  22  22  22  22  11  11  11  11  11  11  66  66  66  66  66  66  55  55  55  44  44  44  ...
22  22  22  22  22  22  11  11  11  11  11  11  00  00  00  00  00  00  00  00  00  00  00  00  66  66  66  55  55  55  ...
11  11  11  11  11  11  00  00  00  00  00  00  00  00  00  00  00  00  00  00  00  00  00  00  00  00  00  66  66  66  ...


BIN ALLOCATION OF DISTANCES:
5 3 2 2 6 5 
6 1 4 5 6 6 
4 4 1 2 4 5 
6 4 3 1 3 5 
2 6 2 4 1 3 
2 1 5 3 3 1 


BINS USED:
6 6 6 6 4 6 5 5 5 3 3 3 4 4 4 2 4 5 2 3 4 1 5 3 1 2 2 1 2 1 5 1 6 1 2 0 


TRANSITION SEQUENCE:
-1 -1 -1 0.77381 -1 -1 -1 -1 0.607143 -1 0.22619 -1 -1 0.392857 0.380952 -1 -1 -1 -1 -1 -1 0 0.571429 0.202381 0 -1 -1 0 0.178571 0 0.428571 -1 1 0 -1 0 


CORRELATION COEFFICIENT:          0.249372
DETECTION POWER:                  0.224446

