
Cycle found:
------------
425241443135023215510345405330112200
------------
Valid sequence 


NORMALIZED NEURAL MODEL:
-1.000000 -1.000000 -1.000000 -1.000000 -1.000000 -1.000000 
-1.000000 0.000000 0.392857 0.571429 0.773810 1.000000 
-1.000000 -1.000000 0.000000 0.178571 0.380952 0.607143 
-1.000000 -1.000000 -1.000000 0.000000 0.202381 0.428571 
-1.000000 -1.000000 -1.000000 -1.000000 0.000000 0.226190 
-1.000000 -1.000000 -1.000000 -1.000000 -1.000000 0.000000 

NORMALIZED GUIDE FUNCTION:
1 0.961575 0.920885 0.878191 0.833765 0.787892 0.740866 0.692989 0.644566 0.595908 0.547326 0.499132 0.451634 0.405136 0.359937 0.316326 0.274582 0.234972 0.19775 0.163155 0.131408 0.102713 0.0772529 0.0551915 0.0366699 0.0218067 0.0106973 0.00341287 0 0.000480638 0.00485175 0.0130854 0.0251288 0.040905 0.0603128 0.0832281 


BIN SEQUENCE:
6 6 6 6 6 6 5 5 5 5 5 5 4 4 4 4 4 4 3 3 3 3 3 2 2 2 1 1 1 1 1 1 2 2 2 3 


SEQUENCE OF PREFERRED BINS:
66  66  66  66  66  66  55  55  55  55  55  55  44  44  44  44  44  44  33  33  33  33  33  22  22  22  11  11  11  11  ...
55  55  55  55  55  55  64  64  64  64  64  64  53  53  53  53  53  53  42  42  42  42  42  31  31  31  22  22  22  22  ...
44  44  44  44  44  44  33  33  33  33  33  33  62  62  62  62  62  62  51  51  51  51  51  44  44  44  33  33  33  33  ...
33  33  33  33  33  33  22  22  22  22  22  22  11  11  11  11  11  11  66  66  66  66  66  55  55  55  44  44  44  44  ...
22  22  22  22  22  22  11  11  11  11  11  11  00  00  00  00  00  00  00  00  00  00  00  66  66  66  55  55  55  55  ...
11  11  11  11  11  11  00  00  00  00  00  00  00  00  00  00  00  00  00  00  00  00  00  00  00  00  66  66  66  66  ...


BIN ALLOCATION OF DISTANCES:
5 5 4 4 1 5 
1 1 6 6 6 6 
2 2 1 3 5 6 
2 5 4 2 3 6 
2 4 4 3 3 3 
4 2 5 1 1 3 


BINS USED:
4 6 5 5 4 6 3 3 5 6 6 4 4 3 4 2 6 3 2 1 4 3 3 1 2 5 1 2 2 5 1 6 1 2 5 0 


TRANSITION SEQUENCE:
-1 0.607143 -1 0.380952 -1 0.77381 0 -1 -1 0.571429 0.428571 -1 -1 0.178571 -1 -1 1 0 -1 -1 -1 0.202381 0.22619 -1 -1 -1 -1 0 -1 -1 0 0.392857 0 -1 -1 0 


CORRELATION COEFFICIENT:          0.325293
DETECTION POWER:                  0.218565

