
Cycle found:
------------
011051340304544200255352124143223315
------------
Valid sequence 


NORMALIZED NEURAL MODEL:
-1.000000 -1.000000 -1.000000 -1.000000 -1.000000 -1.000000 
-1.000000 0.000000 0.392857 0.571429 0.773810 1.000000 
-1.000000 -1.000000 0.000000 0.178571 0.380952 0.607143 
-1.000000 -1.000000 -1.000000 0.000000 0.202381 0.428571 
-1.000000 -1.000000 -1.000000 -1.000000 0.000000 0.226190 
-1.000000 -1.000000 -1.000000 -1.000000 -1.000000 0.000000 

NORMALIZED GUIDE FUNCTION:
0.0668263 0.157199 0.24553 0.331253 0.413819 0.492699 0.567386 0.637403 0.7023 0.761661 0.815106 0.86229 0.902911 0.936709 0.963466 0.983009 0.995214 1 0.997337 0.98724 0.969773 0.945048 0.913222 0.874498 0.829124 0.777388 0.719623 0.656196 0.587515 0.514017 0.436174 0.354483 0.269468 0.181672 0.091657 0 


BIN SEQUENCE:
1 1 1 2 2 2 3 3 3 4 4 4 5 5 5 6 6 6 6 6 6 5 5 5 4 4 4 3 3 3 2 2 2 1 1 1 


SEQUENCE OF PREFERRED BINS:
11  11  11  22  22  22  33  33  33  44  44  44  55  55  55  66  66  66  66  66  66  55  55  55  44  44  44  33  33  33  ...
22  22  22  31  31  31  42  42  42  53  53  53  64  64  64  55  55  55  55  55  55  64  64  64  53  53  53  42  42  42  ...
33  33  33  44  44  44  51  51  51  62  62  62  33  33  33  44  44  44  44  44  44  33  33  33  62  62  62  51  51  51  ...
44  44  44  55  55  55  66  66  66  11  11  11  22  22  22  33  33  33  33  33  33  22  22  22  11  11  11  66  66  66  ...
55  55  55  66  66  66  00  00  00  00  00  00  11  11  11  22  22  22  22  22  22  11  11  11  00  00  00  00  00  00  ...
66  66  66  00  00  00  00  00  00  00  00  00  00  00  00  11  11  11  11  11  11  00  00  00  00  00  00  00  00  00  ...


BIN ALLOCATION OF DISTANCES:
6 1 6 5 5 4 
4 1 5 5 6 6 
6 4 2 3 4 5 
4 2 3 2 3 5 
3 1 1 1 2 4 
3 2 1 2 6 3 


BINS USED:
1 1 4 4 2 5 3 3 5 4 5 4 6 2 1 6 6 6 5 3 2 5 1 4 5 4 1 6 1 3 2 3 2 2 6 0 


TRANSITION SEQUENCE:
-1 0 -1 -1 -1 0.571429 0.202381 -1 -1 -1 -1 0.22619 -1 0 -1 -1 -1 -1 0.607143 0 -1 0.428571 -1 -1 0.392857 0.380952 -1 0.77381 -1 -1 0 0.178571 0 -1 1 0 


CORRELATION COEFFICIENT:          0.0444254
DETECTION POWER:                  0.168683

