
Cycle found:
------------
455253512313410021150320405443301422
------------
Valid sequence 


NORMALIZED NEURAL MODEL:
-1.000000 -1.000000 -1.000000 -1.000000 -1.000000 -1.000000 
-1.000000 0.000000 0.392857 0.571429 0.773810 1.000000 
-1.000000 -1.000000 0.000000 0.178571 0.380952 0.607143 
-1.000000 -1.000000 -1.000000 0.000000 0.202381 0.428571 
-1.000000 -1.000000 -1.000000 -1.000000 0.000000 0.226190 
-1.000000 -1.000000 -1.000000 -1.000000 -1.000000 0.000000 

NORMALIZED GUIDE FUNCTION:
1 0.935292 0.869855 0.804109 0.738474 0.67337 0.609215 0.54642 0.485386 0.426504 0.370151 0.316688 0.266457 0.21978 0.176955 0.138256 0.103931 0.0741987 0.0492504 0.0292448 0.0143099 0.00454089 0 0.000715925 0.00668371 0.0178648 0.0341871 0.0555458 0.0818037 0.112792 0.148313 0.188137 0.232011 0.279651 0.330754 0.384991 


BIN SEQUENCE:
6 6 6 6 6 6 5 5 5 5 5 4 4 4 3 3 3 2 2 2 1 1 1 1 1 1 2 2 2 3 3 3 4 4 4 5 


SEQUENCE OF PREFERRED BINS:
66  66  66  66  66  66  55  55  55  55  55  44  44  44  33  33  33  22  22  22  11  11  11  11  11  11  22  22  22  33  ...
55  55  55  55  55  55  64  64  64  64  64  53  53  53  42  42  42  31  31  31  22  22  22  22  22  22  31  31  31  42  ...
44  44  44  44  44  44  33  33  33  33  33  62  62  62  51  51  51  44  44  44  33  33  33  33  33  33  44  44  44  51  ...
33  33  33  33  33  33  22  22  22  22  22  11  11  11  66  66  66  55  55  55  44  44  44  44  44  44  55  55  55  66  ...
22  22  22  22  22  22  11  11  11  11  11  00  00  00  00  00  00  66  66  66  55  55  55  55  55  55  66  66  66  00  ...
11  11  11  11  11  11  00  00  00  00  00  00  00  00  00  00  00  00  00  00  66  66  66  66  66  66  00  00  00  00  ...


BIN ALLOCATION OF DISTANCES:
4 6 4 1 5 5 
4 2 5 6 6 6 
1 3 2 4 5 6 
5 5 2 2 4 6 
1 3 1 3 2 4 
1 2 3 3 1 3 


BINS USED:
4 3 3 6 3 6 2 5 4 5 6 4 3 4 4 4 3 2 6 1 1 2 1 5 1 5 1 2 3 2 5 6 6 1 2 0 


TRANSITION SEQUENCE:
0.22619 0 -1 0.607143 -1 0.428571 -1 0.392857 0.178571 -1 0.571429 0.202381 -1 -1 -1 -1 -1 0 1 -1 -1 -1 -1 -1 -1 -1 -1 0 -1 0 -1 -1 0.77381 -1 0 0 


CORRELATION COEFFICIENT:          -0.0244432
DETECTION POWER:                  0.217051

