
Cycle found:
------------
024030432331011221344255005453514152
------------
Valid sequence 


NORMALIZED NEURAL MODEL:
-1.000000 -1.000000 -1.000000 -1.000000 -1.000000 -1.000000 
-1.000000 0.000000 0.392857 0.571429 0.773810 1.000000 
-1.000000 -1.000000 0.000000 0.178571 0.380952 0.607143 
-1.000000 -1.000000 -1.000000 0.000000 0.202381 0.428571 
-1.000000 -1.000000 -1.000000 -1.000000 0.000000 0.226190 
-1.000000 -1.000000 -1.000000 -1.000000 -1.000000 0.000000 

NORMALIZED GUIDE FUNCTION:
0.655643 0.581475 0.510029 0.441759 0.377101 0.316463 0.26023 0.208758 0.162371 0.121361 0.0859851 0.0564641 0.0329808 0.0156795 0.00466452 0 0.00170924 0.00977474 0.0241383 0.0447015 0.0713263 0.103836 0.142016 0.185617 0.234353 0.287907 0.345932 0.408051 0.473862 0.54294 0.61484 0.689098 0.765236 0.842765 0.921188 1 


BIN SEQUENCE:
6 5 5 5 4 4 4 3 3 3 2 2 2 1 1 1 1 1 1 2 2 2 3 3 3 4 4 4 5 5 5 6 6 6 6 6 


SEQUENCE OF PREFERRED BINS:
66  55  55  55  44  44  44  33  33  33  22  22  22  11  11  11  11  11  11  22  22  22  33  33  33  44  44  44  55  55  ...
55  64  64  64  53  53  53  42  42  42  31  31  31  22  22  22  22  22  22  31  31  31  42  42  42  53  53  53  64  64  ...
44  33  33  33  62  62  62  51  51  51  44  44  44  33  33  33  33  33  33  44  44  44  51  51  51  62  62  62  33  33  ...
33  22  22  22  11  11  11  66  66  66  55  55  55  44  44  44  44  44  44  55  55  55  66  66  66  11  11  11  22  22  ...
22  11  11  11  00  00  00  00  00  00  66  66  66  55  55  55  55  55  55  66  66  66  00  00  00  00  00  00  11  11  ...
11  00  00  00  00  00  00  00  00  00  00  00  00  66  66  66  66  66  66  00  00  00  00  00  00  00  00  00  00  00  ...


BIN ALLOCATION OF DISTANCES:
3 3 5 4 3 3 
2 1 5 6 6 6 
1 1 1 2 5 6 
4 1 4 2 4 5 
5 6 3 3 2 5 
4 1 6 2 4 2 


BINS USED:
5 5 5 4 4 3 3 4 2 2 1 2 3 1 5 1 1 6 4 2 3 6 2 4 3 3 4 5 2 5 1 6 6 6 6 0 


TRANSITION SEQUENCE:
-1 0.380952 -1 -1 -1 -1 -1 -1 0.178571 0 -1 -1 -1 0 0.392857 0 -1 0.571429 0.202381 0 -1 0.607143 0 -1 -1 -1 -1 0.22619 -1 0.428571 -1 0.77381 -1 1 -1 0 


CORRELATION COEFFICIENT:          0.301476
DETECTION POWER:                  0.296363

