
Cycle found:
------------
003253543424551011213144150523302204
------------
Valid sequence 


NORMALIZED NEURAL MODEL:
-1.000000 -1.000000 -1.000000 -1.000000 -1.000000 -1.000000 
-1.000000 0.000000 0.392857 0.571429 0.773810 1.000000 
-1.000000 -1.000000 0.000000 0.178571 0.380952 0.607143 
-1.000000 -1.000000 -1.000000 0.000000 0.202381 0.428571 
-1.000000 -1.000000 -1.000000 -1.000000 0.000000 0.226190 
-1.000000 -1.000000 -1.000000 -1.000000 -1.000000 0.000000 

NORMALIZED GUIDE FUNCTION:
1 0.920896 0.842236 0.764523 0.688255 0.613919 0.54199 0.472927 0.40717 0.34514 0.28723 0.23381 0.185219 0.141765 0.103723 0.071335 0.0448041 0.024297 0.00994171 0.00182657 0 0.00447011 0.0152047 0.0321314 0.0551383 0.0840747 0.118752 0.158944 0.204392 0.2548 0.309844 0.369168 0.432389 0.499102 0.568876 0.641263 


BIN SEQUENCE:
6 6 6 6 6 5 5 5 4 4 4 3 3 3 2 2 2 1 1 1 1 1 1 2 2 2 3 3 3 4 4 4 5 5 5 6 


SEQUENCE OF PREFERRED BINS:
66  66  66  66  66  55  55  55  44  44  44  33  33  33  22  22  22  11  11  11  11  11  11  22  22  22  33  33  33  44  ...
55  55  55  55  55  64  64  64  53  53  53  42  42  42  31  31  31  22  22  22  22  22  22  31  31  31  42  42  42  53  ...
44  44  44  44  44  33  33  33  62  62  62  51  51  51  44  44  44  33  33  33  33  33  33  44  44  44  51  51  51  62  ...
33  33  33  33  33  22  22  22  11  11  11  66  66  66  55  55  55  44  44  44  44  44  44  55  55  55  66  66  66  11  ...
22  22  22  22  22  11  11  11  00  00  00  00  00  00  66  66  66  55  55  55  55  55  55  66  66  66  00  00  00  00  ...
11  11  11  11  11  00  00  00  00  00  00  00  00  00  00  00  00  66  66  66  66  66  66  00  00  00  00  00  00  00  ...


BIN ALLOCATION OF DISTANCES:
6 2 5 6 4 2 
1 1 4 5 5 6 
1 1 2 3 4 5 
2 1 6 2 3 5 
6 6 3 5 3 3 
2 4 1 4 4 3 


BINS USED:
6 6 6 5 4 5 4 5 3 3 4 3 3 4 1 2 1 4 1 5 1 5 3 6 6 2 2 1 3 2 2 5 2 1 4 0 


TRANSITION SEQUENCE:
-1 -1 -1 0.607143 -1 0.428571 -1 -1 0.202381 -1 0.380952 0.22619 0 -1 -1 -1 0 0.392857 -1 0.571429 -1 0.77381 0 -1 1 -1 -1 -1 0.178571 0 -1 -1 0 -1 -1 0 


CORRELATION COEFFICIENT:          -0.078506
DETECTION POWER:                  0.312751

