
Cycle found:
------------
544220011023031213415325145240433550
------------
Valid sequence 


NORMALIZED NEURAL MODEL:
-1.000000 -1.000000 -1.000000 -1.000000 -1.000000 -1.000000 
-1.000000 0.000000 0.392857 0.571429 0.773810 1.000000 
-1.000000 -1.000000 0.000000 0.178571 0.380952 0.607143 
-1.000000 -1.000000 -1.000000 0.000000 0.202381 0.428571 
-1.000000 -1.000000 -1.000000 -1.000000 0.000000 0.226190 
-1.000000 -1.000000 -1.000000 -1.000000 -1.000000 0.000000 

NORMALIZED GUIDE FUNCTION:
0 0.0582671 0.117711 0.177952 0.238604 0.299278 0.359587 0.419143 0.477564 0.534478 0.589518 0.642331 0.692579 0.73994 0.784108 0.824801 0.861757 0.894739 0.923533 0.947955 0.967848 0.983082 0.993559 0.999211 1 0.99592 0.986997 0.973286 0.954873 0.931877 0.904442 0.872744 0.836984 0.797391 0.754217 0.707739 


BIN SEQUENCE:
1 1 1 1 1 1 2 2 2 2 2 2 3 3 3 4 4 4 5 5 5 6 6 6 6 6 6 5 5 5 4 4 4 3 3 3 


SEQUENCE OF PREFERRED BINS:
11  11  11  11  11  11  22  22  22  22  22  22  33  33  33  44  44  44  55  55  55  66  66  66  66  66  66  55  55  55  ...
22  22  22  22  22  22  31  31  31  31  31  31  42  42  42  53  53  53  64  64  64  55  55  55  55  55  55  64  64  64  ...
33  33  33  33  33  33  44  44  44  44  44  44  51  51  51  62  62  62  33  33  33  44  44  44  44  44  44  33  33  33  ...
44  44  44  44  44  44  55  55  55  55  55  55  66  66  66  11  11  11  22  22  22  33  33  33  33  33  33  22  22  22  ...
55  55  55  55  55  55  66  66  66  66  66  66  00  00  00  00  00  00  11  11  11  22  22  22  22  22  22  11  11  11  ...
66  66  66  66  66  66  00  00  00  00  00  00  00  00  00  00  00  00  00  00  00  11  11  11  11  11  11  00  00  00  ...


BIN ALLOCATION OF DISTANCES:
2 2 4 4 5 6 
4 1 5 6 6 6 
2 4 1 3 5 6 
2 3 5 1 3 5 
3 5 2 2 1 3 
1 6 4 4 1 3 


BINS USED:
1 1 2 1 2 2 2 1 4 4 3 2 4 3 5 4 6 3 5 6 4 5 6 6 6 3 4 5 3 5 2 1 5 3 1 0 


TRANSITION SEQUENCE:
-1 0 -1 0 -1 -1 -1 0 -1 -1 0.178571 -1 -1 -1 0.392857 -1 0.571429 0.202381 -1 1 -1 -1 0.607143 -1 0.77381 0.22619 -1 0.380952 -1 -1 -1 0 0.428571 0 -1 0 


CORRELATION COEFFICIENT:          0.373698
DETECTION POWER:                  0.470803

