
Cycle found:
------------
302450012140525135542332204411034315
------------
Valid sequence 


NORMALIZED NEURAL MODEL:
-1.000000 -1.000000 -1.000000 -1.000000 -1.000000 -1.000000 
-1.000000 0.000000 0.392857 0.571429 0.773810 1.000000 
-1.000000 -1.000000 0.000000 0.178571 0.380952 0.607143 
-1.000000 -1.000000 -1.000000 0.000000 0.202381 0.428571 
-1.000000 -1.000000 -1.000000 -1.000000 0.000000 0.226190 
-1.000000 -1.000000 -1.000000 -1.000000 -1.000000 0.000000 

NORMALIZED GUIDE FUNCTION:
0.718349 0.763609 0.805603 0.844062 0.878735 0.909399 0.935856 0.957932 0.975485 0.988399 0.996589 1 0.998607 0.992416 0.981464 0.965819 0.945578 0.920869 0.891846 0.858694 0.821623 0.780867 0.736687 0.689362 0.639195 0.586505 0.531628 0.474916 0.416729 0.35744 0.297428 0.237077 0.176774 0.116906 0.0578545 0 


BIN SEQUENCE:
3 3 3 4 4 4 5 5 5 6 6 6 6 6 6 5 5 5 4 4 4 3 3 3 2 2 2 2 2 2 1 1 1 1 1 1 


SEQUENCE OF PREFERRED BINS:
33  33  33  44  44  44  55  55  55  66  66  66  66  66  66  55  55  55  44  44  44  33  33  33  22  22  22  22  22  22  ...
42  42  42  53  53  53  64  64  64  55  55  55  55  55  55  64  64  64  53  53  53  42  42  42  31  31  31  31  31  31  ...
51  51  51  62  62  62  33  33  33  44  44  44  44  44  44  33  33  33  62  62  62  51  51  51  44  44  44  44  44  44  ...
66  66  66  11  11  11  22  22  22  33  33  33  33  33  33  22  22  22  11  11  11  66  66  66  55  55  55  55  55  55  ...
00  00  00  00  00  00  11  11  11  22  22  22  22  22  22  11  11  11  00  00  00  00  00  00  66  66  66  66  66  66  ...
00  00  00  00  00  00  00  00  00  11  11  11  11  11  11  00  00  00  00  00  00  00  00  00  00  00  00  00  00  00  ...


BIN ALLOCATION OF DISTANCES:
3 5 3 2 2 6 
6 1 5 6 6 6 
1 5 1 4 4 6 
3 5 4 2 4 5 
3 1 3 1 2 4 
4 3 5 1 2 2 


BINS USED:
3 3 4 4 4 3 5 5 5 6 3 6 5 6 3 6 5 2 2 3 4 2 4 1 1 2 2 1 1 6 2 4 1 5 6 0 


TRANSITION SEQUENCE:
-1 -1 0.380952 0.22619 -1 -1 -1 0.392857 -1 0.77381 -1 -1 -1 0.607143 -1 0.571429 0.428571 0 -1 -1 0.178571 0 -1 0 -1 -1 0 -1 0 -1 -1 0.202381 -1 -1 1 0 


CORRELATION COEFFICIENT:          0.0864367
DETECTION POWER:                  0.350885

