
Cycle found:
------------
233443004511240253135010321420554152
------------
Valid sequence 


NORMALIZED NEURAL MODEL:
-1.000000 -1.000000 -1.000000 -1.000000 -1.000000 -1.000000 
-1.000000 0.000000 0.392857 0.571429 0.773810 1.000000 
-1.000000 -1.000000 0.000000 0.178571 0.380952 0.607143 
-1.000000 -1.000000 -1.000000 0.000000 0.202381 0.428571 
-1.000000 -1.000000 -1.000000 -1.000000 0.000000 0.226190 
-1.000000 -1.000000 -1.000000 -1.000000 -1.000000 0.000000 

NORMALIZED GUIDE FUNCTION:
0 0.032029 0.0665847 0.103446 0.142376 0.183125 0.225432 0.269027 0.313629 0.358953 0.404709 0.450603 0.496342 0.541633 0.586185 0.629714 0.671941 0.712595 0.751417 0.788158 0.822583 0.854472 0.883621 0.909844 0.932973 0.952861 0.969379 0.982424 0.991913 0.997783 1 0.998549 0.993439 0.984704 0.972401 0.956608 


BIN SEQUENCE:
1 1 1 1 1 1 2 2 2 2 2 2 3 3 3 3 3 3 4 4 4 4 4 4 5 5 5 5 6 6 6 6 6 6 5 5 


SEQUENCE OF PREFERRED BINS:
11  11  11  11  11  11  22  22  22  22  22  22  33  33  33  33  33  33  44  44  44  44  44  44  55  55  55  55  66  66  ...
22  22  22  22  22  22  31  31  31  31  31  31  42  42  42  42  42  42  53  53  53  53  53  53  64  64  64  64  55  55  ...
33  33  33  33  33  33  44  44  44  44  44  44  51  51  51  51  51  51  62  62  62  62  62  62  33  33  33  33  44  44  ...
44  44  44  44  44  44  55  55  55  55  55  55  66  66  66  66  66  66  11  11  11  11  11  11  22  22  22  22  33  33  ...
55  55  55  55  55  55  66  66  66  66  66  66  00  00  00  00  00  00  00  00  00  00  00  00  11  11  11  11  22  22  ...
66  66  66  66  66  66  00  00  00  00  00  00  00  00  00  00  00  00  00  00  00  00  00  00  00  00  00  00  11  11  ...


BIN ALLOCATION OF DISTANCES:
4 5 4 5 4 6 
6 1 3 5 6 6 
6 6 1 2 3 5 
2 4 5 1 2 5 
3 3 4 2 1 3 
4 2 1 3 1 2 


BINS USED:
2 1 2 1 2 2 4 4 3 2 1 3 3 3 4 5 3 4 5 5 4 5 6 5 5 6 6 4 6 6 2 1 3 6 1 0 


TRANSITION SEQUENCE:
0.178571 0 0.202381 0 -1 -1 -1 -1 0.22619 -1 0 0.392857 0.380952 -1 -1 0.607143 -1 -1 0.571429 0.428571 -1 -1 -1 -1 -1 -1 0.77381 -1 -1 -1 0 -1 -1 1 -1 0 


CORRELATION COEFFICIENT:          0.340262
DETECTION POWER:                  0.306531

