
Cycle found:
------------
404252120100223303411435055131544532
------------
Valid sequence 


NORMALIZED NEURAL MODEL:
-1.000000 -1.000000 -1.000000 -1.000000 -1.000000 -1.000000 
-1.000000 0.000000 0.392857 0.571429 0.773810 1.000000 
-1.000000 -1.000000 0.000000 0.178571 0.380952 0.607143 
-1.000000 -1.000000 -1.000000 0.000000 0.202381 0.428571 
-1.000000 -1.000000 -1.000000 -1.000000 0.000000 0.226190 
-1.000000 -1.000000 -1.000000 -1.000000 -1.000000 0.000000 

NORMALIZED GUIDE FUNCTION:
1 0.908571 0.818757 0.731135 0.646264 0.564689 0.486932 0.413492 0.344839 0.281414 0.223622 0.171834 0.126382 0.0875582 0.0556107 0.0307448 0.01312 0.00284971 0 0.00458952 0.0165893 0.0359227 0.0624665 0.0960509 0.136461 0.183439 0.236683 0.295854 0.360572 0.430423 0.504961 0.583707 0.666158 0.751786 0.840043 0.930363 


BIN SEQUENCE:
6 6 6 5 5 5 4 4 4 3 3 3 2 2 2 1 1 1 1 1 1 2 2 2 3 3 3 4 4 4 5 5 5 6 6 6 


SEQUENCE OF PREFERRED BINS:
66  66  66  55  55  55  44  44  44  33  33  33  22  22  22  11  11  11  11  11  11  22  22  22  33  33  33  44  44  44  ...
55  55  55  64  64  64  53  53  53  42  42  42  31  31  31  22  22  22  22  22  22  31  31  31  42  42  42  53  53  53  ...
44  44  44  33  33  33  62  62  62  51  51  51  44  44  44  33  33  33  33  33  33  44  44  44  51  51  51  62  62  62  ...
33  33  33  22  22  22  11  11  11  66  66  66  55  55  55  44  44  44  44  44  44  55  55  55  66  66  66  11  11  11  ...
22  22  22  11  11  11  00  00  00  00  00  00  66  66  66  55  55  55  55  55  55  66  66  66  00  00  00  00  00  00  ...
11  11  11  00  00  00  00  00  00  00  00  00  00  00  00  66  66  66  66  66  66  00  00  00  00  00  00  00  00  00  ...


BIN ALLOCATION OF DISTANCES:
3 4 2 1 6 1 
3 2 4 5 5 6 
4 5 2 3 4 5 
1 6 5 2 3 5 
6 1 6 1 3 4 
2 4 6 1 2 3 


BINS USED:
6 6 6 5 6 5 4 4 4 3 3 2 2 3 2 1 1 3 1 2 5 1 5 2 1 3 4 5 6 6 2 3 4 1 5 0 


TRANSITION SEQUENCE:
-1 -1 -1 0.607143 -1 -1 0.392857 -1 -1 -1 -1 -1 0 0.178571 0 -1 -1 0.202381 -1 0 0.77381 -1 0.428571 -1 -1 0 -1 0.571429 -1 1 -1 0 0.22619 -1 -1 0 


CORRELATION COEFFICIENT:          0.0349634
DETECTION POWER:                  0.284463

